1.534145
1.050154
1.145072
1.256880
1.351416
1.046250
1.584249
1.723921
0.952798
1.382062
1.006819
0.850016
1.245072
1.666308
0.911994
1.922347
1.986014
1.377924
1.568382
1.896531
1.775389
1.956847
1.733233
1.973893
1.554729
1.902876
0.899548
0.836078
1.977488
1.349047
1.641035
1.970943
1.997826
1.709267
1.940567
0.920506
1.410108
1.263037
1.595165
1.508152
1.632644
1.815487
1.913388
0.981431
1.890816
1.643473
0.893381
1.933251
1.320084
1.251898
0.950493
1.979658
1.326136
1.960283
1.918205
1.358605
1.912563
1.038679
0.924919
1.873851
1.934903
1.960493
1.608135
1.297624
1.290224
1.404741
1.828279
1.239889
1.905931
1.898885
1.816784
1.803999
1.825137
1.643759
1.346252
1.461605
1.901105
1.845729
1.979240
1.940896
1.836266
1.698277
1.252890
1.254891
1.602223
1.961770
1.743758
1.537796
1.250299
1.898300
1.255648
1.692456
1.642598
0.918218
1.631508
1.701060
1.989653
1.786909
1.824040
1.752464
1.995557
1.931541
1.764430
1.830962
1.265345
1.535081
1.864033
1.977330
1.716632
1.783176
1.076660
1.623616
1.987134
1.913795
1.824737
1.890163
1.768701
1.778311
1.908811
1.089458
1.944042
1.311632
1.735975
1.558070
1.013567
1.380100
1.682766
1.755979
0.775902
0.927773
0.973965
1.701998
1.935589
1.477755
1.567382
1.978360
1.837261
1.467919
1.866205
1.634136
1.946737
1.669124
1.687680
1.735773
1.976023
1.488794
1.690778
1.450060
1.659831
1.944237
1.484257
1.880390
0.982020
1.552050
1.878750
1.862596
1.526093
1.679315
1.862059
1.301847
0.830829
1.718923
1.678742
1.805726
1.919836
1.155054
0.908750
1.459937
0.947720
1.744994
1.660780
1.499960
1.340403
1.621032
1.102321
