1.995565
1.704894
1.957776
1.894753
1.896296
1.799286
1.868620
1.990501
1.766694
1.871628
1.608611
1.845043
1.861813
1.854313
1.596527
1.673285
1.885717
1.860736
1.732901
1.687789
1.839473
1.917390
1.800535
1.724360
1.873878
1.916329
1.721701
1.811458
1.959827
1.736131
1.660811
1.957393
1.854654
1.799331
1.947523
1.861794
1.676107
1.985815
1.514379
1.690443
1.813317
1.759296
1.912759
1.701992
1.589801
1.568520
1.698088
1.428331
1.652365
1.900832
1.783983
1.978943
1.683598
1.864268
1.881691
1.703083
1.720720
1.997963
1.719534
1.701392
1.706756
1.924421
1.925513
1.715109
1.504685
1.783577
1.908508
1.749459
1.509423
1.509591
1.641840
1.313378
1.883261
1.819887
1.784383
1.588364
1.641478
1.925165
1.790368
1.728772
1.598005
1.306901
1.654990
1.412803
1.593615
1.373012
1.985610
1.715336
1.858697
1.649478
1.317653
1.867171
1.709865
