1.492299
1.310538
1.823905
1.788740
1.280427
1.150316
1.446252
1.798834
1.371500
1.800098
1.798308
1.766412
1.695415
1.432469
1.741087
0.447362
1.164151
1.202644
1.773507
1.265988
1.704856
0.852424
1.648310
1.502779
1.770292
1.867486
1.537888
1.013839
1.759090
1.422182
1.479266
1.724558
1.306500
1.379861
1.634192
1.260491
1.173978
1.162329
1.713815
0.976376
1.667926
1.212337
1.066786
1.638080
1.237468
1.179675
1.289363
1.134083
1.299382
1.768459
1.033710
1.868774
1.843843
1.480190
1.185329
1.528201
1.221276
1.600151
0.901667
1.253446
1.359961
1.702667
1.899947
1.947854
1.766726
1.361377
1.554602
1.219041
1.599688
1.934074
1.959056
1.754867
1.442982
1.458990
1.009542
1.867612
1.902171
1.835137
1.972130
1.217927
1.354533
1.733180
1.432817
0.634274
1.717031
1.520027
1.623958
1.291786
1.784730
0.830042
1.717960
1.694489
0.781202
1.186248
1.570574
1.257918
0.858638
0.426252
1.400400
1.229474
0.854564
1.381767
1.949922
1.886903
1.826255
1.336098
1.550981
1.940179
1.701924
1.438370
0.140867
1.843285
1.635282
1.617674
1.799046
0.662568
1.780532
1.838322
1.935969
1.658790
1.045487
1.753681
1.499622
1.915717
1.340413
1.791967
1.628624
1.945051
1.315438
1.970958
1.211982
1.532967
0.779958
1.817888
1.278074
1.740333
1.884541
1.237758
1.168589
1.955607
1.956228
1.846442
1.257783
1.230816
1.273554
1.770693
1.710712
1.249699
1.853485
1.416461
1.974450
1.746098
1.478449
1.450873
1.647655
1.704081
1.832601
1.695513
1.511468
1.821375
1.464496
1.862486
1.977277
1.674967
1.542237
1.510270
1.958369
1.532731
1.762260
1.361110
1.004028
1.323731
1.829042
0.927820
1.757719
1.577627
1.489468
1.765990
1.170805
1.861379
1.895134
1.659200
1.230965
1.786230
1.832492
1.931329
1.808965
1.918680
1.543155
1.059003
1.056682
1.188639
1.975359
1.650182
1.766670
1.429555
1.971339
1.418256
1.383160
1.993391
1.876798
1.550678
1.685639
1.371604
1.526479
1.893872
1.437344
1.437445
1.804609
1.687133
0.346699
1.669489
1.973597
1.646629
1.479387
1.848270
1.903216
1.817340
1.930983
1.581668
1.495695
1.715708
1.611048
1.502665
1.247974
1.797838
1.651445
1.513672
1.755832
1.441301
1.761510
1.252115
1.601626
1.542110
1.458009
1.969089
1.472065
1.315875
1.132590
1.708486
1.515401
1.146430
1.491241
1.341793
1.870644
1.452250
1.060629
1.436243
1.630661
1.944099
1.072405
1.648414
1.797816
1.752748
1.313024
1.504583
1.778859
1.326528
1.298249
1.397633
1.277032
1.623857
1.631478
1.981845
1.259220
1.946689
1.989249
1.325756
1.397668
0.612323
1.240835
1.168195
1.212564
1.943454
1.254284
0.940265
1.895812
1.640359
1.247150
1.613480
1.419766
1.921199
1.504233
1.380369
0.900143
1.860053
1.810484
1.958705
1.962061
1.066520
1.365017
1.642967
1.746041
1.200205
1.933268
1.237444
0.831115
1.090682
1.877307
1.817858
1.987265
1.654624
1.748555
1.247439
1.346465
1.085284
1.565640
1.565431
1.939481
1.701574
1.784654
1.721611
1.421663
1.771620
1.418290
1.802746
1.915295
1.624043
1.453479
1.653012
1.257434
1.784172
1.993776
0.958621
1.762422
1.183262
1.530443
1.948025
1.309365
1.687788
1.481436
1.166788
1.937607
1.636166
1.595353
1.566196
1.599303
1.874415
1.344415
0.920315
1.730647
1.760997
1.849984
0.944135
1.651663
1.993228
1.791801
1.611675
1.978960
1.642919
1.633807
1.599275
1.317157
1.056946
1.378984
1.840295
1.218255
1.770199
0.681246
1.448062
1.130321
1.335242
1.706797
1.364784
1.711452
1.919919
1.202266
1.629237
1.550106
1.238102
1.434302
1.757042
0.834647
1.339253
1.865520
1.275707
1.596827
1.645318
1.692952
1.506766
1.481725
1.837270
1.794142
1.769479
1.203492
1.981930
1.412750
1.065121
1.953308
1.518617
1.143993
1.851660
1.987607
1.680665
1.926866
1.650405
1.810903
1.201100
1.595444
1.385265
1.416844
1.926365
1.938831
1.398317
1.005820
1.973877
1.807269
1.170809
1.273955
1.933323
1.831740
1.146803
1.519559
1.631803
1.820640
1.327062
1.419783
1.937485
1.555612
1.929030
1.585040
1.908294
1.667863
1.953914
1.982957
1.636887
1.039456
1.590709
1.403133
1.830772
1.920416
1.853872
1.179329
1.548960
1.756836
0.256322
0.965078
1.997070
1.779033
1.769341
1.711531
1.979051
1.445243
1.745107
1.019334
1.920202
1.955818
1.352468
0.944275
0.972496
1.193079
1.280362
1.872798
1.341508
1.698142
1.083551
1.905513
1.087004
1.038676
0.936304
1.897014
1.754993
1.117063
1.600930
1.560417
1.309422
1.510679
1.229909
1.510974
1.157001
1.281967
1.768416
1.258473
1.205926
1.738440
1.081022
1.395360
1.153651
1.151798
1.984396
1.417052
1.675819
0.893317
1.780651
1.357669
1.819356
1.786262
1.713859
1.526467
1.660343
1.564284
1.114056
1.948923
1.527830
1.629672
1.795489
1.875505
1.976031
1.330973
1.130480
1.734859
1.322476
1.159164
1.849906
1.769297
1.308732
1.428991
1.589956
1.930410
1.877726
1.199160
1.747812
1.712776
1.871678
1.659646
0.855925
1.410408
1.879899
1.054242
1.571086
1.723016
1.919198
1.076398
1.471900
1.998653
1.636772
0.833427
0.993782
1.500466
1.893655
1.516907
1.702246
1.064289
1.966291
1.473937
1.095918
1.223699
1.349630
1.475665
1.943101
1.129915
1.489909
0.862841
1.510303
1.184182
1.914560
1.550059
1.858954
1.461737
1.523853
1.065068
1.273735
1.671307
1.790821
1.996241
1.842174
1.585029
1.018308
1.377967
1.829325
1.153329
1.892255
1.961433
1.917159
1.952708
1.315849
1.725677
1.829444
1.334426
0.816598
1.538794
1.366524
1.186701
0.926565
1.414838
1.353253
1.484679
1.945989
1.618261
1.755403
1.942174
1.609369
1.713125
1.139091
1.123788
1.960045
1.913811
1.529607
1.588397
1.908265
1.283236
1.210436
1.100370
1.986874
1.548745
1.764750
1.175141
1.421766
1.588724
1.918511
1.313760
1.614939
1.894779
1.821169
1.473049
1.682370
1.595519
1.585050
1.253096
1.139596
1.607750
1.929443
1.091223
1.549866
1.734670
1.646652
1.213837
1.135096
1.470772
1.199718
1.523078
1.114809
0.981849
1.827026
1.674690
1.277444
1.543450
1.499992
1.753207
1.332869
1.405295
1.147896
1.095898
0.972346
1.414342
1.769422
1.410252
1.626900
1.098541
1.672808
1.221254
1.166526
1.087631
1.126372
1.019716
1.830540
1.330225
1.427208
1.840481
1.291113
1.924210
1.830998
1.212901
1.583891
1.541327
1.716771
1.508983
1.088452
1.450824
1.510521
1.360631
1.644668
1.256025
1.944998
0.924531
0.738848
1.952306
1.882185
1.564946
1.865806
1.308269
1.952266
1.268638
1.873662
1.164611
1.277909
1.344037
1.665202
1.755370
1.988568
1.260226
1.253330
0.775199
1.254571
1.375823
1.610269
1.805300
1.962637
1.186184
1.788352
1.586167
1.183255
1.407153
1.338349
1.325925
1.686352
1.467462
1.692154
1.572446
1.189454
1.782158
1.678633
1.709975
1.049564
1.868537
1.589475
1.545996
1.559886
1.255225
1.902995
1.999604
1.539294
1.073372
1.694530
1.407653
1.843127
1.411709
1.865848
1.688735
1.782015
1.921469
1.488564
1.771780
1.689099
1.527193
1.589927
1.370614
1.907161
1.434815
1.197643
1.594558
1.447611
1.704764
1.946422
1.221697
1.643301
1.958014
1.603715
1.194999
1.273909
1.024751
1.232747
1.125071
1.507898
1.757547
1.475016
1.626696
1.077892
1.044903
1.883202
1.346432
1.749195
1.922285
1.781118
1.036774
1.713894
1.224198
1.739242
1.760252
1.899052
1.103179
1.926903
1.366662
1.164746
1.081356
1.380337
1.656881
1.604269
1.938405
1.470853
1.129415
1.844882
1.757056
1.955452
0.967610
1.958729
1.999513
1.951841
1.933457
1.497299
1.415693
1.607223
1.928762
1.175318
1.162665
1.394266
1.716811
0.965480
1.292970
1.197780
1.782901
0.762586
