1.995115
1.698680
1.990748
1.618186
1.829473
1.703837
1.885474
1.772454
1.890637
1.971156
1.718179
1.752468
1.613962
1.880617
1.537118
1.783185
1.592623
1.792666
1.644480
1.900772
1.977954
1.762979
1.835196
1.717879
1.927690
1.801429
1.762390
1.717873
1.759209
1.713567
1.592542
1.753921
1.960270
1.885594
1.677774
1.953480
1.940410
1.488223
1.939479
1.875986
1.683388
1.942834
1.760405
1.883405
1.668163
1.792721
1.999499
1.545383
1.819713
1.746783
1.684351
1.433931
1.858849
1.593171
1.397974
1.673881
1.578975
1.739018
1.947074
1.684666
1.675932
1.671964
1.977021
1.823112
1.638626
1.853003
1.717735
1.939617
1.828950
1.982216
1.752391
1.926718
1.972417
1.973780
1.803314
1.742250
1.799899
1.804918
1.826509
1.826903
1.622423
1.784256
1.973353
1.864140
1.762639
1.659591
1.658768
1.738666
1.960943
1.618381
1.821380
1.810111
1.627339
1.442455
1.628669
1.657667
1.531365
1.694809
1.860454
1.679574
1.335001
1.936289
1.773549
1.765938
1.856339
1.746212
1.873408
1.878324
1.613623
1.669327
1.435854
1.907118
1.626080
1.862886
1.861375
1.600768
1.790507
1.778847
1.793225
1.795887
1.541749
1.443766
1.711894
1.783973
1.445226
1.832316
1.615661
1.664656
1.571837
1.683607
1.661110
1.785544
1.627101
1.845217
1.969957
1.621577
1.246984
