1.933156
1.952551
1.758175
1.987043
1.971060
1.913185
1.760033
1.734195
1.862899
1.962464
1.816928
1.995034
1.834925
1.837203
1.465722
1.804835
1.979548
1.682547
1.950600
1.948466
1.888009
1.721684
1.831558
1.895689
1.776277
1.908458
1.696664
1.952821
1.878178
1.869362
1.434121
1.674341
1.940009
1.877285
1.513813
1.767952
1.702916
1.999691
1.929507
1.989021
1.906930
1.738596
1.742163
1.837676
1.822686
1.555857
1.920990
1.632624
1.729072
1.284157
1.690044
1.778608
1.596525
1.593962
1.745328
1.728173
1.902691
1.584728
1.758350
1.822547
1.878609
1.952959
1.631068
1.912906
1.945325
1.785587
1.835368
1.766982
1.783214
1.738537
1.638497
1.875750
1.767429
1.293161
1.479753
1.885359
1.909464
1.753148
1.581326
1.961437
1.824642
1.938928
1.713447
1.581823
1.655211
1.648085
1.522990
1.865372
1.768664
1.488330
1.873691
1.898564
1.388299
1.492664
1.893377
1.980123
1.406077
1.847098
1.491282
1.922915
1.991777
1.728191
1.550296
1.764967
1.833842
1.550248
1.879475
1.940138
1.906105
1.652835
1.308692
1.814165
1.290413
1.885569
1.588918
1.863671
1.518318
1.765305
1.922962
1.999712
1.809018
1.793644
1.951602
1.302126
1.760281
1.567453
1.871537
1.748627
1.729927
1.810588
1.757112
1.880673
1.591693
1.731120
1.856064
1.660205
1.821028
1.348642
1.422876
1.641530
