1.876200
1.866960
1.772348
1.893175
1.651056
1.840217
1.987074
1.961257
1.790950
1.841654
1.679166
1.899759
1.853260
1.999598
1.829032
1.697284
1.870762
1.966437
1.900908
1.904866
1.926444
1.606998
1.882670
1.819725
1.915849
1.853559
1.660000
1.800890
1.889078
1.784447
1.972245
1.971293
1.777611
1.926018
1.885970
1.838741
1.990345
1.924351
1.724370
1.553429
1.921385
1.933725
1.613320
1.917788
1.729508
1.950917
1.919838
1.667508
1.858781
1.725424
1.841734
1.949189
1.760295
1.638754
1.945694
1.807352
1.828792
1.786391
1.806039
1.945089
1.851848
1.920646
1.810659
1.811808
1.788692
1.724051
1.656281
1.532594
1.675014
1.679974
1.728528
1.852246
1.794473
1.737419
1.435523
1.680370
1.873225
1.935898
1.550500
1.810208
1.735614
1.655409
1.714417
1.597367
1.913841
1.986253
1.730738
1.776912
1.988228
1.926648
1.635252
1.570390
1.549693
1.793913
1.572718
1.902624
1.620238
1.612546
1.804094
1.947457
1.410603
1.583254
1.894375
1.316654
1.764370
1.365825
1.501220
1.818090
1.689111
1.942883
1.785283
1.833128
1.913405
1.317769
1.947679
1.831641
1.593341
1.674064
1.687722
1.911237
1.747853
1.370947
1.976795
1.795195
1.830656
1.683196
1.451414
1.426966
1.952997
1.838091
