1.895511
1.812011
1.728621
1.915786
1.894329
1.967527
1.967634
1.966915
1.809500
1.908292
1.858922
1.848933
1.625247
1.551930
1.533025
1.489089
1.734487
1.326967
1.713220
1.880705
1.753603
1.912348
1.771102
1.763216
1.785993
1.982132
1.958607
1.941123
1.894115
1.840217
1.599841
1.934181
1.785479
1.731986
1.657235
1.729314
1.837166
1.798692
1.604245
1.558085
1.912389
1.729039
1.776946
1.749124
1.742338
1.178120
1.907636
1.807343
1.972182
1.510434
1.446090
1.510730
1.997233
1.787067
1.755459
1.402306
1.807848
1.429916
1.318036
1.988633
1.981886
1.951298
1.690984
1.866488
1.651825
1.622850
1.908591
1.761537
1.877970
1.977976
1.925969
1.445443
1.458847
1.911901
1.774402
1.673578
1.218347
0.911221
