1.882734
1.921955
1.927795
1.740051
1.780346
1.788270
1.797350
1.704572
1.930801
1.943362
1.810166
1.945535
1.897973
1.935077
1.856454
1.784891
1.972078
1.844145
1.854653
1.718474
1.913551
1.937485
1.966235
1.817666
1.871366
1.958143
1.989885
1.750399
1.875053
1.655276
1.992771
1.863145
1.846229
1.888681
1.925670
1.836037
1.838334
1.907872
1.665357
1.664211
1.707484
1.933235
1.665896
1.964947
1.965115
1.670052
1.704602
1.882758
1.961296
1.804411
1.639556
1.768173
1.776425
1.831262
1.595029
1.950240
1.775540
1.765197
1.528375
1.491912
1.346231
1.883593
1.722295
1.778585
1.435410
1.570074
1.601678
1.821447
1.538906
1.537042
1.745163
1.952290
1.821247
1.940423
1.820220
1.918039
1.955852
1.800078
1.844495
1.778093
1.377903
1.397210
1.033758
1.753589
1.820742
1.647659
0.962398
1.430316
1.926343
1.886676
1.953093
