1.746065
1.955774
1.799794
1.710909
1.766933
1.862480
1.970962
1.977379
1.856260
1.554291
1.991187
1.778365
1.717549
1.962669
1.994845
1.872424
1.894872
1.848292
1.961134
1.923501
1.817803
1.856735
1.979737
1.891548
1.981031
1.916368
1.973970
1.902760
1.831212
1.935983
1.756774
1.897151
1.915866
1.831256
1.937604
1.947189
1.991323
1.993730
1.974365
1.902923
1.767778
1.928906
1.701540
1.887625
1.853345
1.541971
1.700012
1.700705
1.720437
1.697005
1.848044
1.648843
1.961770
1.847492
1.792420
1.540043
1.922908
1.688606
1.568801
1.696102
1.933523
1.566454
1.894076
1.740183
1.884811
1.673151
1.857354
1.958569
1.993766
1.981936
1.915835
1.795543
1.617315
1.921250
1.869977
1.704958
1.939026
1.613885
1.547927
1.739644
1.698126
1.466479
1.915624
1.588505
1.547137
1.740727
1.536452
1.772742
1.460391
1.644334
1.387051
1.461519
1.525535
1.872696
1.792248
1.939635
1.812226
1.314637
1.525787
1.692729
1.853717
1.616771
1.840607
1.312523
1.860054
1.794676
1.498944
1.964664
1.343278
1.508962
1.738878
