1.961928
1.511123
1.991214
1.832564
1.955597
1.599797
1.550945
1.968615
1.870523
1.954633
1.997522
1.973500
1.827670
1.877965
1.821101
1.993376
1.967888
1.824888
1.743983
1.955185
1.752893
1.991494
1.725789
1.862395
1.885902
1.929799
1.838125
1.900505
1.970894
1.757244
1.702139
1.978265
1.985571
1.957422
1.535734
1.934592
1.647556
1.698958
1.657156
1.853490
1.989347
1.839018
1.941873
1.932385
1.696921
1.611595
1.995356
1.953457
1.774680
1.803646
1.555199
1.728728
1.524307
1.706802
1.826386
1.793498
1.937112
1.969019
1.915037
1.657256
1.717436
1.955161
1.790010
1.987157
1.606236
1.921444
1.559936
1.987787
1.744833
1.955598
1.867765
1.867796
1.802564
1.792409
1.963846
1.837392
1.652772
1.887567
1.862913
1.650556
1.499659
1.519169
1.723366
1.733864
1.618808
1.875011
1.682318
1.778726
1.311802
1.523997
1.600581
1.450275
1.295819
1.700670
1.725915
1.751662
1.696695
1.356491
1.906390
1.861941
1.633636
1.725398
1.846774
1.743916
1.515107
1.592311
