1.884173
1.756729
1.897374
1.718640
1.690819
1.843159
1.810268
1.560023
1.545836
1.840110
1.782010
1.817010
1.675101
1.975182
1.725668
1.788422
1.959536
1.661073
1.845958
1.875775
1.969048
1.786638
1.602240
1.829512
1.914848
1.973097
1.914085
1.675553
1.997923
1.643604
1.905104
1.708559
1.952820
1.639474
1.885237
1.824918
1.844595
1.808672
1.769809
1.746023
1.735915
1.931296
1.643042
1.839754
1.593747
1.602248
1.704446
1.700433
1.839360
1.937500
1.716680
1.493775
1.739716
1.687437
1.972702
1.829907
1.862628
1.719997
1.717291
1.747248
1.515531
1.722462
1.494998
1.907907
1.746896
1.736744
1.673433
1.929247
1.856200
1.371383
1.880125
1.920039
1.829707
1.547294
1.833167
1.764702
1.779976
1.720241
1.553768
1.835590
1.877327
1.873489
1.867110
1.967963
1.684158
1.999405
1.766952
1.915162
1.762914
1.400884
1.724007
1.994679
1.519003
