1.736725
1.972025
1.754667
1.893323
1.912177
1.681197
1.842748
1.935336
1.912404
1.717822
1.516860
1.963505
1.895041
1.878693
1.779084
1.863423
1.842182
1.963567
1.932893
1.863932
1.889458
1.909476
1.802277
1.905524
1.943737
1.605210
1.709843
1.906601
1.833731
1.662469
1.868727
1.971134
1.928891
1.571431
1.427635
1.870820
1.834930
1.736412
1.994043
1.784776
1.657288
1.568228
1.705778
1.901791
1.884874
1.723467
1.956233
1.648363
1.944345
1.528001
1.730922
1.670321
1.638235
1.454915
1.625077
1.929187
1.709777
1.946719
1.863759
1.850925
1.512789
1.752408
1.449552
1.906251
1.496706
1.880060
1.529956
1.850637
1.794072
1.659824
1.872555
1.433721
1.980643
1.598626
1.802099
1.930072
1.499003
1.700715
1.665689
1.332993
1.489578
1.613211
1.272796
1.721533
1.605644
1.399631
1.838743
1.986677
1.502014
1.830808
1.921632
1.979835
1.535398
1.865303
1.998660
1.811524
1.706820
1.826255
1.750033
1.645055
1.476470
0.972679
1.653306
0.931617
1.409699
