1.940858
1.930125
1.999974
1.950864
1.939633
1.922399
1.910900
1.798627
1.956045
1.846672
1.733091
1.894782
1.904649
1.771393
1.809020
1.966279
1.903595
1.861638
1.994248
1.912362
1.979208
1.772775
1.919670
1.838293
1.877432
1.545430
1.922609
1.758256
1.756868
1.828403
1.888227
1.624185
1.916962
1.902659
1.853046
1.967799
1.991255
1.798333
1.636310
1.789423
1.726340
1.744126
1.908977
1.712796
1.960451
1.704935
1.666409
1.844029
1.995943
1.480098
1.882936
1.787705
1.948023
1.724158
1.855349
1.651765
1.866123
1.764284
1.809605
1.707827
1.615916
1.523079
1.727802
1.770551
1.532768
1.886359
1.671771
1.563921
1.809996
1.896564
1.890584
1.561282
1.616269
1.613889
1.932156
1.845069
1.873808
1.942889
1.989902
1.592767
1.596006
1.547370
1.869442
1.710044
1.673548
1.774998
1.496050
1.694653
1.958250
1.997756
1.305197
1.575914
1.931889
1.322149
1.738847
1.615425
1.481092
1.749294
1.794008
1.901405
1.435872
1.407864
1.812787
1.394248
1.777809
1.699197
1.885564
1.788973
1.732932
1.229664
1.984863
1.548090
1.843660
1.943950
1.737222
1.592579
1.436019
1.769556
1.545400
1.955651
1.619543
1.521111
1.849682
1.379517
1.859678
1.698850
1.412480
1.628774
1.856106
1.414593
1.621216
1.851816
1.657579
1.798857
1.380436
1.768356
1.886239
1.797261
1.955801
1.192081
1.775717
1.696090
1.634308
