1.999033
1.952052
1.903034
1.743481
1.959124
1.918189
1.992360
1.753181
1.979322
1.957804
1.990377
1.847761
1.939629
1.969403
1.847596
1.881979
1.850766
1.869739
1.830960
1.896864
1.744166
1.640272
1.695056
1.994320
1.821876
1.518908
1.979068
1.794604
1.884409
1.867526
1.971203
1.536063
1.881840
1.919441
1.505355
1.849289
1.933573
1.657393
1.969454
1.562036
1.802918
1.449754
1.775931
1.610394
1.998059
1.790757
1.872229
1.373181
1.868201
1.636703
1.682422
1.523552
1.873319
1.809971
1.513655
1.893796
1.789437
1.819631
1.612879
1.653796
1.853107
1.562719
1.507627
1.501213
1.542117
1.733384
1.748682
1.921019
1.675870
1.725998
1.552138
1.642616
1.576420
1.814373
1.576318
1.517742
1.587977
1.381106
1.855526
1.963161
1.917424
1.626836
1.621401
1.976119
1.402531
1.675397
1.566780
1.365934
1.359954
1.421920
1.471687
1.885848
1.339380
1.245803
1.688139
1.662025
1.232942
