1.842118
1.975935
1.730708
1.904339
1.766707
1.950424
1.955170
1.917507
1.744704
1.815966
1.717082
1.717980
1.950690
1.884425
1.837198
1.986363
1.994546
1.520875
1.935882
1.554741
1.781443
1.891857
1.989363
1.713939
1.813462
1.726909
1.995311
1.769373
1.760727
1.571303
1.716560
1.931745
1.875499
1.957486
1.743890
1.604673
1.793427
1.873448
1.822620
1.845630
1.979508
1.837616
1.788436
1.833294
1.876030
1.971202
1.665523
1.937520
1.989794
1.806436
1.558294
1.540024
1.957908
1.814135
1.993835
1.961499
1.846715
1.997146
1.695803
1.720199
1.586209
1.657403
1.566576
1.617442
1.684895
1.602175
1.521550
1.449472
1.411577
1.552573
1.863233
1.702682
1.524463
1.665358
1.783484
1.897651
1.590355
1.860626
1.761041
1.557814
1.994453
1.991062
1.703531
1.587204
1.884881
1.298126
1.791711
1.540997
1.576669
1.379410
1.620680
1.234668
1.768536
1.334008
1.841840
1.578003
1.793681
1.987203
1.889851
1.904952
1.907905
1.720230
1.733762
1.730392
1.822494
1.647563
1.919756
1.937741
1.854539
1.467918
1.522559
1.504028
1.978147
1.700737
1.999926
1.572008
