1.769761
1.739008
1.990210
1.900027
1.682160
1.697479
1.943198
1.820877
1.685997
1.908230
1.674134
1.942583
1.971075
1.987199
1.889470
1.921290
1.802046
1.982475
1.657913
1.858429
1.471106
1.962543
1.697436
1.605675
1.598990
1.783194
1.833422
1.906660
1.481641
1.725024
1.445426
1.586820
1.852485
1.934399
1.947055
1.888795
1.716067
1.950501
1.588871
1.911321
1.988415
1.507304
1.942692
1.986877
1.708189
1.881003
1.882030
1.701879
1.955058
1.499729
1.721402
1.725434
1.726650
1.597224
1.793334
1.746621
1.443992
1.956650
1.943547
1.830821
1.682176
1.609017
1.917238
1.621795
1.867454
1.509035
1.912199
1.997934
1.758001
1.864939
1.560618
1.508683
1.780740
1.477159
1.788569
1.603011
1.666537
1.421724
1.896081
1.482016
1.868878
1.934877
1.390799
1.912628
1.901483
1.647759
1.296359
1.781014
1.449225
1.572757
1.674910
1.866227
1.440121
1.502675
1.700606
1.354119
1.601071
1.602696
1.914772
1.304072
