1.960956
1.978685
1.968074
1.717443
1.730841
1.901002
1.960348
1.800601
1.930167
1.819805
1.799735
1.594465
1.958085
1.879337
1.650503
1.693822
1.842673
1.990060
1.525775
1.664293
1.833062
1.773549
1.792578
1.775206
1.985144
1.961628
1.745271
1.721160
1.768032
1.644231
1.913861
1.961814
1.835957
1.575915
1.600512
1.596974
1.725415
1.707972
1.784198
1.701710
1.644154
1.661513
1.824105
1.590316
1.917368
1.839490
1.863795
1.576659
1.680251
1.616170
1.576314
1.694126
1.890821
1.804338
1.632380
1.775043
1.648752
1.690800
1.767772
1.918795
1.742183
1.974660
1.765603
1.712425
1.876221
1.563283
1.997038
1.926393
1.905145
1.687811
1.927648
1.814483
1.892339
1.654821
1.562147
1.681989
1.966356
1.205104
1.626431
1.502673
1.994588
1.985626
1.494648
1.511497
1.815882
1.967914
1.527017
1.864332
1.887396
1.981688
1.435995
1.327689
1.612356
1.889412
1.758825
1.817593
1.674163
1.975178
1.748055
1.811072
1.383180
1.409283
1.958511
1.407053
1.346225
1.437792
1.769738
1.598316
1.468763
1.773833
1.344761
