1.963550
1.984860
1.834984
1.916016
1.952252
1.744952
1.710690
1.600934
1.872707
1.594500
1.974330
1.868702
1.910214
1.593294
1.955091
1.563492
1.972081
1.914127
1.939955
1.711963
1.799413
1.949924
1.919131
1.839901
1.764846
1.490888
1.387964
1.952873
1.995193
1.833943
1.890185
1.842921
1.903567
1.985783
1.516926
1.276322
1.726688
1.798021
1.824169
1.928426
1.804780
1.965890
1.750335
1.826040
1.874835
1.884475
1.430800
1.753092
1.942956
1.504912
1.801306
1.578754
1.909608
1.677131
1.727232
1.568215
1.608773
1.739586
1.805292
1.913426
1.938251
1.905974
1.879984
1.681898
1.517059
1.611905
1.570430
1.648769
1.993598
1.421345
1.847365
1.536139
1.595897
1.805811
1.959070
1.835485
1.945096
1.838961
1.469648
1.953836
1.486700
1.647700
1.747595
1.380440
1.884561
1.786703
1.973986
1.970945
1.839851
1.708428
1.741675
1.910997
1.758127
1.998301
1.396962
1.677699
1.648801
1.807458
1.785071
1.881573
1.743530
1.604980
1.761418
1.995159
1.568090
1.158600
1.964167
1.926103
1.951834
1.828068
1.955380
