1.849977
1.937102
1.950660
1.751355
1.677319
1.915418
1.826710
1.831048
1.926926
1.710817
1.598506
1.923548
1.875081
1.538948
1.907724
1.828875
1.897822
1.970662
1.971335
1.700613
1.591373
1.896376
1.693439
1.449767
1.887238
1.949012
1.996052
1.934839
1.944640
1.723938
1.953863
1.910933
1.984497
1.783528
1.946964
1.771305
1.781289
1.884097
1.876205
1.703616
1.988505
1.980849
1.980948
1.623500
1.431860
1.603993
1.924448
1.912442
1.917511
1.960609
1.625388
1.782600
1.580474
1.577632
1.735073
1.929121
1.888131
1.957298
1.686316
1.898569
1.694086
1.937771
1.691385
1.665508
1.633542
1.478033
1.539087
1.743637
1.572665
1.965853
1.939571
1.613314
1.764662
1.837069
1.898151
1.582692
1.937280
1.713785
1.972406
1.360064
1.819921
1.940804
1.927310
1.398376
1.800572
1.989636
1.347782
1.953244
1.511788
1.446457
1.907241
1.368172
1.505144
1.615177
1.972050
1.611057
1.936174
1.511392
1.914239
1.586371
1.718585
1.616644
1.885740
1.862255
