1.878615
1.949746
1.909892
1.802685
1.717125
1.530556
1.898273
1.927288
1.933918
1.943421
1.782737
1.584510
1.983338
1.838239
1.693542
1.657042
1.834669
1.962162
1.878869
1.856257
1.759193
1.956552
1.843974
1.867319
1.871419
1.979738
1.859091
1.708898
1.471114
1.803501
1.592071
1.910802
1.876142
1.990954
1.749148
1.804423
1.908987
1.633687
1.696255
1.909640
1.904673
1.820136
1.933062
1.921294
1.841253
1.908604
1.976457
1.669540
1.947529
1.577238
1.662126
1.834206
1.792698
1.796810
1.937296
1.768696
1.849453
1.839569
1.555612
1.906439
1.508373
1.980958
1.754239
1.719464
1.621997
1.780382
1.909386
1.890506
1.773075
1.665377
1.394020
1.536041
1.956484
1.619223
1.786031
1.871429
1.758328
1.892649
1.386419
1.386720
1.852978
1.932934
1.444606
1.714974
1.772036
1.758539
1.542088
1.765300
1.860729
1.690991
1.821144
1.372107
1.543722
1.915090
1.458179
1.582031
1.874775
1.599405
1.271514
1.999374
1.809067
1.608265
1.787870
1.785938
1.698046
1.573930
1.731786
1.441404
1.650173
1.645869
1.271663
1.996653
1.636810
