1.856082
1.771347
1.905664
1.855998
1.646288
1.813072
1.953214
1.985729
1.970897
1.638462
1.659098
1.585839
1.968744
1.891070
1.582689
1.831833
1.720819
1.705942
1.875796
1.911921
1.957022
1.910950
1.596129
1.922875
1.767842
1.953168
1.992110
1.916982
1.686341
1.539535
1.666138
1.821015
1.831046
1.813427
1.619459
1.776681
1.604880
1.597948
1.853083
1.940887
1.734781
1.714031
1.625622
1.893865
1.987073
1.608354
1.637479
1.820603
1.766362
1.975857
1.725364
1.394848
1.750006
1.683784
1.732272
1.699480
1.834522
1.973070
1.809988
1.614203
1.861962
1.497279
1.915134
1.782796
1.722864
1.413775
1.868588
1.551397
1.712092
1.636657
1.891312
1.479050
1.749890
1.557795
1.779273
1.425138
1.908706
1.540333
1.754368
1.545910
1.579617
1.987845
1.736380
1.402200
1.672327
1.912521
1.931652
1.986401
1.867600
1.772091
1.749887
1.608398
1.427639
1.272988
1.546094
1.944171
1.751623
1.769593
1.829813
1.887495
1.889195
1.866732
1.933575
1.700862
1.521682
1.765343
1.728374
1.995650
1.549274
1.965739
1.770974
1.829930
1.765779
1.677626
1.272913
1.490544
1.584611
1.481426
1.695933
1.813849
1.615230
1.788701
1.614449
1.382604
1.641972
1.342381
1.669281
1.981264
1.953607
1.987706
1.133300
1.371371
