1.962470
1.954703
1.963886
1.916354
1.888849
1.981210
1.664235
1.919474
1.764008
1.659198
1.964571
1.958947
1.751255
1.769432
1.991361
1.776954
1.659354
1.800177
1.700489
1.940504
1.882002
1.655290
1.606785
1.913949
1.833253
1.979430
1.814477
1.868235
1.763409
1.916968
1.800564
1.555713
1.707499
1.883102
1.839070
1.953942
1.886630
1.975229
1.614746
1.904278
1.710753
1.871878
1.885070
1.899311
1.800463
1.445970
1.658795
1.741096
1.716629
1.667944
1.503941
1.872334
1.898473
1.884430
1.971806
1.544660
1.765851
1.804099
1.661575
1.669029
1.948042
1.875250
1.883210
1.444767
1.876322
1.681927
1.765244
1.483035
1.606901
1.657728
1.864674
1.887904
1.522990
1.969943
1.335665
1.634238
1.419949
1.382458
1.469705
1.889755
1.888861
1.804382
1.485574
1.976131
1.554168
1.806357
1.819482
1.709548
1.542722
1.871273
1.747551
1.991711
1.908404
1.950038
1.901892
