1.972554
1.598622
1.984464
1.528610
1.918935
1.882410
1.649524
1.683669
1.638542
1.979888
1.980370
1.916553
1.874897
1.902629
1.832454
1.954607
1.536367
1.982019
1.658015
1.568012
1.706823
1.994563
1.986782
1.891418
1.657634
1.989776
1.877882
1.960039
1.521060
1.742151
1.803797
1.773260
1.694708
1.567680
1.952386
1.710614
1.822791
1.812665
1.936884
1.821943
1.788306
1.751879
1.844337
1.994485
1.669062
1.676717
1.789164
1.985835
1.856160
1.898888
1.689605
1.918903
1.772068
1.742156
1.596843
1.988117
1.489201
1.677229
1.722944
1.977646
1.982097
1.923196
1.607949
1.470093
1.800292
1.779920
1.534361
1.782561
1.812853
1.397229
1.837611
1.820286
1.905487
1.949407
1.878922
1.838975
1.356314
1.973205
1.898264
1.225931
1.845732
1.650699
1.732781
1.556041
1.999285
1.818367
1.496354
1.724104
1.682071
1.876694
1.499005
1.592620
1.451262
1.960801
1.643269
1.910032
1.673529
1.791276
1.737178
1.847444
1.731395
1.626576
1.934586
1.647505
1.986176
1.548788
1.457719
1.557510
1.922407
1.755560
1.543379
1.541133
1.501622
1.779700
1.576113
1.920578
1.916750
1.882636
1.852076
1.996123
1.952508
1.994462
1.987837
1.389768
1.499339
1.956959
1.860493
1.942082
1.598129
1.479645
1.858946
1.558405
1.848378
1.415134
1.877429
1.315060
