1.825884
1.885991
1.654064
1.842391
1.955041
1.866444
1.982704
1.964417
1.983644
1.475987
1.855318
1.958138
1.696035
1.961293
1.919170
1.753533
1.987036
1.949879
1.632452
1.947378
1.648793
1.753879
1.920376
1.784482
1.961883
1.854993
1.988835
1.822705
1.802310
1.865516
1.903910
1.885060
1.663642
1.809029
1.943139
1.770663
1.906314
1.987963
1.650002
1.939874
1.628710
1.522509
1.504210
1.845488
1.603903
1.699507
1.496015
1.832846
1.783617
1.695148
1.898540
1.884334
1.558005
1.543808
1.841487
1.789015
1.900973
1.913025
1.739688
1.978505
1.827179
1.528533
1.329208
1.983347
1.854647
1.440967
1.639991
1.801883
1.777210
1.837699
1.850490
1.194563
1.922948
1.494190
1.636290
1.866234
1.493041
1.691226
1.962167
1.775976
1.961596
1.752926
1.871877
1.395691
1.688133
1.346719
1.455410
1.870078
