1.899750
1.899304
1.925285
1.788969
1.740803
1.929185
1.946980
1.943512
1.797532
1.939077
1.795007
1.986008
1.730110
1.816606
1.807459
1.477703
1.977477
1.955128
1.674487
1.927342
1.753798
1.770629
1.614333
1.851806
1.933828
1.882083
1.802988
1.969024
1.876793
1.852372
1.833637
1.909344
1.987531
1.518374
1.652728
1.582256
1.983231
1.924663
1.738421
1.714525
1.779107
1.643172
1.760700
1.469517
1.971540
1.938603
1.728649
1.848328
1.578709
1.649965
1.683243
1.639562
1.990081
1.852925
1.896017
1.894712
1.733392
1.518329
1.573070
1.903548
1.533593
1.478897
1.925838
1.607542
1.629556
1.981262
1.681424
1.842479
1.861243
1.984431
1.581303
1.860383
1.585041
1.724019
1.579436
1.749914
1.867954
1.507610
1.957840
1.490721
1.846865
1.356501
1.869620
1.955664
1.646294
1.891202
1.576918
1.743531
1.634690
1.576997
1.697868
1.983511
1.563552
1.736210
1.273807
1.869311
1.741544
1.553822
1.810763
1.673554
1.785166
1.745913
1.292798
1.756736
1.458822
1.640756
1.940342
1.796325
1.640865
1.857065
1.591817
1.260673
1.926177
1.754889
1.448485
1.609674
