1.926208
1.865649
1.957203
1.886332
1.918610
1.987765
1.944700
1.989829
1.983833
1.614351
1.727787
1.966202
1.923952
1.992897
1.740676
1.894584
1.980877
1.792796
1.630889
1.797469
1.982121
1.561096
1.928321
1.831103
1.925882
1.984903
1.801278
1.918996
1.591491
1.823946
1.936597
1.852019
1.791854
1.953253
1.900079
1.857914
1.759497
1.734839
1.967414
1.756314
1.734685
1.717877
1.890883
1.617899
1.556698
1.584136
1.673554
1.931327
1.795627
1.462706
1.833320
1.830860
1.973104
1.971875
1.886661
1.739554
1.674531
1.890442
1.775339
1.809176
1.838426
1.814129
1.831243
1.911004
1.559989
1.804923
1.615864
1.662136
1.986811
1.734677
1.461563
1.622063
1.520077
1.546932
1.913069
1.629689
1.983661
1.584699
1.865920
1.874963
1.962215
1.779088
1.991528
1.874470
1.667709
1.486879
1.813391
1.986444
1.998375
1.572551
1.661840
1.817817
1.532117
1.612052
1.615525
1.587792
1.748411
1.808507
1.696383
1.806976
1.851972
1.474843
1.834767
1.876452
1.846887
1.795412
1.515784
1.447985
1.981175
1.979734
1.443251
1.975416
1.328433
1.777830
1.952654
1.371929
1.628118
1.463641
1.693714
1.817304
1.610724
1.868981
1.610108
1.837422
