1.719146
1.976412
1.971721
1.995103
1.987738
1.927314
1.813937
1.799622
1.904995
1.929956
1.970910
1.776026
1.726990
1.980988
1.894043
1.981622
1.792536
1.768639
1.854426
1.966357
1.729248
1.617455
1.700366
1.681561
1.776572
1.979058
1.642233
1.982251
1.941968
1.967088
1.853143
1.756933
1.925181
1.915631
1.952764
1.947421
1.872864
1.838607
1.958341
1.784148
1.980989
1.945577
1.701039
1.612301
1.818335
1.731197
1.977604
1.691260
1.947632
1.901649
1.967647
1.906398
1.516229
1.528098
1.798396
1.779334
1.695396
1.699561
1.497586
1.927194
1.825472
1.813529
1.706591
1.976921
1.858626
1.622064
1.901867
1.572954
1.757643
1.750045
1.864610
1.864211
1.735992
1.645985
1.528308
1.963905
1.987990
1.785517
1.582820
1.865236
1.673432
1.963545
1.485989
1.824676
1.654171
1.553139
1.818097
1.979614
1.594739
1.566035
1.717858
1.831075
1.493822
1.754398
1.691057
1.539819
1.800637
1.867809
1.882648
1.679459
1.696643
1.935984
1.612702
1.816058
1.874463
1.474266
1.706640
1.921784
1.852427
1.572081
1.790650
1.953869
1.931973
1.818621
1.576465
1.558812
1.349198
1.511901
1.991218
1.274184
1.952379
