1.865408
1.857462
1.820490
1.628972
1.877600
1.828032
1.624693
1.741744
1.884499
1.958577
1.774433
1.661621
1.983980
1.825441
1.910410
1.834897
1.813426
1.782225
1.911190
1.635307
1.759083
1.975611
1.707633
1.502136
1.876131
1.817153
1.565934
1.647260
1.778038
1.851635
1.855557
1.959103
1.650962
1.661080
1.746618
1.860712
1.756773
1.719944
1.698785
1.498139
1.913452
1.813203
1.619782
1.592000
1.968974
1.778484
1.648343
1.756178
1.653789
1.564749
1.538205
1.729413
1.800486
1.898053
1.647551
1.687088
1.497061
1.659279
1.738700
1.550548
1.797691
1.870789
1.758688
1.685784
1.913217
1.407248
1.853262
1.916878
1.523765
1.724834
1.596681
1.818896
1.811396
1.705814
1.917394
1.906933
1.852488
1.583789
1.470022
1.596894
1.715049
1.463248
1.941461
1.521631
1.828121
1.863694
1.992613
1.569875
1.856276
1.632039
1.982479
1.342963
1.729695
1.402926
1.756472
1.935466
1.763188
1.879261
1.641529
1.475988
1.310926
1.615987
1.869313
1.878893
1.703428
1.988945
1.853290
