1.774870
1.908844
1.870430
1.783549
1.920491
1.990588
1.998558
1.870595
1.797722
1.934294
1.925154
1.684498
1.856457
1.803383
1.931930
1.826023
1.826939
1.990491
1.959093
1.890348
1.877911
1.840803
1.873392
1.638684
1.846444
1.870074
1.939052
1.909454
1.473261
1.863800
1.807354
1.816880
1.984360
1.426945
1.830263
1.491794
1.905305
1.714986
1.650539
1.621437
1.550448
1.784657
1.577264
1.987532
1.804939
1.860548
1.613433
1.989654
1.996717
1.503844
1.898868
1.497624
1.696487
1.945870
1.739099
1.822286
1.769507
1.592773
1.579965
1.823186
1.604437
1.793676
1.818354
1.620884
1.643334
1.903341
1.716962
1.895091
1.852293
1.856261
1.950876
1.835309
1.613000
1.954935
1.632396
1.681908
1.593418
1.497528
1.719689
1.509498
1.699731
1.645164
1.836093
1.923141
1.879041
1.620019
1.696924
1.985548
1.954807
1.486976
1.669685
1.475793
1.914027
1.912319
1.626593
1.969634
1.494827
1.855160
1.687874
1.651154
1.796637
1.424238
1.954071
1.706415
1.849582
1.927102
1.727311
1.551302
1.596303
1.862389
1.820092
1.534285
1.561633
1.736587
1.576591
1.668410
1.998052
1.854738
1.428847
1.496513
1.660155
1.956055
1.858250
1.530303
1.932158
1.699726
1.563501
1.695443
1.904160
1.659372
1.585716
1.580624
1.736446
1.632086
1.929962
1.521235
1.881616
1.634120
1.494975
1.581525
1.749865
1.574383
1.442452
1.704496
1.803027
1.536437
1.760175
1.808957
1.876393
1.316298
1.692554
1.456648
1.489894
1.410098
