1.764427
1.821753
1.928332
1.946295
1.847185
1.970711
1.453265
1.870474
1.887731
1.952730
1.796217
1.826894
1.947249
1.693650
1.991037
1.876471
1.978704
1.744702
1.958102
1.991757
1.880081
1.909122
1.924671
1.667144
1.860097
1.836365
1.916342
1.976270
1.753683
1.629172
1.792744
1.829421
1.964385
1.702622
1.958659
1.807280
1.605966
1.913070
1.956878
1.891223
1.824193
1.898556
1.768003
1.876540
1.811254
1.688258
1.704673
1.974546
1.661277
1.892274
1.445590
1.731628
1.534621
1.569608
1.633203
1.387098
1.650414
1.890937
1.661403
1.942879
1.637423
1.788392
1.559134
1.683224
1.811494
1.874657
1.780463
1.883729
1.486933
1.583090
1.853568
1.945727
1.982429
1.695649
1.528402
1.524732
1.789115
1.657085
1.946980
1.979506
1.626738
1.503233
1.650092
1.962400
1.558421
1.968400
1.927272
1.627678
1.677137
1.428109
1.548416
1.835830
1.709067
1.179759
1.995727
1.180732
1.641794
1.716875
1.516115
1.998953
1.972188
1.829200
1.890104
1.752957
1.999232
