1.936457
1.445909
1.893840
1.541584
1.663218
1.714424
1.089659
1.529365
1.645303
1.292475
1.007827
1.602635
1.230307
1.632076
1.805903
1.254457
1.313824
1.841631
1.221200
1.468570
1.891356
1.913622
1.965119
1.147056
1.780188
1.773701
1.814798
1.445685
1.529399
1.971717
1.724249
1.975801
1.895216
1.647026
1.847778
1.857929
1.924242
1.568271
1.885212
1.703533
1.918617
1.756635
1.856884
1.320569
1.694086
1.825276
1.868761
1.952852
1.854861
1.896774
1.744751
1.284303
1.987323
1.590419
1.798422
1.945168
1.300764
1.919012
1.947705
1.474952
1.635846
1.993555
1.880969
1.729066
1.995696
1.856762
1.423992
1.824190
1.886806
1.753485
1.683657
1.535084
1.142661
1.298334
1.923636
1.398742
1.808783
1.676439
1.713990
1.548618
1.644508
1.975061
1.839877
1.224544
1.849349
1.781326
1.804243
1.787159
1.939480
1.455024
1.615617
1.908232
1.795235
