1.943098
1.643843
1.946038
1.751164
1.937032
1.646515
1.752582
1.558798
1.975137
1.918993
1.728376
1.822339
1.951967
1.902252
1.827299
1.992240
1.956159
1.959865
1.764901
1.770715
1.878202
1.949947
1.666007
1.987387
1.809974
1.790346
1.674899
1.678705
1.640514
1.664375
1.929778
1.901575
1.884287
1.877323
1.917674
1.960306
1.975607
1.744910
1.224830
1.781418
1.610086
1.575139
1.871137
1.502779
1.711705
1.899320
1.648094
1.500013
1.622656
1.971503
1.491501
1.805442
1.456321
1.998206
1.897238
1.986485
1.518218
1.960763
1.966081
1.757822
1.937727
1.712178
1.780411
1.875275
1.657076
1.829091
1.430380
1.709497
1.376583
1.829620
1.749437
1.726576
1.660086
1.725118
1.592323
1.899568
1.976241
1.511186
1.774105
1.899610
1.805565
1.910727
1.967195
1.746154
1.564354
1.934612
1.831359
1.826372
1.932779
1.755762
1.720122
1.691096
1.615265
1.777711
1.922625
1.867448
1.488183
1.962932
1.238580
1.540453
1.774409
1.027818
1.863123
1.627257
1.226024
1.494311
1.070574
1.681597
