1.931176
1.953142
1.884522
1.972435
1.722111
1.668659
1.939823
1.576600
1.980638
1.571342
1.912275
1.499252
1.769416
1.910820
1.838614
1.979139
1.698549
1.919681
1.983333
1.804388
1.926858
1.914061
1.894761
1.886591
1.620862
1.873276
1.722290
1.944468
1.996490
1.403993
1.702182
1.948004
1.869358
1.851225
1.988307
1.961709
1.923982
1.957921
1.989287
1.635635
1.995423
1.756298
1.666465
1.894648
1.759684
1.974907
1.741277
1.971712
1.832158
1.936592
1.961487
1.620189
1.739509
1.809449
1.807590
1.573755
1.832559
1.860098
1.879334
1.981629
1.534774
1.590515
1.640254
1.586959
1.936061
1.550644
1.608838
1.455470
1.885427
1.751199
1.974720
1.640230
1.794134
1.612697
1.814125
1.834190
1.487062
1.953369
1.917923
1.740165
1.792913
1.988224
1.625121
1.845530
1.550440
1.680885
1.775515
1.440615
1.473865
1.917664
1.793412
1.755745
1.812871
1.786822
1.948872
1.839673
1.648983
1.780496
1.992883
1.842098
1.548349
