1.042870
1.922037
1.658884
1.907046
1.085545
1.305234
1.479481
1.680675
1.727648
1.490169
1.994580
1.894277
1.339131
1.991595
1.370039
1.522446
1.426670
1.778174
1.725948
1.082436
1.794745
1.561126
1.518378
1.179277
1.212213
1.791587
1.107716
1.295186
1.967486
1.356696
1.945699
1.546746
1.732071
1.648866
1.372182
1.940866
1.934851
1.340647
1.492979
1.965287
1.910961
1.897363
0.873001
0.814393
1.969527
1.769042
1.577809
1.930980
1.546574
1.850729
1.801564
1.709148
1.869023
0.929943
1.586579
1.714595
1.691074
1.872729
1.705006
1.557463
1.575208
0.930146
1.463365
1.926731
1.226828
1.468700
1.998511
1.717335
1.732267
1.873218
1.864955
1.613254
1.354971
1.835535
1.710677
1.643606
1.437344
1.027999
1.516381
1.944772
1.629543
1.544003
1.597487
1.738825
1.509470
1.511380
1.813683
1.542073
1.992252
1.673250
1.723826
1.340015
1.703381
1.859813
1.737653
1.845211
1.828339
1.731198
1.714675
1.818542
1.679960
1.767439
1.791517
1.659036
1.700732
1.637716
1.549663
1.414717
1.231615
1.980214
1.863648
1.503962
0.911074
1.287442
1.872090
1.063517
1.296179
1.371683
1.793206
1.225451
1.390551
1.361921
1.822126
1.498243
1.974721
1.892055
1.712577
1.485023
1.976109
1.995811
1.478567
1.951922
1.296354
1.931989
1.613317
1.852702
1.955546
1.185471
1.907720
1.688805
1.919889
1.175574
1.320127
1.554362
1.419458
1.958443
1.274137
1.918267
1.956062
1.279272
1.777458
1.468591
1.345104
1.542420
1.956065
1.374745
1.722455
1.750907
1.422593
1.803512
1.868479
1.671816
1.700754
1.680812
1.916057
1.567632
1.675463
1.357651
1.556181
1.258593
1.223504
1.852477
1.607107
1.796422
1.518407
1.393678
1.275465
1.921143
1.644840
1.815865
1.820260
1.995859
1.656468
1.419990
1.231951
1.873982
1.801375
1.803220
1.712615
1.374007
1.962600
1.705329
1.870212
1.418354
1.883606
1.405792
1.881015
1.811054
1.895192
1.946261
1.603696
1.485395
1.747537
1.292627
1.348891
1.877749
1.849677
1.857964
1.386402
1.775312
1.885589
1.114557
1.805024
1.736771
1.850247
1.622099
1.982712
1.790220
1.952406
1.313904
1.328030
1.937536
1.830265
1.780692
1.425409
1.314719
1.692750
1.449709
1.188235
1.396961
1.641357
1.789578
1.157386
1.522357
1.785726
1.239533
1.651195
1.516050
1.698888
1.810713
1.536251
1.351750
1.730037
1.544915
1.437304
1.833615
1.628090
1.533966
1.746712
1.458201
1.741406
1.553092
1.692256
1.736345
1.244331
1.132676
1.604924
1.116704
1.687609
1.522144
1.561951
1.551860
1.531395
1.112837
1.322422
1.439379
1.349630
1.717768
1.209598
1.360006
1.705320
1.764314
1.873181
1.348354
1.699779
1.586709
1.446290
1.926378
1.471901
1.209062
1.960832
1.708233
1.791132
1.993663
1.580402
1.659521
1.748747
1.909044
1.441151
1.740752
1.749901
1.653306
1.367163
1.689412
1.992727
1.937668
1.055745
1.963648
1.810185
1.141425
1.552443
1.973099
1.983776
1.909328
1.280488
1.006655
1.504644
1.950466
1.801783
1.557511
1.840676
1.474286
1.732037
1.947301
1.666225
1.937434
1.740527
1.614704
1.937682
1.930093
1.507397
1.805958
1.683389
1.853138
1.712549
1.618347
1.525118
1.295533
1.949983
1.669482
1.906853
1.495093
1.494858
1.849947
1.937716
1.345296
1.336043
1.414922
1.864591
1.642351
1.305728
1.322610
1.177338
1.795452
1.872232
1.642920
1.517008
1.107462
1.317888
1.499527
1.225404
1.326158
1.532259
1.368180
1.790233
1.851300
1.678712
1.641145
1.538605
1.933092
1.941254
1.571847
1.632680
1.637901
1.878296
1.713231
1.654990
1.304458
1.287352
1.758248
1.935243
1.648149
1.721467
1.863974
1.061374
1.578817
1.622506
1.772354
1.880944
1.908271
1.980470
1.187226
1.844573
1.174175
1.630688
0.917177
1.377366
1.693811
1.155945
1.266388
1.322052
1.697339
1.856061
1.729917
1.247257
1.542667
1.314339
1.671644
1.804803
1.509903
1.673743
1.247161
1.774239
1.451527
1.977003
1.283435
1.590585
1.710847
1.774071
1.479844
1.542600
1.732184
1.764544
1.536413
1.092292
1.293037
1.813432
1.459472
1.353361
1.849030
1.155654
1.476119
0.963907
1.322050
1.568674
1.212689
1.622086
1.424276
1.711870
1.712943
1.885085
1.497049
1.732217
1.651001
1.803703
1.523322
1.446938
1.413728
1.085784
1.773055
1.727290
1.773155
1.765278
1.829031
1.773681
1.227480
1.484265
1.219485
1.431217
1.885777
1.445425
1.236430
1.555927
1.404165
1.890766
1.595806
1.564226
1.242021
1.385791
1.778944
1.505761
1.214639
1.989603
1.352955
1.138082
1.657765
1.728327
1.903780
1.707270
1.858808
1.570430
1.609187
1.707968
1.320467
1.301742
1.703191
1.845674
1.260086
1.977014
1.067599
1.366804
1.859536
1.873681
1.463126
1.464213
1.278317
1.842242
1.761542
1.924264
1.599716
1.763740
1.904543
1.546682
1.762857
1.398424
1.044941
1.955128
0.896615
1.958548
1.956227
1.363131
1.977572
1.252234
1.696938
0.682311
1.458694
1.320788
1.893677
1.777921
1.851677
1.591850
1.933010
1.356000
1.344185
1.303738
0.990786
1.585294
1.933847
1.443840
1.674522
1.338514
1.977676
1.678639
1.100543
1.591363
1.403432
1.265698
1.263366
0.906548
1.678470
1.391770
1.345450
1.630049
1.707575
1.654247
1.771668
1.784401
1.995387
1.818419
1.206560
1.179639
1.677953
1.946597
1.172451
1.370832
1.357841
1.741096
0.883718
1.150736
1.880549
1.623356
0.896367
1.389802
1.666794
1.865239
1.189174
1.937856
1.773946
1.885732
1.229961
1.760125
1.954783
1.509089
1.944912
1.712908
1.589983
1.749644
1.887769
1.950012
1.696037
1.958180
1.540608
1.467151
1.581133
1.284877
1.343427
1.392793
1.803514
1.500520
1.390186
1.839369
1.518184
1.320873
1.724419
1.948192
1.073023
1.573081
1.744279
1.536716
1.906316
1.494985
1.189698
1.474999
1.585585
1.835147
1.982061
1.872723
1.348598
1.298853
1.317401
1.829930
1.192465
1.678711
1.810228
1.426958
1.475391
1.729528
1.344191
1.979631
1.232380
1.493164
1.948663
0.896776
1.644205
1.658927
1.648206
1.231285
1.204196
1.854295
1.301610
1.058890
1.685095
1.978814
1.468601
1.825771
1.764764
0.967201
1.255925
1.465731
1.975289
1.844997
1.603099
1.794841
0.982352
1.491818
1.170497
1.964834
1.721732
1.521074
1.961143
1.605694
1.643197
1.809007
1.221793
1.205366
1.371744
1.943149
0.958447
1.574336
1.219370
1.477512
0.526615
