1.798730
1.890604
1.915144
1.956098
1.252531
1.755054
1.346729
1.554969
1.975557
1.699369
0.819869
1.745836
1.270961
1.595395
1.881344
1.674765
1.800623
1.393005
1.692879
1.490355
1.852554
1.594208
1.826531
1.752493
1.140043
1.355247
1.586861
1.764555
1.193241
0.975211
1.177603
1.967380
1.777375
1.932804
1.848164
1.821884
1.856318
1.918616
1.321166
1.951904
1.375796
1.870999
1.861724
1.729797
1.827607
1.676322
1.791472
1.756721
1.919252
1.597167
1.606720
1.506512
1.976068
1.245993
1.707276
1.968273
1.685538
1.898081
1.543236
1.866833
1.596692
1.908368
1.630360
0.857107
1.244145
1.844160
1.741857
1.934505
1.984210
1.829569
1.921726
1.653141
1.989894
1.836160
1.426952
1.134821
1.557577
1.898175
1.950255
1.909293
1.612040
1.994015
1.759486
1.362034
1.910905
1.620440
1.939036
1.647094
1.533426
1.973881
1.415050
1.909834
1.608399
1.602777
1.208538
1.317476
1.733924
1.663857
1.935512
1.699637
1.893420
1.855487
1.204429
1.967240
1.559404
1.206960
1.579635
1.525630
1.425012
1.608493
1.422558
1.859817
1.930522
1.971977
1.655834
1.937216
1.645106
1.869778
1.696316
1.862926
1.968501
1.882918
1.124474
1.601624
1.992059
1.809590
1.506838
1.468460
1.834688
1.961387
1.752553
1.965297
1.628652
1.949607
1.633018
1.684394
1.190411
1.724036
1.639667
1.951707
1.933372
1.688513
0.886787
1.474179
1.926034
1.648312
1.886460
1.356209
1.952887
1.837798
1.829122
1.525635
1.726638
1.677305
1.419275
1.847793
1.766342
1.861760
1.243440
1.653721
1.382681
1.306092
1.913512
1.661476
1.862149
1.693945
1.820712
1.784199
1.404787
1.860414
1.879081
1.448035
1.707307
1.651941
1.848386
1.259559
1.781060
1.533009
1.407887
1.988534
1.620922
1.964314
1.677230
1.770322
1.830970
1.180641
1.727873
0.941640
1.642375
1.080818
1.176150
1.714409
1.888683
1.309076
1.581063
1.627353
1.603915
1.395051
1.796070
1.564952
1.212793
1.319707
1.891587
1.767456
1.661681
1.482864
1.615323
1.688560
1.974065
1.155334
1.460585
1.292171
1.954141
1.635977
1.348179
1.233898
1.758446
1.929753
0.993426
1.909419
1.861925
1.229598
0.769029
