1.914990
1.754260
1.980708
1.767765
1.992613
1.982948
1.973460
1.919628
1.904454
1.942362
1.805845
1.992370
1.991340
1.889176
1.690392
1.847620
1.773140
1.990756
1.898812
1.771943
1.836053
1.761859
1.912457
1.812026
1.749789
1.928110
1.705030
1.673115
1.909447
1.863665
1.985368
1.754984
1.852868
1.765408
1.952811
1.668338
1.836850
1.874001
1.811850
1.743101
1.671098
1.838416
1.768589
1.725703
1.714685
1.973812
1.767187
1.786507
1.900006
1.971098
1.251560
1.859228
1.692955
1.965278
1.829493
1.818769
1.598908
1.933306
1.796872
1.988708
1.593274
1.623775
1.781776
1.869905
1.545839
1.828306
1.964156
1.985922
1.601726
1.953281
1.858688
1.860500
1.701899
1.895394
1.506211
1.677675
1.671646
1.699873
1.438087
1.723184
1.646773
1.804514
1.691936
1.586377
1.744289
1.637746
1.759014
1.916048
1.891047
1.742692
1.650392
1.791427
1.858486
1.958333
1.947912
1.867508
1.484613
1.955719
1.892399
1.779495
1.609119
1.668792
1.988515
1.890871
1.764155
1.985453
1.628382
1.677903
1.991811
1.622930
1.837965
1.337706
1.309181
1.469969
1.933365
1.456255
1.514903
1.924234
1.460122
1.305833
1.855272
1.359759
1.732611
1.583442
1.410196
1.763871
1.679849
1.864693
1.702111
1.554181
1.868993
1.838007
1.470047
1.851468
1.779301
1.874793
1.356622
1.581508
1.952652
1.628152
1.937941
1.558280
1.802488
1.242918
1.674757
1.875083
