1.971753
1.903419
1.852280
1.929077
1.511943
1.821083
1.903177
1.983497
1.958380
1.880101
1.805707
1.972087
1.744339
1.959806
1.889817
1.832101
1.964931
1.702810
1.594712
1.534503
1.958752
1.947603
1.908696
1.771802
1.721407
1.946756
1.989810
1.966450
1.852363
1.812485
1.795628
1.757183
1.948031
1.819153
1.992590
1.919192
1.659720
1.996433
1.767284
1.933280
1.656458
1.708898
1.961284
1.908522
1.930891
1.870155
1.484563
1.782613
1.933193
1.735181
1.912637
1.935864
1.804003
1.792419
1.487389
1.670264
1.892204
1.639537
1.745651
1.792343
1.527279
1.968548
1.714368
1.421035
1.964568
1.660725
1.817323
1.862579
1.637378
1.577869
1.897780
1.962326
1.488036
1.904092
1.909521
1.676796
1.425452
1.731929
1.505494
1.860426
1.658672
1.971075
1.524675
1.212097
1.429092
1.646591
1.900394
1.604125
1.532838
1.783454
1.636778
1.390128
1.719009
1.475121
1.563242
1.475228
1.748193
1.769165
1.888346
1.838710
1.555848
1.420086
1.900179
1.623610
1.539815
1.700632
1.675713
1.599715
1.710775
1.954314
1.735448
1.218391
1.721264
1.770765
1.645535
1.758289
1.990587
1.755334
1.668637
1.296674
1.445577
