1.984783
1.767384
1.608453
1.957471
1.848534
1.816628
1.697403
1.978078
1.652636
1.976418
1.867258
1.925318
1.885605
1.855142
1.835917
1.902964
1.787448
1.662663
1.984209
1.934211
1.828141
1.708690
1.970996
1.990640
1.881389
1.958700
1.955718
1.867996
1.690366
1.943864
1.967488
1.665793
1.801154
1.984836
1.937048
1.702734
1.662300
1.868113
1.891118
1.899588
1.647025
1.941425
1.479853
1.720023
1.921653
1.694617
1.883294
1.984032
1.908652
1.945913
1.592832
1.704653
1.813750
1.529352
1.877856
1.865649
1.876647
1.717916
1.679109
1.858940
1.629991
1.636809
1.848596
1.908594
1.750517
1.646378
1.719102
1.349966
1.536471
1.784252
1.926057
1.881902
1.896614
1.554895
1.752923
1.578302
1.333438
1.761712
1.767035
1.651936
1.871768
1.696431
1.950906
1.800386
1.756483
1.821780
1.942435
1.865568
1.751473
1.658094
1.739509
1.934054
1.398784
1.848826
1.591266
1.748858
1.699311
1.927206
1.689846
1.594732
1.861209
1.519501
1.306248
1.772567
1.699660
1.868789
1.630255
1.717935
1.601010
1.830787
1.731499
1.781196
1.412264
1.811494
1.889929
1.549970
1.345161
1.607451
1.310992
1.547003
1.622525
1.908609
1.521822
1.535906
1.663090
1.988892
1.247745
1.963082
1.522195
1.832691
1.516583
1.467617
1.946678
