1.864143
1.975786
1.982701
1.927138
1.935149
1.837516
1.765933
1.931803
1.779440
1.975989
1.874706
1.963616
1.776226
1.906541
1.800793
1.647349
1.995068
1.788524
1.835778
1.979440
1.607622
1.651944
1.786894
1.688906
1.654212
1.828262
1.944560
1.872258
1.874487
1.953309
1.921296
1.893059
1.529733
1.998040
1.586470
1.605674
1.843027
1.972127
1.675161
1.927442
1.922921
1.807341
1.745914
1.919143
1.994949
1.751187
1.969675
1.973806
1.965121
1.943352
1.605455
1.828728
1.980736
1.810987
1.750503
1.909150
1.633739
1.651123
1.850435
1.720574
1.998973
1.380010
1.989089
1.528895
1.899293
1.904358
1.615543
1.837468
1.925117
1.795214
1.435762
1.860631
1.921164
1.850030
1.659345
1.797815
1.795106
1.976436
1.852834
1.757620
1.807352
1.816951
1.810763
1.880597
1.867939
1.725049
1.876834
1.955319
1.479290
1.680648
1.692452
1.964635
1.682871
1.962574
1.787401
1.921882
1.934401
1.483376
1.622466
1.714355
1.763907
1.879569
1.993574
1.662301
1.859419
1.379538
1.982923
1.885415
1.527952
1.884320
1.642444
1.842545
1.807084
1.844721
1.607459
1.700639
1.957508
1.191029
1.758821
1.418573
1.495547
1.836640
1.812555
1.706191
1.770378
1.740950
1.620391
1.374275
1.611814
1.266439
