1.875861
1.720066
1.874113
1.995273
1.922706
1.944534
1.972048
1.964935
1.670979
1.912139
1.923849
1.668165
1.957099
1.973998
1.926089
1.774706
1.836293
1.751261
1.871710
1.973839
1.863340
1.796970
1.755063
1.831666
1.740144
1.741323
1.994095
1.803399
1.824279
1.718425
1.888883
1.427683
1.826004
1.804493
1.413741
1.698624
1.785933
1.831443
1.953691
1.844017
1.626909
1.823950
1.599199
1.728719
1.981481
1.917881
1.760828
1.883957
1.505060
1.957996
1.768844
1.678963
1.638698
1.768697
1.846346
1.445074
1.693956
1.966613
1.325280
1.876513
1.938542
1.458421
1.840547
1.775729
1.579278
1.782468
1.427902
1.675571
1.616352
1.698598
1.575395
1.988810
1.852791
1.841666
1.801165
1.881978
1.973570
1.876255
1.727373
1.757025
1.756888
1.956696
1.520151
1.519841
1.999316
1.556317
1.876772
1.635830
1.814643
1.598808
1.996948
1.736533
1.645084
1.541379
1.961588
1.985901
1.996641
1.349110
1.932631
1.142350
1.947740
1.381313
1.764704
1.960769
1.660700
1.300776
1.827544
