1.944050
1.868564
1.687244
1.902824
1.783210
1.845346
1.873539
1.626384
1.953022
1.913100
1.700311
1.797893
1.942627
1.979761
1.574124
1.495239
1.898384
1.597737
1.863617
1.970772
1.941978
1.679225
1.849470
1.732856
1.576549
1.729615
1.765369
1.938703
1.708501
1.883595
1.481891
1.705713
1.781099
1.727541
1.835010
1.900293
1.845301
1.999584
1.664211
1.393235
1.773963
1.719390
1.581529
1.934469
1.775721
1.819113
1.533179
1.977527
1.650189
1.997071
1.816117
1.986101
1.649678
1.654626
1.935739
1.992094
1.348812
1.781850
1.856538
1.845449
1.610173
1.938630
1.990549
1.728752
1.836047
1.912352
1.821309
1.675932
1.455694
1.623470
1.728627
1.640104
1.993640
1.528523
1.860458
1.533314
1.709223
1.823801
1.934981
1.972819
1.900279
1.611115
1.583131
1.899221
1.611455
1.606809
1.732976
1.897557
1.791036
1.517556
1.966876
1.799368
1.378393
1.654562
1.765297
1.982725
1.386813
1.679261
1.573282
1.581477
1.874107
1.860684
1.328885
1.784268
1.917727
1.750438
1.757058
1.836524
1.563748
1.643661
1.748356
1.604004
1.972976
1.981046
1.761760
1.953401
1.644695
1.865860
1.764335
1.945552
1.525071
1.311735
1.632805
1.901811
1.469479
1.851756
1.585427
1.654518
