1.945297
1.692071
1.897195
1.908336
1.678444
1.908682
1.970645
1.908410
1.661303
1.643237
1.723818
1.841949
1.984770
1.895266
1.898975
1.580141
1.881853
1.913597
1.827642
1.785273
1.959426
1.809077
1.368802
1.874802
1.959061
1.909503
1.710770
1.645977
1.821404
1.861039
1.821835
1.987738
1.659525
1.931465
1.776909
1.694765
1.971503
1.965030
1.665423
1.896475
1.691297
1.738018
1.566537
1.976211
1.703316
1.953601
1.930425
1.604779
1.912511
1.656042
1.910774
1.979650
1.806486
1.837970
1.903484
1.773691
1.750235
1.848288
1.661471
1.893310
1.479451
1.774223
1.486065
1.668636
1.876440
1.968752
1.628650
1.840876
1.965400
1.390317
1.791479
1.759346
1.908996
1.613446
1.957458
1.632305
1.627935
1.471312
1.989288
1.931427
1.506225
1.692186
1.642666
1.602901
1.771319
1.951372
1.901873
1.804519
1.442477
1.776780
1.891988
1.360695
1.622218
1.996714
1.944056
1.649418
1.797550
1.593947
1.633446
1.696576
1.427643
1.880235
1.836966
1.949127
1.407805
1.994038
1.719213
1.483846
1.827193
1.553610
1.699594
1.917302
1.864339
1.901703
1.772945
1.501223
1.973084
1.519170
1.568223
1.482929
1.987018
