1.697586
1.957909
1.913935
1.793126
1.875820
1.807150
1.986584
1.902459
1.892610
1.852624
1.615335
1.766816
1.926152
1.421082
1.734032
1.629711
1.764593
1.411905
1.920787
1.839358
1.911135
1.793857
1.819447
1.874934
1.888029
1.680723
1.762606
1.842792
1.358580
1.824284
1.988516
1.876608
1.929031
1.985925
1.990414
1.834131
1.891050
1.707348
1.996892
1.895606
1.321539
1.912232
1.430242
1.859277
1.802851
1.650446
1.846955
1.877872
1.743983
1.356717
1.484986
1.695066
1.950948
1.474212
1.861100
1.985120
1.700540
1.620495
1.845358
1.497364
1.911440
1.370233
1.683349
1.783819
1.953672
1.757633
1.694293
1.715353
1.561773
1.965278
1.481847
1.701308
1.876243
1.930674
1.415581
1.499256
1.634029
