1.654135
1.901948
1.881620
1.862578
1.751201
1.731712
1.974328
1.954482
1.762256
1.550351
1.801469
1.943652
1.936359
1.878056
1.887721
1.617932
1.811931
1.871031
1.918060
1.690704
1.535262
1.860818
1.892282
1.715826
1.797305
1.924858
1.963407
1.769003
1.924337
1.525813
1.719664
1.933959
1.855865
1.497696
1.806915
1.966525
1.823510
1.798280
1.889262
1.725633
1.833024
1.879654
1.914620
1.689218
1.865909
1.703039
1.764457
1.688474
1.620164
1.987797
1.873828
1.905316
1.608728
1.956039
1.705803
1.564219
1.614041
1.946720
1.753154
1.633494
1.745686
1.755461
1.708418
1.770780
1.863464
1.693247
1.765176
1.848634
1.572120
1.841028
1.887459
1.871032
1.885087
1.509056
1.978584
1.582644
1.786447
1.909083
1.363092
1.793209
1.624410
1.548698
1.763902
1.718421
1.570509
1.773908
1.879972
1.511618
1.785534
1.764427
1.831731
1.492840
1.365676
1.850158
1.634722
1.716433
1.652790
1.445859
1.377662
1.312592
1.688436
1.639185
1.515080
1.563827
1.965082
1.974869
