1.949935
1.973140
1.921232
1.880589
1.928792
1.867266
1.987716
1.803030
1.699630
1.909094
1.635196
1.876899
1.728880
1.495914
1.991546
1.960722
1.684812
1.897422
1.743230
1.663813
1.941255
1.954509
1.712412
1.531790
1.883319
1.866369
1.545097
1.893911
1.506514
1.578041
1.867469
1.849347
1.844085
1.491424
1.759281
1.793760
1.410656
1.925674
1.970427
1.799861
1.800032
1.648989
1.720316
1.648745
1.555279
1.911393
1.601392
1.886331
1.914468
1.814115
1.673837
1.698909
1.952596
1.935645
1.823326
1.640048
1.870617
1.898259
1.610816
1.921542
1.894788
1.802403
1.804362
1.496149
1.641370
1.666528
1.815280
1.973572
1.949592
1.441660
1.938206
1.686082
1.822887
1.845932
1.870553
1.914011
1.512385
1.693485
1.935511
1.966323
1.976601
1.859286
1.988031
1.950884
1.781311
1.404579
1.506888
1.981268
1.763357
1.588074
1.927180
1.818814
1.895891
1.442590
1.746262
1.437536
1.414725
1.664291
1.963045
1.989923
1.681229
1.618101
