1.953002
1.831247
1.881293
1.937581
1.998667
1.874119
1.794113
1.986651
1.884117
1.906370
1.878383
1.892518
1.927934
1.864250
1.625104
1.662805
1.586086
1.771302
1.876906
1.830982
1.710847
1.838622
1.765043
1.827386
1.937157
1.666707
1.642176
1.663102
1.932287
1.954719
1.838189
1.642791
1.647874
1.816368
1.411909
1.790928
1.589340
1.531887
1.503950
1.551630
1.902868
1.779534
1.823875
1.528499
1.736060
1.716624
1.768483
1.841319
1.794849
1.984238
1.739680
1.873739
1.845171
1.684300
1.342779
1.688114
1.854858
1.472064
1.922600
1.666959
1.710530
1.557733
1.847936
1.915753
1.752009
1.999241
1.434025
1.904095
1.842417
1.944274
1.879757
1.731488
1.426250
1.301520
1.620511
1.915821
1.986688
1.981788
1.331850
1.971680
1.849425
1.733341
1.454190
1.579898
1.618625
1.464755
1.763378
1.566259
1.993713
1.841553
1.990504
1.567856
1.561420
1.464910
1.885120
1.880057
1.660800
1.435453
1.469618
1.980005
1.534341
1.269445
1.904669
