1.894654
1.898843
1.884296
1.969656
1.950283
1.852445
1.914724
1.903337
1.989347
1.943701
1.975388
1.680495
1.651344
1.598111
1.925652
1.906109
1.782682
1.870856
1.917882
1.771261
1.991067
1.916401
1.994140
1.954952
1.881022
1.876412
1.852589
1.614084
1.860784
1.830669
1.789633
1.913686
1.849201
1.614683
1.638630
1.899493
1.812657
1.980261
1.968903
1.879988
1.852429
1.986183
1.870399
1.965628
1.774593
1.867850
1.760712
1.718345
1.567044
1.937970
1.966833
1.562787
1.953712
1.918741
1.852564
1.637239
1.591525
1.928833
1.804573
1.754121
1.889647
1.976510
1.638534
1.798041
1.634933
1.953522
1.822851
1.516956
1.885892
1.937713
1.925730
1.954067
1.820830
1.706433
1.899953
1.784098
1.600266
1.967516
1.619994
1.405790
1.693817
1.806723
1.520962
1.808408
1.610437
1.447698
1.808998
1.801201
1.423961
1.758486
1.676066
1.782915
1.955889
1.603350
1.950555
1.561992
1.983349
1.956322
1.863784
1.833214
1.366335
1.257568
1.959929
1.641386
1.914171
1.742907
1.990781
1.957900
1.912572
1.939466
1.416633
1.609704
1.806019
1.915626
1.870101
1.899441
1.608851
1.777899
1.280501
1.995621
1.625126
1.854842
1.727948
1.431690
1.451064
1.974652
1.984255
1.845864
1.378713
1.491508
1.961079
1.568431
1.902726
1.709580
1.365892
1.911631
1.928805
1.320426
1.719503
