1.985204
1.876650
1.951212
1.892915
1.992096
1.990693
1.831797
1.944762
1.854289
1.980734
1.878291
1.982601
1.746416
1.791260
1.824671
1.779458
1.783552
1.496736
1.872822
1.774400
1.432776
1.947807
1.764578
1.748383
1.976932
1.792742
1.787869
1.944260
1.926373
1.800836
1.975584
1.828631
1.889482
1.843292
1.951088
1.768608
1.759533
1.625512
1.865556
1.623817
1.873500
1.713621
1.741451
1.792053
1.649635
1.651765
1.579974
1.979918
1.686402
1.851616
1.906028
1.892327
1.808583
1.609348
1.646906
1.754923
1.878006
1.731295
1.886872
1.541743
1.639089
1.901234
1.862315
1.776035
1.992186
1.998895
1.913466
1.804915
1.996855
1.986188
1.966528
1.675073
1.417722
1.580690
1.357365
1.841694
1.866918
1.488624
1.838116
1.964247
1.760180
1.983739
1.616875
1.779407
1.489957
1.483269
1.497457
1.839620
1.568340
1.998148
1.357072
1.754769
1.702475
1.677667
1.998035
1.986680
1.961161
1.702534
1.446397
1.657828
1.825583
1.998363
1.585891
1.678288
1.950131
1.922026
1.714717
1.768729
1.274114
1.348808
1.474768
1.948373
1.776241
1.978944
1.735711
1.724093
1.755837
1.902705
1.857598
