1.844373
1.923210
1.938104
1.881874
1.551645
1.457762
1.958052
1.936079
1.955695
1.495247
1.845234
1.958717
1.868377
1.712079
1.445727
1.845970
1.512330
1.948176
1.969296
1.834344
1.660926
1.393844
1.908572
1.924358
1.556168
1.744525
1.981257
1.534375
1.397927
1.958660
1.688725
1.880893
1.463806
1.799533
1.992482
1.802174
1.661129
1.729019
1.446258
1.627158
1.367606
1.508290
1.554163
1.904907
1.930595
1.791004
1.918413
1.877438
1.826488
1.983728
1.835754
1.567516
1.514928
1.986430
1.443211
1.940285
1.907250
1.289416
1.617684
1.713475
1.701499
1.569743
1.852557
1.365530
1.624667
1.324784
1.226536
1.918599
1.589275
1.704163
1.745637
1.850684
1.924470
1.417605
1.520464
1.599999
