1.695282
1.939854
1.928663
1.814789
1.959191
1.705404
1.457975
1.968015
1.985402
1.787155
1.707732
1.827386
1.688758
1.894260
1.993548
1.716557
1.896908
1.875684
1.847112
1.981374
1.990493
1.660577
1.842129
1.657976
1.967307
1.911930
1.934169
1.845129
1.902663
1.819646
1.991741
1.925390
1.863526
1.968201
1.958118
1.637181
1.664115
1.824172
1.836947
1.781400
1.747810
1.746054
1.682367
1.716827
1.995992
1.992862
1.704843
1.534970
1.890661
1.730433
1.828463
1.949145
1.932001
1.944597
1.879767
1.638187
1.793654
1.987649
1.867745
1.613964
1.786471
1.920390
1.419262
1.535689
1.698714
1.920734
1.363374
1.476705
1.708442
1.502152
1.740669
1.996105
1.996215
1.455726
1.797990
1.940123
1.594679
1.931809
1.356315
1.869248
1.686203
1.206472
1.739922
1.943068
1.829138
1.835750
1.578733
1.663790
1.686920
1.370506
1.491684
1.332816
1.675424
1.700271
1.735611
1.399926
1.530630
1.565086
1.579223
1.390211
