1.981706
1.997630
1.810752
1.959617
1.949369
1.625570
1.871827
1.997586
1.712677
1.980455
1.967970
1.436404
1.826424
1.852664
1.948771
1.898877
1.721209
1.996345
1.995960
1.362916
1.908513
1.891376
1.963447
1.816386
1.757349
1.783467
1.948178
1.996818
1.902563
1.856686
1.883624
1.751133
1.773128
1.980351
1.759531
1.966427
1.968936
1.775832
1.918619
1.793448
1.467329
1.605123
1.954221
1.721585
1.988846
1.728645
1.941865
1.984151
1.989495
1.620150
1.846674
1.547439
1.913021
1.820143
1.531391
1.795810
1.586482
1.538762
1.766800
1.844957
1.891112
1.556348
1.795747
1.704673
1.549783
1.585901
1.572588
1.615663
1.642329
1.472188
1.755733
1.577451
1.792680
1.708711
1.530068
1.858511
1.546508
1.749921
1.930673
1.688724
1.542693
1.644474
1.958120
1.766546
1.833421
1.877654
1.904979
1.971084
1.703749
1.795500
1.653341
1.926690
1.660480
1.714296
1.845516
1.775347
1.970482
1.941280
1.629343
1.749511
1.643582
1.754867
1.854652
1.940620
1.614519
1.866216
1.659899
1.745020
1.818401
1.429931
1.933267
1.693833
1.944465
1.647273
1.843686
1.586726
1.906823
1.591615
1.533430
1.778501
1.408463
1.565618
1.795384
1.640689
1.831620
1.812971
1.888092
1.597734
1.465396
1.313233
