1.971330
1.842920
1.764945
1.862164
1.758817
1.749646
1.853638
1.981004
1.881120
1.848877
1.745045
1.637778
1.914846
1.883512
1.626117
1.944043
1.892943
1.631695
1.903520
1.976242
1.909677
1.867369
1.785020
1.975859
1.943632
1.446879
1.936916
1.935890
1.946196
1.976806
1.888494
1.702143
1.716599
1.939883
1.745670
1.754120
1.916371
1.652433
1.589744
1.495740
1.673000
1.862960
1.640815
1.742528
1.410083
1.779712
1.621851
1.911376
1.843777
1.725890
1.898771
1.835036
1.777192
1.904747
1.822588
1.589455
1.888654
1.988852
1.829177
1.702922
1.864887
1.591681
1.935942
1.920583
1.867638
1.549594
1.711602
1.771077
1.743856
1.538051
1.913275
1.798287
1.611988
1.939157
1.703372
1.957017
1.663140
1.959722
1.772006
1.891098
1.979652
1.794380
1.695572
1.991924
1.974130
1.706277
1.975930
1.523120
1.748053
1.838978
1.799075
1.752850
1.393492
1.878239
1.884678
1.526657
1.614858
1.890320
1.687038
1.607627
1.850630
