1.998447
1.914506
1.799446
1.976820
1.935100
1.876425
1.988173
1.959464
1.770281
1.992743
1.866557
1.611063
1.910124
1.970757
1.801826
1.893383
1.735191
1.942155
1.993066
1.825426
1.733891
1.854877
1.596627
1.842363
1.801395
1.885668
1.663911
1.887781
1.814724
1.745653
1.972104
1.892491
1.926593
1.902276
1.946487
1.768046
1.892316
1.831379
1.823528
1.808750
1.954992
1.611924
1.895424
1.778331
1.905366
1.904225
1.581605
1.872498
1.665656
1.927798
1.849840
1.923504
1.605721
1.870672
1.769945
1.819800
1.736424
1.400255
1.548262
1.627254
1.805866
1.885819
1.799123
1.589613
1.991970
1.753085
1.816471
1.505362
1.846612
1.942546
1.845564
1.931243
1.885093
1.971295
1.883531
1.748494
1.794684
1.903420
1.907870
1.621108
1.442786
1.824403
1.727439
1.503353
1.804708
1.495574
1.789542
1.632856
1.726816
1.521148
1.714729
1.936138
1.602199
1.694484
1.536750
1.815861
1.969918
1.920761
1.827360
1.951423
1.433569
1.594556
1.505769
1.668705
1.508794
1.773892
1.384586
1.568783
1.686642
1.862029
1.821207
1.619492
1.600773
1.794726
1.460704
1.465845
1.303464
1.958038
1.973779
1.357080
