1.748848
1.723228
1.935301
1.822073
1.945233
1.942769
1.820114
1.992685
1.938365
1.981282
1.864108
1.954954
1.868883
1.807300
1.749866
1.609489
1.934455
1.793029
1.810127
1.963524
1.718999
1.819898
1.953570
1.994768
1.622888
1.943402
1.972203
1.383098
1.926946
1.954182
1.504896
1.924240
1.648516
1.879826
1.969065
1.998471
1.960572
1.703065
1.892455
1.882602
1.485672
1.822997
1.798842
1.970282
1.672558
1.961064
1.977551
1.995521
1.833658
1.589028
1.473024
1.869743
1.755493
1.495985
1.995462
1.634972
1.687755
1.998353
1.825611
1.993807
1.869409
1.595703
1.636402
1.760619
1.966426
1.889362
1.903479
1.983032
1.568095
1.837496
1.387267
1.637958
1.890823
1.713600
1.789200
1.693906
1.840591
1.992560
1.581182
1.730874
1.557111
1.482496
1.772827
1.970045
1.999945
1.467570
1.949437
1.517414
1.817044
1.998190
1.966241
1.623892
1.616533
1.684872
1.581046
1.676345
1.677558
1.938594
1.698175
1.703705
1.682885
1.602224
1.384969
1.995857
1.649675
1.321664
1.823289
1.447152
1.932240
1.327212
1.429625
1.780649
1.813772
1.334666
1.737267
1.408243
1.310547
1.508981
1.599102
1.619141
1.801690
1.882809
1.833266
1.392222
1.929760
1.837991
1.853078
1.805441
