1.808357
1.471006
1.959231
1.825766
1.899860
1.741580
1.949252
1.706241
1.996061
1.961516
1.791264
1.894474
1.925454
1.717653
1.628075
1.682656
1.925308
1.932104
1.999134
1.456301
1.694863
1.832648
1.665671
1.604910
1.546708
1.625309
1.899488
1.991740
1.453483
1.777402
1.752620
1.385833
1.876530
1.969759
1.730198
1.905505
1.801655
1.866252
1.692302
1.684350
1.883915
1.755947
1.976740
1.773313
1.613911
1.967508
1.685250
1.566872
1.489877
1.855793
1.923060
1.807889
1.613425
1.718938
1.540810
1.504471
1.750897
1.547126
1.741636
1.555118
1.762993
1.941919
1.801805
1.595792
1.471852
1.868281
1.964579
1.813363
1.727831
1.776065
1.946198
1.779218
1.955487
1.542547
1.574460
1.887452
1.550862
1.751113
1.552532
1.402987
1.481840
1.743887
1.688888
1.918180
1.932305
1.433817
1.670227
1.564534
1.687636
1.399010
1.317945
1.533235
1.456749
1.510551
1.317828
1.940611
1.689185
1.539685
1.742935
