1.963920
1.949190
1.989639
1.936371
1.978348
1.932993
1.768773
1.526890
1.952825
1.884489
1.814672
1.948956
1.968191
1.990694
1.917373
1.806378
1.997619
1.907912
1.829470
1.891175
1.731931
1.977339
1.744553
1.834269
1.689950
1.778555
1.940977
1.860418
1.693929
1.889009
1.980577
1.818142
1.822512
1.889922
1.853193
1.875646
1.787165
1.730561
1.776043
1.823673
1.738736
1.928555
1.935888
1.810331
1.927267
1.841634
1.933067
1.868178
1.760200
1.996219
1.588268
1.704604
1.909718
1.945393
1.664850
1.776528
1.854190
1.997047
1.806688
1.906852
1.887698
1.572389
1.718635
1.869189
1.614491
1.792591
1.935160
1.737555
1.787315
1.526071
1.784097
1.864994
1.941316
1.468361
1.897006
1.548604
1.828523
1.789062
1.927237
1.576327
1.358599
1.773533
1.634335
1.703242
1.504195
1.952558
1.504898
1.902500
1.762579
1.975659
1.690241
1.772997
1.477669
1.943963
1.904214
1.906495
1.568424
1.795712
1.810510
1.895467
1.959053
1.757790
1.780262
1.527899
1.628162
1.610059
1.341977
1.894734
1.557754
1.365851
1.893331
1.957486
1.433812
1.270502
1.460978
1.977938
1.523759
1.821025
1.230015
1.344572
1.634017
1.678803
1.765963
1.845217
1.940794
1.749670
1.789606
1.343008
1.793729
1.513003
