1.819742
1.907001
1.894980
1.834163
1.985117
1.943026
1.989260
1.887392
1.988650
1.818665
1.900552
1.958192
1.789751
1.750086
1.941491
1.534446
1.811381
1.939855
1.944098
1.836374
1.872858
1.916782
1.902589
1.905533
1.926747
1.884608
1.801871
1.589402
1.795787
1.868170
1.876470
1.687058
1.590934
1.898106
1.899924
1.863520
1.766400
1.753890
1.536412
1.633679
1.479314
1.967952
1.784467
1.823694
1.709575
1.975001
1.444476
1.584149
1.713783
1.985810
1.820822
1.918581
1.772885
1.874452
1.900457
1.659027
1.868118
1.610879
1.684108
1.804403
1.697955
1.858099
1.646474
1.966876
1.837481
1.952799
1.672458
1.778402
1.643807
1.718078
1.875987
1.851093
1.914030
1.865852
1.335586
1.858444
1.748840
1.522013
1.601798
1.659354
1.607752
1.942799
1.499415
1.678678
1.591290
1.693551
1.889752
1.627109
1.424732
1.902210
1.990470
1.586435
1.511346
1.962084
1.757366
1.841188
1.607410
1.742401
1.733637
1.991595
1.666868
1.356678
1.789410
1.391680
1.797538
1.625280
1.657335
1.621304
1.565195
1.800828
1.727550
1.778987
1.784949
1.761545
1.969240
