1.479349
1.945096
1.545144
1.639575
1.671916
1.722824
1.875198
1.669920
1.992644
1.848804
1.877693
1.805190
1.999001
1.638600
1.741987
1.950219
1.932941
1.529633
1.880637
1.916470
1.308310
1.870989
1.700132
1.758694
1.934010
1.961543
1.702158
1.536493
1.771552
1.605945
1.430473
1.892875
1.738616
1.937833
1.730126
1.804204
1.709399
1.893646
1.627339
1.759339
1.639019
1.586602
1.340698
1.499659
1.666388
1.683559
1.442703
1.685301
1.930105
1.392369
1.520263
1.800844
1.589767
1.615844
1.675485
1.746981
1.924452
1.484200
1.782519
1.664211
1.365267
1.854046
1.955147
1.421952
1.833030
