1.996115
1.874979
1.948585
1.930540
1.956212
1.892019
1.875204
1.892964
1.899612
1.946537
1.803318
1.918386
1.801542
1.691070
1.985228
1.841962
1.849467
1.614368
1.593559
1.949675
1.637814
1.816861
1.905415
1.998371
1.995370
1.857253
1.680552
1.915149
1.866140
1.746528
1.624821
1.786971
1.989588
1.611458
1.743790
1.926066
1.946744
1.822468
1.988912
1.618171
1.671663
1.876228
1.978386
1.835806
1.922933
1.991394
1.436352
1.893252
1.953525
1.823617
1.949899
1.745947
1.783079
1.717495
1.801296
1.913832
1.622927
1.640132
1.656343
1.591023
1.880080
1.662508
1.890446
1.471299
1.995212
1.694709
1.862964
1.921979
1.861906
1.687365
1.858259
1.874598
1.643761
1.518859
1.808359
1.608200
1.600261
1.914954
1.550921
1.664425
1.864513
1.218300
1.919320
1.656496
1.560829
1.625162
1.999471
1.665878
1.980867
1.957074
1.807442
1.630107
1.831339
1.694714
1.923334
1.993979
1.819051
1.778507
1.949455
1.920962
1.986918
1.876743
1.636950
1.840946
1.764285
1.903567
