1.425283
1.803705
1.611093
1.925308
1.466612
1.325346
1.975135
1.940520
1.636714
1.475499
1.150820
1.476953
1.869149
1.657835
1.630379
1.163344
1.521140
1.816863
1.621600
1.898906
1.261953
1.015969
1.806554
1.660846
1.653215
1.844078
1.372825
1.735275
1.441979
1.703123
1.475835
1.908679
1.760090
1.309389
1.130877
1.440043
1.667087
1.629725
1.601971
1.590402
0.940493
1.707780
1.505521
1.719037
1.393003
1.494389
1.371476
1.399076
1.565579
1.887932
1.278371
1.930934
1.829596
1.909379
1.141110
1.748541
1.041258
1.099645
1.530252
1.880037
1.650768
1.777221
1.400918
1.437488
1.325237
1.956852
1.881023
1.627414
1.961387
1.975584
1.919341
1.779382
1.142069
1.746085
1.816044
1.746748
1.338438
1.355910
1.527325
1.411700
1.247879
1.133050
1.266839
1.472977
1.686452
1.599763
1.556805
1.670879
1.937782
1.733871
1.595147
1.098172
1.857704
1.969051
1.838819
1.994277
1.740972
1.567096
1.822340
1.765681
1.260185
1.487449
1.666649
1.580222
1.871094
1.985156
1.691720
1.270950
1.879448
1.957235
1.756175
1.925276
0.887604
1.890184
1.953951
1.827512
1.794112
1.932669
1.495096
1.281305
1.566745
1.572155
1.246034
1.149655
1.290802
1.764102
1.462641
1.371079
1.550948
1.909044
1.522907
1.528374
1.969820
1.973289
1.948780
1.702710
1.749917
0.717677
1.237603
