1.897328
1.717480
1.785040
1.993606
1.914493
1.905247
1.801015
1.880532
1.920126
1.774714
1.788729
1.964165
1.945625
1.659081
1.533048
1.594251
1.738946
1.901557
1.900659
1.778168
1.934226
1.878640
1.880563
1.843484
1.948650
1.858651
1.779107
1.819505
1.808368
1.724503
1.980678
1.724503
1.568687
1.727040
1.868539
1.758849
1.894912
1.978709
1.766489
1.824243
1.968650
1.655209
1.838782
1.750610
1.901360
1.978425
1.756647
1.865697
1.839818
1.691489
1.894374
1.773280
1.675377
1.608276
1.778361
1.900020
1.896164
1.784007
1.543766
1.961044
1.807577
1.817230
1.746920
1.789546
1.583632
1.822632
1.706298
1.440723
1.848210
1.492233
1.852556
1.778903
1.976319
1.861941
1.766928
1.776900
1.766791
1.654037
1.469139
1.955221
1.692696
1.869231
1.930670
1.481031
1.897673
1.778529
1.839673
1.720346
1.774608
1.679362
1.973845
1.409918
1.743404
1.795051
1.750365
1.758279
1.998275
1.879130
1.733623
1.426189
1.843029
1.507937
1.682050
1.836144
1.785123
1.737532
1.842148
1.563727
1.498212
1.510840
1.862444
1.696015
1.805285
1.396767
1.786410
1.573323
1.776963
1.537755
1.483014
1.882515
1.990386
1.961315
1.885648
1.927866
1.282434
1.798142
1.819250
1.622413
1.415822
1.502106
1.493503
1.690075
1.321570
1.454430
1.781512
1.615539
