1.891480
1.655603
1.930322
1.995956
1.752716
1.651935
1.867530
1.941190
1.817078
1.328454
1.780189
1.935599
1.719920
1.972066
1.881471
1.835241
1.925791
1.907538
1.856143
1.904656
1.985425
1.738097
1.975454
1.938600
1.980257
1.668474
1.894976
1.966715
1.831935
1.991386
1.690957
1.678122
1.665621
1.671925
1.774515
1.480344
1.833388
1.776569
1.809756
1.878580
1.988592
1.542086
1.593143
1.970931
1.832579
1.827693
1.641648
1.979626
1.709293
1.895069
1.861696
1.917036
1.837879
1.727492
1.579184
1.508341
1.845509
1.612472
1.974702
1.985094
1.409924
1.666597
1.979760
1.705980
1.801974
1.930038
1.991783
1.708046
1.852174
1.230751
1.873361
1.714304
1.787397
1.746936
1.701049
1.842244
1.938652
1.860914
1.563260
1.859183
1.574579
1.564959
1.782820
1.999018
1.950632
1.739733
1.583481
1.710948
1.312308
1.250166
