1.859965
1.905932
1.921738
1.353737
1.219305
1.796536
1.597569
1.947968
1.442183
1.596362
1.861448
1.564281
1.694108
1.036824
1.745248
1.770724
1.762911
1.200253
1.628420
1.898909
1.572044
1.810213
1.795734
1.857519
1.083475
1.923758
1.552452
1.947689
1.276391
1.738462
1.170933
1.613545
1.878752
1.825037
1.747836
1.715270
1.412979
1.613506
1.843910
1.897910
1.855253
1.321279
1.803773
1.887175
1.889472
1.686457
1.816621
1.813798
1.898487
1.760227
1.747884
1.622953
1.965423
1.931132
1.908886
1.673781
1.785539
1.431884
1.898046
1.834478
1.546589
1.356760
1.795741
1.583504
1.191752
1.716008
1.940990
1.690309
1.715247
1.855317
1.729929
1.122717
1.925222
1.421157
1.163546
1.951742
1.784944
1.780628
1.196555
1.747436
1.773520
1.136964
1.272085
1.036485
1.276589
