1.758837
1.962053
1.949409
1.759708
1.991415
1.961674
1.795697
1.868842
1.968510
1.944239
1.745719
1.977124
1.761358
1.783484
1.925799
1.732592
1.945324
1.815033
1.974670
1.965934
1.892505
1.932283
1.864849
1.860766
1.828188
1.819585
1.893241
1.708154
1.984579
1.905878
1.527299
1.929369
1.963457
1.855270
1.856592
1.797063
1.988628
1.651231
1.354581
1.905388
1.866600
1.698900
1.933835
1.958717
1.951263
1.818842
1.980277
1.897393
1.791979
1.547021
1.761172
1.984352
1.527243
1.819585
1.873974
1.540164
1.793038
1.732214
1.942312
1.574511
1.930331
1.757859
1.723479
1.523774
1.764764
1.642341
1.525923
1.917605
1.669674
1.754041
1.715981
1.683192
1.975367
1.780316
1.812420
1.743456
1.995529
1.881645
1.968974
1.579785
1.745772
1.882673
1.960244
1.832465
1.545561
1.968682
1.794758
1.882334
1.495048
1.777064
1.807355
1.749399
1.427647
1.789747
1.818812
1.408748
1.325376
1.742289
1.867642
1.968377
1.589870
1.771571
1.738085
1.666148
1.239209
1.558016
1.501529
1.843994
1.535770
1.909230
1.690018
1.998207
1.539402
1.593273
1.355092
1.964052
1.722067
