1.987917
1.969551
1.805964
1.886855
1.972916
1.889331
1.877898
1.938309
1.879737
1.673657
1.963749
1.743790
1.928364
1.897919
1.895517
1.689444
1.950078
1.758023
1.789478
1.727190
1.743908
1.935731
1.865365
1.772238
1.839783
1.947455
1.989164
1.705116
1.680708
1.959625
1.836346
1.731466
1.978061
1.853521
1.832203
1.969466
1.937431
1.859452
1.969520
1.891570
1.715736
1.972510
1.802233
1.837767
1.898206
1.711778
1.582849
1.930404
1.772947
1.968675
1.987118
1.662189
1.748914
1.877773
1.985151
1.566111
1.926902
1.844511
1.709331
1.812580
1.799156
1.404125
1.898186
1.924671
1.291223
1.408581
1.819465
1.876012
1.744122
1.932779
1.702396
1.602577
1.757734
1.625484
1.650447
1.903445
1.655481
1.324078
1.458709
1.790114
1.461334
1.633964
1.768373
1.677497
1.374209
1.808359
1.691963
1.807839
1.858444
1.826636
1.858528
1.677612
1.479769
1.956200
1.585240
1.945434
1.815229
1.566724
1.734596
1.999299
1.875656
1.426300
1.437205
1.668050
1.174329
1.732440
1.944414
1.723827
1.574143
1.556527
1.816132
1.395957
1.573356
1.788262
