1.905741
1.716133
1.746823
1.704387
1.895174
1.865548
1.893976
1.921158
1.932386
1.767533
1.843420
1.975158
1.933759
1.832196
1.642020
1.980538
1.944976
1.982824
1.945107
1.788027
1.745900
1.807411
1.866130
1.769703
1.576951
1.908858
1.982058
1.826371
1.674848
1.934272
1.708794
1.951361
1.872710
1.806656
1.899066
1.832574
1.712062
1.744020
1.617946
1.796641
1.995768
1.551104
1.866257
1.732171
1.724047
1.717400
1.874291
1.742132
1.667257
1.901439
1.838766
1.843821
1.670288
1.928900
1.750738
1.813002
1.761631
1.760948
1.766643
1.954228
1.553145
1.746769
1.842336
1.844403
1.546663
1.904756
1.924979
1.874190
1.767618
1.744328
1.618731
1.674316
1.805112
1.825577
1.938434
1.663279
1.908622
1.824243
1.844888
1.604008
1.668801
1.597262
1.978892
1.258786
1.689553
1.542287
1.787035
1.737586
1.431523
1.605519
1.998724
1.982149
1.924512
1.650114
1.862117
1.965426
1.746856
1.508678
1.432345
1.920207
1.982596
1.314854
1.804377
1.345280
1.170789
