1.831924
1.735809
1.883678
1.587711
1.395874
1.569497
1.610991
1.508475
1.544852
1.745605
1.517375
1.654944
1.960468
1.641151
1.878856
1.832352
1.403457
1.869596
1.901154
1.940804
1.872224
1.794312
1.613793
1.922067
1.853402
1.643645
1.459807
1.919735
1.605354
1.579499
1.588688
1.974731
1.152029
1.746468
1.904338
1.293487
1.794301
1.981573
1.933711
1.329763
1.650127
1.907485
1.672730
1.409812
1.698830
1.710956
1.922011
1.798390
1.497578
1.887046
1.695270
1.763439
1.476856
1.921277
1.955074
1.748903
1.916727
1.831854
1.947421
1.990705
1.944638
1.993862
1.994172
1.601203
1.850900
1.506588
1.404668
1.813120
1.862087
1.952806
1.963757
1.845625
1.624936
1.946341
1.740736
1.734096
1.545968
1.490639
1.438958
1.531862
1.503523
1.931825
1.419961
1.704756
1.974170
1.789523
1.776570
1.533146
1.958534
1.806945
1.413812
1.473560
1.296379
1.815842
1.792870
1.955558
1.447752
1.999924
1.379656
1.447315
1.805603
1.786908
1.881742
1.876072
1.670329
1.558585
1.755914
1.817850
1.840238
1.987915
1.908575
1.572365
1.887918
1.671696
1.644969
1.596494
1.724810
1.839191
1.640907
1.763056
1.820380
1.939976
1.912639
1.995281
1.990605
1.857784
1.996439
1.903805
1.881574
1.599746
1.977441
1.732354
1.962258
1.965210
1.521474
1.920455
1.906864
1.557188
1.000402
1.875348
1.654573
1.574861
1.913441
1.821076
1.713106
1.860152
1.486997
1.950128
1.997592
1.117935
1.563893
1.337798
0.966767
1.986595
1.503856
1.671901
1.651213
1.630709
0.984629
1.926775
1.541660
1.742103
1.893160
1.745965
1.948638
1.672146
1.997942
1.459530
1.380960
1.758324
1.954110
1.395148
1.665586
1.807046
1.656568
1.806662
1.735052
1.780797
0.999308
0.887317
1.700264
1.232508
1.917835
1.782827
1.703416
1.759229
1.817658
1.407644
1.950158
1.839315
1.335356
1.933438
1.859951
1.147761
1.510061
1.567344
1.448241
1.957395
1.306510
1.229291
1.542300
1.442219
1.648997
1.074755
1.887674
1.737672
1.041554
1.647506
1.610220
1.136138
1.671963
1.896718
1.402236
1.571350
1.342744
1.751052
1.954099
1.853868
1.509249
1.855954
1.788696
1.308329
1.950305
1.867911
1.264999
1.145583
1.456296
1.488434
0.978649
1.370283
1.766283
1.538379
0.817607
1.509890
