1.999877
1.870478
1.843139
1.964926
1.757023
1.605468
1.826738
1.580978
1.654761
1.942239
1.798476
1.838703
1.848793
1.841526
1.835450
1.977669
1.841306
1.619150
1.824019
1.945408
1.954364
1.714360
1.822149
1.807935
1.935017
1.531266
1.714982
1.810374
1.830434
1.743920
1.890491
1.900518
1.841497
1.925565
1.874291
1.499513
1.992642
1.728344
1.901987
1.798163
1.752951
1.754348
1.450280
1.913754
1.527572
1.873502
1.531477
1.708256
1.753671
1.987954
1.486260
1.964578
1.987615
1.777012
1.989031
1.634343
1.937501
1.846874
1.928068
1.625951
1.643330
1.731541
1.736019
1.515825
1.911782
1.601753
1.695639
1.634602
1.920968
1.736327
1.856421
1.975060
1.805014
1.515859
1.644243
1.742019
1.749101
1.806166
1.507412
1.784685
1.939238
1.626772
1.697930
1.710996
1.832269
1.456083
1.760700
1.545425
1.860925
1.831105
1.633528
1.426047
1.866018
1.573730
1.582969
1.831921
1.636042
1.919328
1.764453
1.866695
1.262596
1.473087
1.855689
1.285970
1.509537
1.591113
1.221699
1.893205
1.744710
1.228323
1.838773
1.518070
1.896947
1.401150
1.607608
1.430361
1.441206
1.716883
