1.786546
1.994092
1.877648
1.926487
1.962709
1.756056
1.905729
1.504120
1.904710
1.919604
1.889021
1.653873
1.740818
1.998782
1.966815
1.997594
1.668318
1.848976
1.776861
1.950081
1.644907
1.952721
1.853529
1.635168
1.822050
1.943101
1.812870
1.594344
1.910381
1.912076
1.723944
1.976639
1.945467
1.956403
1.797233
1.816092
1.994951
1.707018
1.914300
1.921111
1.857359
1.855721
1.913848
1.633492
1.884354
1.994514
1.829740
1.867427
1.991135
1.619136
1.764621
1.835113
1.779368
1.836819
1.936378
1.854002
1.905237
1.680533
1.636787
1.856939
1.602147
1.848034
1.587356
1.988704
1.847738
1.644958
1.928006
1.705737
1.581686
1.876277
1.636056
1.511159
1.921189
1.246174
1.687625
1.521318
1.680629
1.796679
1.976085
1.623517
1.951055
1.854797
1.727518
1.913365
1.747680
1.859184
1.689739
1.836271
1.615803
1.636980
1.510124
1.961170
1.551212
1.663544
1.704698
1.577628
1.746053
1.815438
1.945516
1.960613
1.780559
1.906052
1.603575
1.613749
1.867514
1.895711
1.974641
1.850077
1.838606
