1.985055
1.956416
1.988157
1.763806
1.921926
1.908712
1.884902
1.902005
1.606222
1.845156
1.948109
1.653283
1.881927
1.998861
1.936394
1.808527
1.979558
1.858044
1.957857
1.873413
1.979697
1.844976
1.692270
1.918077
1.713202
1.838707
1.539550
1.837689
1.799120
1.558858
1.707077
1.941919
1.905221
1.518786
1.994937
1.680123
1.633389
1.893431
1.952855
1.715672
1.803484
1.636194
1.641693
1.943367
1.902199
1.625167
1.853861
1.919459
1.742072
1.470140
1.866168
1.912816
1.979329
1.790918
1.917517
1.451846
1.796854
1.665591
1.799092
1.681900
1.750585
1.748177
1.686003
1.516464
1.277362
1.888081
1.598250
1.608359
1.355030
1.732794
1.608902
1.527069
1.875772
1.933817
1.895065
1.598950
1.632704
1.253229
1.983034
1.439830
1.730225
1.622104
1.254684
1.997863
1.970235
1.860751
1.582528
1.970457
1.690687
1.555926
1.993664
1.768356
1.542506
1.724935
1.945228
1.622372
1.979248
1.489111
1.222951
1.703146
