1.983870
1.966399
1.771098
1.908590
1.886829
1.821195
1.771221
1.964732
1.769888
1.972318
1.839780
1.932069
1.923333
1.821760
1.999818
1.822172
1.853855
1.996204
1.908298
1.684719
1.705277
1.749143
1.912624
1.997437
1.887712
1.646278
1.755745
1.820075
1.891575
1.975547
1.586662
1.939825
1.981206
1.803194
1.747694
1.639146
1.843196
1.966213
1.577281
1.670133
1.985707
1.949661
1.839990
1.983825
1.683700
1.827543
1.997129
1.977215
1.869378
1.959845
1.914930
1.881597
1.991002
1.958297
1.611934
1.806717
1.750553
1.795227
1.754195
1.577694
1.586673
1.885065
1.675988
1.867055
1.482133
1.909897
1.548672
1.599235
1.960890
1.538629
1.914328
1.794396
1.995601
1.691476
1.408683
1.359239
1.899851
1.683627
1.607459
1.585741
1.799356
1.625594
1.526468
1.918647
1.698221
1.891873
1.607717
1.551472
1.890514
1.431315
1.931290
1.818674
1.939150
1.855451
1.892853
1.501884
1.374402
1.937876
1.449350
1.455643
1.924687
1.802081
1.652014
1.778270
1.973994
1.874384
1.479965
1.580900
1.602099
1.754615
1.532118
1.857866
1.551358
1.418653
1.969716
1.897852
1.683136
1.863289
1.842998
