1.787930
1.341510
1.002127
1.648178
1.663672
1.558740
1.785272
1.549850
1.778051
1.409378
1.390009
1.057032
1.965000
1.786136
1.603898
1.809198
1.264927
1.966628
1.870761
1.891820
1.542532
1.696583
1.811405
1.948543
1.373198
1.168044
1.835881
1.117101
1.745709
1.658268
1.874955
1.659334
1.262709
1.667450
1.751248
1.421926
1.563303
1.814786
1.274557
1.949851
1.923836
1.653018
1.171566
1.868496
1.883458
1.929264
1.884165
1.314906
1.189865
1.764868
1.425842
1.801095
1.623571
1.971978
1.385512
1.083732
1.303021
1.866582
1.818950
1.958053
1.037386
1.363680
1.633833
1.838294
1.847587
1.313551
1.914717
1.713285
1.996545
1.512837
1.815547
1.835631
1.466986
1.944786
1.905927
1.829716
1.359908
1.957262
1.797215
0.879771
1.875392
1.615239
1.583355
1.158958
1.599967
1.698287
1.570769
1.797162
1.264583
1.893727
1.821155
1.890662
1.596357
1.168197
1.742521
1.355055
1.462551
1.355772
1.686183
1.869059
1.463647
1.324444
1.968874
1.945644
1.419400
1.862291
1.846588
1.703154
1.817783
1.548417
1.230466
1.947826
1.939986
1.271307
1.740501
1.700539
1.830495
1.898924
1.230000
1.026299
1.534469
1.733539
1.226606
1.184264
1.779417
1.315079
1.457391
1.183104
1.832624
1.859998
1.862687
1.390999
1.335880
1.831065
1.745570
1.684766
1.528843
1.805585
1.690978
1.565250
1.582022
1.998823
1.526942
1.454529
1.177461
1.867318
1.559507
0.958300
0.807643
1.222582
1.127279
