1.794721
1.945201
1.975182
1.984484
1.886965
1.987440
1.756180
1.759242
1.766117
1.625607
1.651507
1.898754
1.789664
1.709277
1.679624
1.725943
1.974784
1.796734
1.931549
1.986262
1.791019
1.993634
1.931823
1.773638
1.976968
1.862419
1.930887
1.699641
1.781395
1.737372
1.979594
1.995689
1.996165
1.684011
1.673196
1.737914
1.794767
1.606536
1.913566
1.593957
1.471967
1.629702
1.988073
1.811883
1.833442
1.760588
1.654793
1.758506
1.901796
1.768659
1.645331
1.921888
1.994479
1.803284
1.748326
1.994929
1.533155
1.849902
1.920742
1.456548
1.530657
1.836286
1.949789
1.690548
1.923367
1.819214
1.903344
1.489312
1.758108
1.482968
1.855029
1.758069
1.536650
1.912888
1.827167
1.862943
1.783271
1.834221
1.934998
1.523698
1.797779
1.658768
1.736010
1.798053
1.954128
1.548108
1.823012
1.765681
1.878798
1.882621
1.445742
1.627252
1.623586
1.874089
1.899676
1.979385
1.550188
1.734771
1.512632
1.876452
1.787711
1.943349
1.924767
1.506587
1.519010
1.664502
1.951385
1.793987
1.567465
1.810080
1.744300
1.917351
1.518841
1.492157
1.949679
1.876265
1.607928
1.500675
1.735991
1.669459
1.981525
1.774455
1.990025
1.883627
1.895765
1.854978
1.868616
1.963860
1.593024
1.451684
1.735394
1.433604
1.465343
1.304637
