1.866532
1.825955
1.579792
1.877263
1.947981
1.811359
1.941716
1.879136
1.726301
1.750254
1.721069
1.568216
1.983253
1.932824
1.897049
1.806990
1.853600
1.733839
1.961210
1.894951
1.834654
1.801424
1.809742
1.790576
1.970587
1.912081
1.944900
1.809059
1.697532
1.827549
1.855412
1.940331
1.401796
1.807100
1.929766
1.767288
1.707338
1.682894
1.852671
1.563142
1.993526
1.588291
1.866072
1.961517
1.438742
1.682857
1.751030
1.972244
1.650527
1.556842
1.601437
1.982645
1.761824
1.474856
1.547026
1.875909
1.634422
1.395091
1.782832
1.603125
1.755433
1.897320
1.499800
1.608910
1.911949
1.979901
1.295620
1.952220
1.753803
1.727624
1.604325
1.978497
1.536623
1.982772
1.623139
1.697280
1.758254
1.724602
1.965305
1.595964
1.934442
1.594396
1.389233
1.981226
1.279458
1.882941
1.999774
1.956294
1.999949
1.678037
1.959191
1.876013
1.217343
1.941404
1.919517
1.506288
1.636177
1.931042
1.463687
1.803623
1.755452
1.481854
1.750416
1.639057
