1.916939
1.988879
1.914317
1.907299
1.945840
1.991422
1.842748
1.910619
1.838576
1.946204
1.692872
1.782707
1.943093
1.979559
1.825556
1.842938
1.698222
1.894175
1.875363
1.395186
1.954945
1.707757
1.792473
1.961089
1.817876
1.813942
1.550013
1.663804
1.941335
1.797140
1.912969
1.895311
1.926799
1.996130
1.924679
1.960258
1.915789
1.931108
1.576759
1.924497
1.915188
1.775493
1.657889
1.757643
1.997918
1.913228
1.755931
1.734573
1.409127
1.855590
1.945347
1.933279
1.368469
1.925263
1.436158
1.779158
1.485989
1.997994
1.834063
1.501253
1.696187
1.816573
1.900737
1.458579
1.902170
1.526463
1.887290
1.969444
1.780724
1.801442
1.911451
1.650444
1.634172
1.701722
1.868217
1.984831
1.664771
1.789215
1.810261
1.499308
1.437602
1.512193
1.914967
1.849383
1.854929
1.862354
1.766707
1.632992
1.520898
1.727567
1.908598
1.576693
1.804318
1.603337
1.779819
1.741852
1.550147
1.402069
1.418397
1.927371
1.830858
1.740770
1.481992
1.722300
1.245881
1.552873
1.994119
1.733631
1.354399
1.359575
1.536452
1.983004
1.406716
1.716945
1.217976
1.947797
1.825809
1.543085
