1.803568
1.904656
1.972558
1.834161
1.763979
1.874035
1.948223
1.981700
1.956838
1.958567
1.842064
1.794025
1.871758
1.694538
1.813200
1.988550
1.941132
1.676283
1.875189
1.930131
1.991478
1.919409
1.909992
1.811421
1.842686
1.827360
1.850485
1.923586
1.816241
1.816037
1.900010
1.952320
1.902302
1.744831
1.573467
1.839243
1.868333
1.732782
1.665218
1.819655
1.887004
1.820844
1.504092
1.753111
1.807078
1.702770
1.710785
1.546999
1.817422
1.773881
1.683417
1.862928
1.790480
1.441516
1.984703
1.603528
1.881278
1.879646
1.665936
1.697715
1.799035
1.871839
1.624538
1.511833
1.997236
1.965949
1.551724
1.965921
1.639348
1.606188
1.563001
1.882160
1.833046
1.939141
1.939232
1.809875
1.977520
1.748499
1.428984
1.934828
1.887895
1.301774
1.540136
1.577289
1.861111
1.730703
1.614333
1.683765
1.898309
1.784893
1.937376
1.784156
1.593894
1.814351
1.965889
1.442311
1.853995
1.758115
1.670364
1.686784
1.852345
1.777315
1.446273
1.863874
1.801795
1.599005
1.825569
1.973826
1.734946
1.557605
1.772934
1.665643
1.301471
1.710782
1.614780
1.997262
1.933204
1.681930
1.935547
1.450914
1.984496
1.313834
1.491107
1.624820
1.204767
1.729452
1.407794
1.261876
1.887850
1.917033
1.917558
1.657559
1.461353
1.692509
1.903729
