1.921559
1.701811
1.775127
1.697705
1.763649
1.584892
1.858877
1.968817
1.956212
1.950114
1.871363
1.617339
1.984971
1.871114
1.961333
1.705730
1.485765
1.925352
1.966768
1.827575
1.946588
1.887761
1.820420
1.928433
1.959834
1.772471
1.977037
1.794093
1.837990
1.536955
1.629134
1.940316
1.744502
1.647078
1.915271
1.924634
1.987714
1.909573
1.549224
1.852757
1.929869
1.572704
1.640645
1.981744
1.885412
1.786458
1.782025
1.882718
1.752751
1.927537
1.902434
1.942373
1.768878
1.888992
1.794880
1.972331
1.733041
1.523641
1.765497
1.773566
1.997191
1.577727
1.705332
1.547698
1.747132
1.954776
1.523589
1.784562
1.931610
1.827983
1.801534
1.733120
1.661033
1.994916
1.902483
1.599074
1.703708
1.805539
1.728237
1.825348
1.656510
1.786492
1.973311
1.982923
1.514745
1.515349
1.485688
1.442853
1.477519
1.759903
1.567082
1.847618
1.800362
1.658094
1.916404
1.943438
1.925514
1.511966
1.684225
1.975730
1.715588
1.848969
1.397418
1.249154
1.785002
1.837601
1.840994
1.296136
1.472198
1.806758
1.787442
1.434945
1.618941
1.684653
