1.914790
1.624724
1.992316
1.908718
1.736340
1.995885
1.825807
1.984033
1.952390
1.976833
1.683791
1.927774
1.820828
1.998868
1.944373
1.995604
1.842528
1.647547
1.639351
1.596211
1.971620
1.711369
1.650293
1.995933
1.623232
1.843662
1.891908
1.800878
1.957720
1.754465
1.857537
1.997390
1.558715
1.640745
1.871889
1.841854
1.925276
1.404315
1.814973
1.908899
1.964708
1.657232
1.806539
1.783693
1.716798
1.920227
1.905853
1.991839
1.776575
1.806894
1.384345
1.924095
1.930756
1.535636
1.937404
1.670910
1.615620
1.967458
1.580171
1.918982
1.661416
1.798544
1.459586
1.895705
1.673715
1.934460
1.597314
1.489272
1.655567
1.913228
1.747877
1.896602
1.378306
1.926964
1.479361
1.463476
1.957695
1.432469
1.968158
1.621947
1.735199
1.578145
1.741937
1.452346
1.630119
1.841122
1.731160
1.463213
1.558047
1.898786
1.787252
1.871411
1.986362
1.936985
1.717863
1.745642
1.873669
1.546045
1.459784
1.687796
1.831859
1.712686
1.845777
1.916965
1.753462
1.423166
1.519388
1.585770
1.357403
1.790170
1.913008
1.654481
1.927071
1.684736
1.738663
1.626539
1.771295
1.870382
1.314094
1.703270
1.733283
1.340824
1.665032
1.752222
1.822619
1.813632
