1.991936
1.847423
1.924566
1.983632
1.846119
1.996138
1.900144
1.813241
1.895034
1.957292
1.945446
1.874248
1.950264
1.762600
1.937818
1.728780
1.844411
1.821702
1.776991
1.836063
1.501890
1.622862
1.793655
1.808270
1.951247
1.873645
1.900816
1.993210
1.983721
1.850362
1.716614
1.970524
1.881764
1.936149
1.932219
1.955470
1.599159
1.865678
1.564179
1.786630
1.891144
1.882140
1.467028
1.880485
1.944038
1.874169
1.826579
1.556361
1.931888
1.906877
1.697637
1.620924
1.830257
1.660104
1.671431
1.972810
1.773897
1.587196
1.656766
1.685210
1.398249
1.743995
1.642777
1.749730
1.965199
1.859896
1.959486
1.589724
1.958753
1.882919
1.669206
1.660443
1.453914
1.783911
1.902962
1.368513
1.826135
1.751603
1.717404
1.916127
1.717707
1.766235
1.441192
1.850147
1.441866
1.805509
1.755900
1.334459
1.468793
1.488310
1.562642
1.473043
1.995227
1.845348
1.356237
1.421277
1.679994
1.684828
1.787760
1.790660
1.297367
1.393964
1.971249
1.701887
1.968520
1.797444
1.570740
1.938550
1.732340
1.424588
1.301328
1.685520
1.559206
1.395547
1.900874
1.743231
1.869147
1.501382
