1.743639
1.916351
1.996567
1.793418
1.909738
1.927662
1.911259
1.826931
1.997174
1.890965
1.547814
1.477122
1.546153
1.566575
1.751530
1.692238
1.981404
1.691606
1.769940
1.859481
1.911353
1.951031
1.808235
1.552821
1.641470
1.704782
1.896103
1.944903
1.967385
1.950198
1.834911
1.772985
1.974303
1.948633
1.678424
1.958927
1.813225
1.996369
1.585448
1.859068
1.678388
1.929118
1.688357
1.674020
1.754682
1.864041
1.932433
1.835105
1.981341
1.898644
1.930159
1.797088
1.892906
1.714926
1.586478
1.995518
1.632361
1.888954
1.451798
1.827476
1.849716
1.609725
1.892861
1.517792
1.467398
1.787665
1.663497
1.772194
1.438912
1.845033
1.775462
1.859851
1.476222
1.635923
1.958379
1.986016
1.477739
1.788368
1.459584
1.514379
1.809195
1.634863
1.494479
1.920182
1.841754
1.585102
1.954861
1.934631
1.966284
1.400915
1.258423
1.897649
1.930837
1.854086
1.353743
1.869516
1.935917
1.559826
1.717980
1.992138
1.347659
1.695883
1.718109
1.847121
1.899597
1.886193
1.544668
