1.947109
1.931434
1.978065
1.991480
1.696095
1.949496
1.901910
1.922913
1.851078
1.720643
1.717240
1.754993
1.944580
1.864251
1.895989
1.981068
1.921905
1.947608
1.997942
1.880738
1.633348
1.917526
1.782707
1.903641
1.917036
1.896348
1.968722
1.433315
1.749101
1.988162
1.746018
1.995643
1.878497
1.908704
1.991446
1.717555
1.742245
1.608865
1.725308
1.619928
1.602421
1.871511
1.794775
1.850941
1.715338
1.913031
1.978758
1.867546
1.853237
1.888139
1.563139
1.716754
1.856982
1.908230
1.551367
1.883058
1.815883
1.921734
1.747359
1.445253
1.748420
1.634966
1.797358
1.653047
1.602699
1.870220
1.886962
1.550608
1.908323
1.691270
1.994678
1.860651
1.526186
1.645006
1.909026
1.766813
1.744079
1.676317
1.795945
1.902600
1.422017
1.614027
1.892139
1.374656
1.799431
1.702176
1.679184
1.584487
1.734187
1.391593
1.890536
1.463162
1.724990
1.779205
1.839233
1.633388
1.805012
1.833851
1.897400
1.853099
1.584256
1.348802
1.619175
1.570341
1.591058
1.737183
1.526371
1.542787
1.799615
1.972592
1.947067
1.151817
1.746454
1.313648
1.896727
1.931761
1.997708
1.717061
1.378381
1.533336
1.992393
1.592243
1.470452
1.479919
