1.910519
1.964537
1.768951
1.673714
1.973056
1.876326
1.930409
1.995487
1.664426
1.891961
1.919545
1.857093
1.952845
1.841931
1.985533
1.998149
1.844682
1.662760
1.912057
1.970590
1.861111
1.473768
1.829200
1.812637
1.729280
1.616817
1.543966
1.562982
1.770801
1.784887
1.643117
1.477087
1.949437
1.827487
1.712707
1.935005
1.358000
1.802623
1.825629
1.558533
1.787706
1.336193
1.714764
1.629868
1.766856
1.929622
1.741321
1.664806
1.938361
1.967774
1.694251
1.743118
1.472429
1.719880
1.549539
1.964289
1.878778
1.703495
1.785086
1.759565
1.303905
1.313657
1.947557
1.384566
1.669846
1.529269
1.582084
1.450754
1.804077
1.830974
1.979535
1.767262
1.560479
1.532365
1.612021
1.835364
1.715439
1.849147
1.818268
1.842701
1.997979
1.605241
1.827557
1.864222
1.393163
1.489133
1.786995
1.901432
1.783627
1.576760
1.940886
1.634588
1.412738
1.819855
1.257788
1.738626
1.435751
1.739557
1.245036
1.768466
