1.984760
1.680914
1.566081
1.878979
1.922506
1.681866
1.748723
1.973331
1.913678
1.900090
1.863669
1.933783
1.761126
1.750159
1.823456
1.992076
1.905225
1.794474
1.961794
1.705621
1.804190
1.918603
1.566666
1.927941
1.937987
1.910723
1.619067
1.696500
1.609563
1.821117
1.676245
1.689596
1.758728
1.790600
1.688281
1.984892
1.951897
1.777781
1.923429
1.914087
1.986767
1.889208
1.901402
1.791939
1.813769
1.702590
1.867727
1.898445
1.707223
1.779465
1.572465
1.786358
1.532533
1.992399
1.584852
1.799220
1.841368
1.833007
1.823432
1.625789
1.549923
1.937234
1.656369
1.617566
1.810395
1.789886
1.800102
1.725805
1.750338
1.592985
1.530223
1.813284
1.553946
1.725590
1.860448
1.882755
1.346966
1.466270
1.645943
1.412307
1.809278
1.699439
1.703455
1.733949
1.448615
1.925492
1.445567
1.931520
1.898891
1.967984
1.620549
1.855073
1.744941
1.844284
1.755500
1.931186
1.946593
1.395151
1.496290
1.611454
1.602421
1.885632
1.936966
1.780393
1.734519
1.301395
1.677156
1.530251
1.289596
1.868002
1.424533
1.991001
1.377786
1.665397
1.632920
1.713530
1.516902
1.984811
1.949764
1.699083
1.910735
1.528511
1.664232
1.936654
1.355142
