1.994733
1.989449
1.922439
1.694170
1.922707
1.680617
1.835359
1.852136
1.683540
1.972989
1.798620
1.993786
1.989658
1.263070
1.758688
1.946085
1.873833
1.947176
1.706254
1.998793
1.894300
1.961384
1.747152
1.964991
1.964295
1.775540
1.912871
1.915725
1.875353
1.701549
1.989933
1.896896
1.930515
1.598416
1.517338
1.933158
1.489414
1.834415
1.857933
1.953254
1.743797
1.612615
1.902563
1.958320
1.693606
1.856868
1.666525
1.857844
1.743898
1.704830
1.847342
1.272068
1.803433
1.818442
1.740502
1.966893
1.572554
1.902760
1.531820
1.804196
1.758082
1.747805
1.543763
1.458358
1.898863
1.666633
1.668163
1.598170
1.548748
1.325363
1.839388
1.775728
1.486789
1.824554
1.398090
1.736307
1.352506
1.313881
1.896400
1.405420
1.916764
1.782030
1.675520
1.684287
1.921018
1.463870
1.272765
1.417649
1.204189
1.905941
1.721138
1.387585
1.489324
1.460860
1.542871
1.481132
1.713034
1.998073
1.882962
1.543120
1.647837
1.283698
