1.522607
1.770238
1.695199
1.722137
1.518174
1.635791
1.777116
1.339839
1.820285
1.721139
1.644493
1.418803
1.338953
1.663880
1.282596
1.614481
1.978051
1.574414
1.825822
1.439776
1.770525
1.829549
1.916694
1.267574
1.447064
1.989717
1.479763
1.156914
1.558774
1.153818
1.038948
1.110117
1.330721
1.711945
1.696602
1.412456
1.504450
1.331097
1.930822
1.918055
1.204544
1.531904
1.809499
1.953206
1.854407
1.550816
1.912673
1.408708
1.903707
1.657731
1.674427
1.140604
1.717901
1.319496
1.753878
1.975108
1.545500
1.909286
1.588386
1.333594
1.642516
1.631595
1.862094
1.341468
1.824961
1.362182
1.719575
1.589031
