1.986127
1.802285
1.911468
1.831651
1.878351
1.838840
1.847772
1.990898
1.581486
1.940216
1.950582
1.996671
1.718036
1.792371
1.979580
1.625184
1.799550
1.678952
1.986857
1.852550
1.803094
1.697509
1.927374
1.685454
1.861860
1.525889
1.371562
1.910433
1.665446
1.965624
1.972855
1.990165
1.889923
1.948952
1.836146
1.634139
1.835555
1.922136
1.978793
1.863730
1.781181
1.753469
1.621769
1.777279
1.471696
1.939541
1.685875
1.471849
1.992279
1.452277
1.846685
1.914807
1.853859
1.705805
1.969072
1.992647
1.603331
1.832511
1.529265
1.859790
1.641991
1.812749
1.789250
1.901512
1.641014
1.699448
1.776310
1.446411
1.701553
1.931051
1.917343
1.547572
1.959933
1.794545
1.984520
1.297624
1.859954
1.995590
1.617669
1.150528
1.593397
1.849786
1.792342
1.995668
1.901122
1.969295
1.991364
1.894603
1.910254
1.388574
1.929521
1.650273
1.935554
1.860921
1.462608
1.795599
1.882859
1.591144
1.948239
1.800771
1.948086
1.276664
1.446417
1.982167
1.850600
1.972322
