1.942096
1.943354
1.822549
1.969736
1.892099
1.895092
1.935115
1.891438
1.775281
1.583782
1.932782
1.942794
1.517267
1.837161
1.877542
1.911450
1.937957
1.923667
1.610448
1.883659
1.782049
1.930179
1.807602
1.660155
1.970337
1.856459
1.881406
1.845804
1.729014
1.978440
1.825443
1.591983
1.919047
1.763182
1.732915
1.841318
1.515109
1.877889
1.830229
1.771987
1.763601
1.954459
1.954708
1.867716
1.742490
1.811325
1.899657
1.758314
1.677447
1.848736
1.745209
1.752512
1.989705
1.757141
1.848717
1.635983
1.691777
1.513267
1.773235
1.922694
1.670904
1.763653
1.837497
1.749363
1.660631
1.543045
1.886827
1.380498
1.672667
1.517750
1.762848
1.854145
1.865309
1.515969
1.610588
1.669609
1.965499
1.817503
1.644410
1.696072
1.532935
1.382478
1.821140
1.416166
1.462593
1.792944
1.390015
1.788294
1.920990
1.975739
1.576773
1.689439
1.565024
1.680200
1.839208
1.316144
1.557924
1.594454
1.268572
1.876290
1.870558
1.886976
1.923840
1.813928
1.586757
1.440918
