1.838782
1.886459
1.892733
1.930187
1.867637
1.973699
1.890119
1.887054
1.818504
1.929703
1.820273
1.923264
1.918632
1.662493
1.995199
1.810178
1.978781
1.704999
1.893144
1.977233
1.703051
1.736596
1.827757
1.605612
1.913597
1.981601
1.887037
1.781304
1.803733
1.934384
1.826575
1.550461
1.364984
1.742466
1.631321
1.811634
1.972352
1.875713
1.652343
1.687442
1.800003
1.938269
1.852328
1.612910
1.532891
1.677190
1.826419
1.733401
1.610581
1.648328
1.842123
1.411967
1.883163
1.479015
1.598140
1.765168
1.464776
1.722289
1.471215
1.760427
1.883810
1.840604
1.374501
1.572827
1.970774
1.655491
1.693863
1.456059
1.620854
1.501885
1.810167
1.519390
1.510212
1.490118
1.590418
1.653640
1.870060
1.798446
1.996410
1.866590
1.852569
1.657425
1.884330
1.835447
1.849349
1.876927
1.982951
1.831241
1.788778
1.399086
1.775111
1.357775
1.546279
1.643407
1.877969
1.917615
1.923146
1.518984
1.490679
1.801176
1.830040
1.773467
1.730655
1.566265
1.713270
