1.757936
1.778757
1.482537
1.194640
1.111759
1.594958
1.409828
1.471168
1.687261
1.866691
0.970671
1.920465
1.366075
1.362061
1.804392
1.784465
1.468401
1.226050
1.562529
1.643459
1.951880
1.785615
1.472583
1.970445
1.737462
1.741973
1.675603
1.961806
1.698459
1.999761
1.968469
0.892439
1.776091
1.907385
1.664240
1.845171
1.646886
1.201017
0.666116
0.933043
1.632121
1.584475
1.360304
1.650497
1.846563
1.681861
1.823391
1.813316
1.570875
1.897086
1.609337
1.644193
1.597411
1.468821
1.832003
1.877870
1.508514
1.823572
1.966496
1.619175
1.906080
1.634815
1.411430
1.830116
1.387461
1.828037
1.089582
1.864134
1.137343
1.415960
1.530800
1.655837
1.921691
1.721876
1.897468
1.945178
1.950144
1.676816
1.956843
1.077980
1.988774
1.525875
1.567795
1.777970
1.989602
1.352170
1.657638
1.689108
1.775569
1.185531
1.282052
1.790664
1.246687
1.849490
1.993979
1.633803
1.923109
1.647628
1.858440
1.740906
1.519384
1.258729
1.334227
1.556508
1.820317
1.538369
1.845728
1.533688
1.606092
1.613313
1.699177
1.960106
1.300262
1.543754
