1.997306
1.833117
1.863323
1.935791
1.992908
1.905053
1.926806
1.490134
1.921023
1.916086
1.849266
1.975638
1.997575
1.849970
1.884990
1.907296
1.714696
1.956129
1.760133
1.946062
1.589587
1.878276
1.658660
1.932167
1.976673
1.812071
1.798258
1.517628
1.929545
1.750718
1.985740
1.689590
1.810716
1.932860
1.891389
1.876721
1.861654
1.581921
1.877505
1.974430
1.628727
1.563203
1.710785
1.658689
1.917794
1.976527
1.879834
1.588747
1.921169
1.825112
1.589918
1.518933
1.834088
1.809706
1.640340
1.830448
1.751366
1.840144
1.471231
1.885007
1.773990
1.605223
1.784112
1.825630
1.815200
1.774130
1.838679
1.892679
1.434230
1.681232
1.689998
1.662252
1.597073
1.621146
1.872487
1.833639
1.641932
1.900671
1.890417
1.698563
1.728007
1.405449
1.968676
1.515291
1.686886
1.831122
1.952384
1.581622
1.952764
1.410365
1.815543
1.731738
1.888285
1.737279
1.955011
1.679386
1.854539
1.928513
1.474043
1.638914
1.502504
1.994420
1.722026
1.505959
1.386011
1.925743
1.968977
1.516675
1.658712
1.353691
1.418392
1.371665
1.486195
