1.925312
1.996720
1.920058
1.988979
1.571130
1.925655
1.777886
1.769373
1.931765
1.933674
1.832133
1.927696
1.948609
1.722715
1.722975
1.623899
1.703901
1.872706
1.917778
1.972761
1.891916
1.932205
1.936792
1.833315
1.826188
1.897450
1.812876
1.917588
1.641699
1.939769
1.729277
1.886136
1.878746
1.777075
1.952659
1.753486
1.796980
1.723898
1.930334
1.815711
1.915383
1.789067
1.767246
1.969719
1.892578
1.858435
1.715323
1.773750
1.979827
1.794358
1.775934
1.790178
1.776973
1.814223
1.840111
1.561724
1.438945
1.663934
1.850219
1.664789
1.874273
1.803000
1.959412
1.658353
1.802408
1.898408
1.773343
1.545634
1.877577
1.697201
1.675158
1.869131
1.626895
1.964515
1.596969
1.480668
1.574183
1.836452
1.539824
1.846929
1.575759
1.670525
1.853686
1.682473
1.508142
1.813839
1.739131
1.934435
1.717783
1.438043
1.860434
1.873792
1.961758
1.494220
1.867208
1.818910
1.722529
1.458583
1.846728
1.696245
1.442128
1.500968
1.913447
1.515735
1.897844
1.899279
1.751451
1.889387
1.876305
1.538583
1.771418
1.842247
1.706227
1.760270
1.927590
1.829478
1.343860
1.465210
1.721802
1.959887
