1.872603
1.681584
1.423317
1.633668
1.783750
1.977053
1.486333
1.578534
1.703261
1.805009
0.884042
1.903397
1.974963
1.898903
1.855158
1.943718
1.458004
1.811753
1.327489
1.714725
1.455064
1.673513
1.517584
1.932877
1.705424
1.349201
1.864988
1.820464
1.940864
1.673674
1.452101
1.609746
1.937694
1.517885
1.217785
1.358223
1.714325
1.297260
1.515304
1.602539
1.877323
1.921571
1.662992
1.798043
1.584094
1.959192
1.449533
1.177376
1.735951
1.634001
1.289698
1.362870
1.934149
1.962188
1.897492
1.451429
1.501365
1.938713
1.929164
1.561366
1.444776
1.910176
1.565751
1.675488
1.368425
1.924192
1.833262
1.935828
1.615705
1.903519
1.444727
1.871682
1.280885
1.753002
1.667904
1.887187
1.813280
1.599742
1.739945
1.407845
1.600949
1.772513
1.946127
1.576976
1.657250
1.913097
1.809542
1.609231
1.628291
1.899320
1.976847
1.336190
1.806764
1.784318
1.075984
1.719312
1.916462
1.800759
1.870505
1.515381
1.439986
1.720827
1.983837
1.180803
1.747232
1.987455
1.961760
1.828137
1.906421
1.744788
1.540766
1.684441
1.200781
1.860123
1.226248
1.362341
1.324922
1.200697
1.917370
1.508957
1.313846
1.842992
1.987847
1.956498
1.267449
1.710835
1.800017
1.938049
1.599549
1.867617
1.705332
1.230351
1.447269
1.487747
1.752366
1.470325
1.901486
1.452932
1.604020
1.778759
1.918318
1.841821
1.600302
1.884998
1.645717
1.935084
1.678510
1.710922
1.217948
1.819674
1.916055
1.459819
1.483161
1.788273
1.415390
1.376070
1.584571
1.719055
1.857925
1.805991
1.312976
1.182745
1.783522
1.505123
1.523800
1.656181
1.876600
1.927359
1.484350
1.209410
1.359369
1.511932
1.268190
1.221669
1.907109
1.517174
1.800901
1.911705
1.095814
1.633787
1.990175
1.984452
1.319988
1.831544
1.394637
1.973568
1.451043
1.207716
1.931158
1.226420
1.773681
1.977787
1.366019
1.630161
1.620618
1.390325
1.487080
1.253953
1.698844
1.379362
1.678091
1.786634
1.477653
1.582418
1.849861
1.927837
1.417370
1.710387
1.956658
1.595532
1.157204
1.798578
1.392821
1.319539
1.438037
1.572613
1.849174
1.752535
1.804915
1.645826
1.961513
1.904446
1.285457
1.994997
1.302091
1.330595
1.472314
1.504596
1.275108
1.944667
1.918298
1.122947
1.993813
1.301492
1.591204
1.466459
1.483109
1.343822
1.668663
1.983573
1.918625
1.861324
1.722269
1.888893
1.245185
1.181400
1.795246
1.726780
1.515291
1.993905
1.746699
1.331899
1.838770
1.250583
1.677883
1.930089
1.799770
1.847353
1.938726
1.878346
1.255967
1.836013
1.416318
1.567035
1.818992
1.658629
1.681604
1.466661
1.944365
1.119240
1.314972
1.769595
1.449387
1.298695
1.553498
1.413636
1.536663
1.540472
1.417801
1.663029
1.569577
1.107045
1.544581
1.373968
1.892785
1.924726
1.930800
1.246766
1.838833
1.125014
1.246212
1.545025
1.893491
1.996208
1.782837
1.450942
1.606206
1.620969
1.460976
1.864744
1.945620
1.459368
1.285129
1.732467
1.645741
1.548872
1.687078
1.768108
1.739819
1.276474
1.799307
1.605521
1.069629
1.311883
1.946514
1.900166
1.378682
1.355809
1.514480
1.387841
1.276654
1.868684
1.685333
1.897726
1.819942
1.835612
1.923713
1.618663
1.548755
1.377948
1.963138
1.307924
1.632955
1.720221
0.730055
1.465085
1.551372
1.040636
1.763245
1.356099
1.179213
1.055696
1.549226
0.870740
1.947350
1.218966
1.288289
1.126665
1.703663
1.192500
1.831247
1.335687
1.859655
1.509964
1.148519
1.498449
1.444588
0.226647
1.333575
