1.724040
1.807416
1.981409
1.897975
1.924722
1.695667
1.785126
1.712931
1.963175
1.938436
1.779364
1.846724
1.932407
1.911630
1.966191
1.883281
1.985477
1.809960
1.797742
1.773161
1.946573
1.803378
1.915535
1.508188
1.890358
1.804144
1.750452
1.980478
1.877295
1.762115
1.953703
1.849341
1.918956
1.919633
1.986126
1.921371
1.755056
1.779454
1.839352
1.919046
1.876810
1.677939
1.693980
1.666608
1.977653
1.660487
1.662288
1.936299
1.419719
1.444403
1.750375
1.901406
1.937076
1.978993
1.965725
1.864993
1.948854
1.878300
1.692133
1.870840
1.954440
1.828859
1.588389
1.641541
1.801865
1.405520
1.550942
1.799652
1.813142
1.598145
1.966413
1.675396
1.874090
1.998359
1.682031
1.990017
1.947853
1.818752
1.525429
1.576996
1.538362
1.548003
1.959320
1.496742
1.788650
1.723362
1.640416
1.832592
1.955458
1.993559
1.803015
1.495725
1.804208
1.562066
1.651722
1.408307
1.706531
1.937549
1.434466
1.768951
1.397170
1.567991
1.822736
1.837229
1.411754
1.574924
1.894072
1.683714
1.410370
1.381568
1.753535
1.796650
1.941385
1.366138
