1.817946
1.954612
1.993994
1.982553
1.785622
1.984018
1.876145
1.845783
1.648482
1.760151
1.573391
1.994915
1.820679
1.924911
1.673980
1.653977
1.508793
1.479994
1.980169
1.924002
1.807463
1.884666
1.845248
1.946135
1.986723
1.856948
1.805237
1.840965
1.831776
1.959710
1.859268
1.931393
1.711264
1.778920
1.759658
1.627159
1.938186
1.734002
1.648899
1.357984
1.860020
1.364066
1.946418
1.802908
1.923169
1.864732
1.955266
1.465118
1.778359
1.520902
1.460452
1.831490
1.867510
1.829140
1.866247
1.826523
1.674416
1.362902
1.358579
1.890680
1.851214
1.675693
1.802461
1.929482
1.984531
1.866267
1.857777
1.697512
1.957166
1.523219
1.735187
1.772464
1.619774
1.781138
1.884060
1.983823
1.875508
1.579969
1.961027
1.912318
1.716727
1.820546
1.800680
1.490744
1.571477
1.940676
1.797697
1.967856
1.573745
1.785088
1.565189
1.690090
1.631911
1.455686
1.748655
1.657017
1.543269
1.681535
1.903722
1.948248
1.704526
1.523101
1.851147
1.357034
1.858403
1.720845
1.984516
