1.948122
1.747709
1.886211
1.828330
1.669234
1.981477
1.950886
1.812689
1.905544
1.623393
1.641649
1.989690
1.917148
1.950124
1.975320
1.575240
1.739399
1.788759
1.970250
1.885072
1.909232
1.883281
1.945340
1.723718
1.762777
1.898011
1.573784
1.961315
1.559697
1.729441
1.407798
1.662491
1.467800
1.960965
1.822979
1.827626
1.988820
1.851377
1.902254
1.749224
1.668885
1.539415
1.933872
1.879367
1.561157
1.985473
1.653623
1.734956
1.883908
1.491361
1.801134
1.835859
1.776829
1.661572
1.789387
1.651441
1.878406
1.571180
1.697987
1.930930
1.432268
1.396824
1.925231
1.919102
1.799532
1.594790
1.645215
1.887140
1.535981
1.210146
1.770580
1.826920
1.758972
1.511377
1.476623
1.386874
1.638443
1.379065
1.282178
1.754020
1.734434
1.632984
1.849002
1.945963
1.786004
1.585441
1.071547
1.629082
1.971470
1.791992
1.896484
1.743592
1.914376
1.843733
1.820704
1.693636
1.578873
1.475659
1.625805
1.875063
1.628625
1.482115
1.808605
1.917645
1.578720
1.507428
1.884093
1.813528
1.791239
1.760811
1.959521
1.664092
1.277191
