1.959051
1.868698
1.867498
1.945469
1.847769
1.810357
1.956690
1.958293
1.933904
1.709947
1.771904
1.964067
1.912708
1.809595
1.840735
1.946682
1.876960
1.952736
1.645490
1.973174
1.784765
1.932377
1.974699
1.951207
1.771533
1.995772
1.724850
1.950422
1.850755
1.684174
1.799033
1.806784
1.858788
1.760933
1.985850
1.994880
1.996405
1.518842
1.938420
1.838572
1.911186
1.968091
1.970136
1.892230
1.681350
1.751214
1.740418
1.918190
1.626979
1.749455
1.937077
1.758473
1.969504
1.652338
1.604901
1.979961
1.861995
1.599766
1.967853
1.646848
1.843405
1.794849
1.557412
1.682168
1.723629
1.704299
1.719396
1.880056
1.559097
1.296682
1.476652
1.699832
1.665913
1.806007
1.643804
1.415475
1.992281
1.885678
1.366642
1.791113
1.404315
1.629460
1.657582
1.269433
1.656120
1.468883
1.866351
1.673769
1.780453
1.340459
1.659199
1.377073
1.897712
1.623714
1.910478
1.776306
1.620280
1.859082
1.882738
1.969247
1.565798
1.460625
1.924605
