1.962270
1.921497
1.924616
1.766574
1.962205
1.925252
1.676526
1.810876
1.616489
1.955100
1.693545
1.956032
1.849478
1.950587
1.985462
1.980993
1.844975
1.859967
1.779040
1.795889
1.806117
1.733756
1.882914
1.785028
1.994695
1.810392
1.981900
1.656348
1.748291
1.924344
1.752988
1.995416
1.773243
1.602677
1.897865
1.494778
1.648668
1.599425
1.630726
1.463990
1.993900
1.899248
1.711497
1.951289
1.918327
1.978055
1.875196
1.868582
1.967796
1.821018
1.877816
1.996006
1.659487
1.905209
1.864055
1.738646
1.662055
1.740060
1.755732
1.674434
1.887581
1.870593
1.789728
1.802440
1.757307
1.800009
1.707478
1.520037
1.628640
1.740105
1.821046
1.646597
1.545818
1.811069
1.379927
1.983546
1.934690
1.946197
1.765219
1.878192
1.598521
1.636758
1.994119
1.766769
1.367789
1.634481
1.591196
1.461367
1.978727
1.494046
1.747537
1.569545
1.478902
1.634348
1.858718
1.809361
1.554971
1.415820
1.933299
1.937305
1.450172
1.371374
1.860320
1.451429
1.540793
1.409893
1.398894
1.911565
