1.979360
1.778381
1.887022
1.844493
1.910686
1.814211
1.904325
1.760080
1.980061
1.895412
1.894485
1.733942
1.997402
1.489774
1.854436
1.781417
1.508630
1.959188
1.974734
1.633534
1.944246
1.746967
1.915329
1.899000
1.939473
1.671626
1.762178
1.677203
1.832941
1.968667
1.850540
1.793584
1.727546
1.649181
1.608706
1.934165
1.600875
1.796915
1.517761
1.819297
1.843103
1.822614
1.935378
1.745048
1.686171
1.811465
1.790931
1.787008
1.748707
1.830035
1.921014
1.761718
1.950660
1.777470
1.560641
1.945737
1.734800
1.990289
1.564350
1.543511
1.784345
1.512003
1.759345
1.641596
1.829476
1.989478
1.674322
1.806435
1.547934
1.952171
1.710471
1.934732
1.833995
1.706648
1.787682
1.775636
1.705387
1.610678
1.838284
1.479404
1.987549
1.511155
1.811774
1.989089
1.928668
1.902041
1.976890
1.957830
1.831335
1.447381
1.776934
1.645503
1.688941
1.780234
1.795117
1.544216
1.657104
1.733898
1.937756
1.961548
1.759074
1.786609
1.928510
1.915137
1.323149
1.485191
1.768756
1.400225
1.831668
1.307775
1.448098
1.986887
1.304402
1.950764
1.367596
1.559303
1.913778
1.939796
1.998427
1.803039
1.450387
1.713053
1.917502
1.258475
