1.911210
1.831772
1.938135
1.814394
1.940222
1.817492
1.819787
1.755455
1.961101
1.922858
1.803697
1.800303
1.924318
1.979576
1.959511
1.902804
1.918641
1.896813
1.858539
1.893613
1.846338
1.957413
1.727877
1.905106
1.986799
1.440109
1.938374
1.981250
1.781581
1.721211
1.752711
1.991423
1.766952
1.517693
1.993089
1.983033
1.701612
1.945801
1.734359
1.990325
1.996556
1.746977
1.939017
1.778646
1.557527
1.967432
1.946103
1.939660
1.992873
1.806517
1.626406
1.920243
1.585352
1.659076
1.910877
1.450218
1.895709
1.737093
1.702415
1.969702
1.796175
1.776081
1.822683
1.635963
1.615717
1.689867
1.780246
1.968687
1.862748
1.879320
1.740416
1.544216
1.882503
1.553975
1.833812
1.973287
1.872270
1.460183
1.505586
1.945719
1.857758
1.567838
1.886911
1.552767
1.663224
1.798697
1.756467
1.904572
1.771112
1.855187
1.592410
1.567488
1.954185
1.919325
1.760427
1.793670
1.900871
1.519400
1.868002
1.521558
1.679984
1.844584
1.699917
1.480521
1.607045
1.481935
1.531221
1.707235
1.609663
1.745301
1.494503
1.938153
1.624213
1.685660
1.828498
1.706248
1.879397
1.537725
1.584928
1.493568
1.832438
1.717194
1.767306
1.874953
1.947237
1.851053
1.779426
1.589568
1.696832
1.888894
1.774758
1.820643
1.853449
1.275060
1.774578
