1.993488
1.840549
1.920783
1.703766
1.945760
1.988088
1.911007
1.991511
1.726847
1.904682
1.925517
1.792347
1.834930
1.829297
1.833340
1.709398
1.961656
1.712164
1.753150
1.581632
1.933434
1.994212
1.959739
1.969116
1.700767
1.835365
1.977299
1.655950
1.815273
1.865970
1.817259
1.767261
1.863758
1.960948
1.987502
1.924499
1.714873
1.600387
1.670291
1.636096
1.615917
1.847267
1.901767
1.839163
1.900806
1.948814
1.857488
1.585677
1.885362
1.782151
1.875613
1.679789
1.946100
1.861006
1.957200
1.564463
1.889993
1.774485
1.788645
1.741598
1.980857
1.590248
1.855735
1.968797
1.621335
1.870929
1.790548
1.623534
1.865445
1.566038
1.844132
1.791738
1.911131
1.980514
1.596833
1.961507
1.366028
1.692683
1.679717
1.935811
1.643023
1.645059
1.568196
1.947533
1.982782
1.789787
1.924745
1.873470
1.925916
1.681100
1.956984
1.726279
1.950790
1.374555
1.555512
1.936405
1.792563
1.562712
1.968422
1.601647
1.938382
1.631062
1.602415
1.874429
1.416075
1.576189
1.990579
1.893366
1.519196
1.904981
1.624175
1.431318
1.676305
1.739409
1.913032
1.673085
1.984509
1.760489
1.968589
1.928818
1.685039
1.786113
1.951572
1.974405
1.635035
1.765865
