1.951228
1.973642
1.951264
1.963159
1.813758
1.905176
1.995243
1.754708
1.947771
1.937369
1.910185
1.470767
1.868932
1.406351
1.620403
1.922536
1.582127
1.745238
1.867746
1.960483
1.811669
1.819893
1.745312
1.971870
1.532658
1.846378
1.802185
1.931972
1.824613
1.632477
1.427651
1.820069
1.813715
1.752770
1.986756
1.963236
1.823219
1.225450
1.965111
1.820352
1.962013
1.734030
1.895970
1.607414
1.917132
1.734339
1.755955
1.767435
1.880188
1.839428
1.921520
1.814992
1.661703
1.473884
1.973296
1.816850
1.665678
1.937470
1.940768
1.989277
1.940581
1.458403
1.958870
1.972366
1.624388
1.806318
1.538677
1.754408
1.756007
1.753363
1.893692
1.772562
1.709704
1.924766
1.414750
1.556343
1.618153
1.778638
1.779852
1.518941
1.489503
1.957861
1.818090
1.690976
1.863601
1.420633
1.441798
1.560771
1.957605
1.886547
1.747105
1.839683
1.977285
1.740503
1.774878
1.666636
1.850290
1.798298
1.712636
1.444743
1.977233
1.784715
1.557966
1.846130
1.986633
1.863371
1.552517
1.667531
1.385804
1.345832
1.978500
