1.982051
1.962378
1.789746
1.981508
1.772750
1.840527
1.798172
1.701961
1.819185
1.842229
1.962882
1.956107
1.981154
1.973861
1.652941
1.552932
1.743265
1.936065
1.826406
1.724666
1.993436
1.843675
1.970521
1.942521
1.719829
1.824545
1.927042
1.647046
1.981957
1.816502
1.917341
1.983394
1.683656
1.829268
1.900474
1.872678
1.836321
1.792925
1.877740
1.663174
1.958996
1.670759
1.720938
1.862969
1.922620
1.487972
1.966422
1.897186
1.932057
1.428442
1.793802
1.813988
1.922802
1.456092
1.906314
1.922597
1.570123
1.806249
1.727489
1.840518
1.647866
1.778745
1.987648
1.296042
1.312387
1.945759
1.581689
1.982438
1.509356
1.955122
1.850849
1.709569
1.584036
1.886215
1.731667
1.450509
1.817959
1.627233
1.893427
1.651952
1.735898
1.901732
1.843539
1.415352
1.522162
1.394919
1.361008
1.550032
1.965276
1.795979
1.640968
1.841330
1.875996
1.758419
1.795957
1.695653
1.744501
1.664057
1.743684
1.259817
1.847561
1.725112
1.344183
1.712661
1.739761
1.820216
1.997866
1.799534
1.408186
1.632356
1.806104
1.486069
1.532511
1.560973
1.415706
1.748077
1.571895
1.640912
1.337674
1.426793
