1.837108
1.964804
1.950288
1.473657
1.804947
1.835827
1.868154
1.550264
1.774260
1.050865
1.931763
1.814955
1.673857
1.565334
1.578717
1.869551
1.090722
1.287301
1.181763
1.467150
1.353813
1.626068
1.533476
1.458978
1.886715
1.695104
1.871979
1.776776
1.971136
1.722840
1.850986
1.970297
1.877782
1.523136
1.421249
1.956958
1.849705
1.721797
1.987243
1.898781
1.707941
1.690597
1.800157
1.289443
1.897410
1.835321
1.997675
0.814914
1.929999
1.644480
1.871040
1.806586
1.975640
1.765838
1.436209
1.660208
1.397662
1.495910
1.917778
1.557196
1.520949
1.799226
1.720537
1.451258
1.915233
1.640307
1.613656
1.731289
1.155834
1.553333
1.506453
1.956753
1.453908
1.478437
1.696907
1.520983
1.864288
1.891124
1.580690
1.993017
1.450980
1.339039
1.642108
1.878535
1.487371
1.850351
0.595028
