1.542627
1.925731
1.726231
1.506802
1.621774
1.801766
1.384324
1.339988
1.925054
1.929835
1.611207
1.903327
1.980415
1.979171
1.461067
1.876594
1.356114
1.952344
1.525993
1.674659
1.105645
1.533763
1.999776
1.759688
1.406011
1.738468
1.533478
1.397651
1.570354
1.642029
1.169429
1.753742
1.756083
1.989256
1.896307
1.859104
1.725861
1.510281
1.492155
1.866745
1.986853
1.518071
1.304122
1.770725
1.913010
1.738196
1.678134
1.575701
1.410757
1.386175
1.838461
1.364051
1.986572
1.203461
1.751511
1.705414
1.258951
1.244174
1.755204
1.572298
1.660713
1.896717
1.942764
1.866030
1.917544
1.537289
1.682295
1.900639
0.852664
1.800787
1.940531
1.593626
1.960807
1.626764
1.937159
1.661082
1.681989
1.530462
1.529906
1.820215
1.322506
1.652711
1.968541
1.583398
1.730670
1.581480
1.307881
1.400120
1.737676
1.668255
1.330347
1.561228
1.255294
1.531297
1.659593
1.441366
1.653682
1.965265
1.746070
1.819706
1.946457
1.139847
1.269942
1.668896
1.622785
1.848850
1.971805
1.676427
1.997481
1.776743
1.991344
1.646153
1.740368
1.872204
1.504837
1.309995
1.775021
1.558641
1.877469
0.845294
1.803105
1.906408
1.564366
1.429908
1.613308
1.226534
1.396842
1.436845
1.413835
1.992329
1.920615
1.704466
1.418483
1.778327
1.714384
1.085293
1.226733
1.387951
1.533454
1.480560
1.104191
1.664631
1.523541
1.407844
1.688132
1.872142
1.520573
1.960919
1.192842
1.837598
1.530312
1.479633
1.512346
1.820684
1.993658
1.978464
1.736609
1.690546
1.577558
1.320509
1.589638
1.732291
1.660730
1.641819
1.851954
1.578172
1.932644
1.783139
1.525837
1.908078
1.621466
1.738537
1.473677
1.342150
1.853795
1.932705
1.979632
1.197059
1.526569
1.518898
1.488706
1.642602
1.762310
1.495775
1.759135
1.927833
1.763087
1.784867
1.967054
1.298521
1.808641
1.823342
1.836993
1.729211
1.923454
1.716774
1.641245
1.569021
1.635207
1.573878
1.871336
1.652528
1.420816
1.592318
1.957713
1.949047
1.691238
1.872557
1.623093
1.556532
1.478549
1.610047
1.545861
1.885330
1.504955
1.447704
1.109786
1.982011
1.952178
1.816783
1.308490
1.280498
1.598361
1.548470
1.299997
1.697972
1.680083
1.329719
1.046364
1.616161
1.577128
1.792494
1.102871
1.988621
1.513112
1.336011
1.821134
1.892714
1.252559
1.226582
1.804578
1.327450
1.700428
1.324119
1.414735
1.894740
1.365276
1.784803
1.547431
1.756866
1.982957
1.506903
1.803724
1.371421
1.499520
1.436068
1.570458
1.273805
1.005841
1.340611
1.740979
1.829498
1.753717
1.772507
1.785629
1.037111
1.984917
1.621094
1.761303
1.660779
1.865187
1.876856
1.572740
1.616741
1.535342
1.970369
1.942891
1.867919
1.977267
1.537096
1.748915
1.786702
1.601588
1.444289
1.609378
1.964044
1.287071
1.393779
1.763416
1.935422
1.344869
1.531900
1.818532
1.766486
1.417783
0.943616
0.847016
0.378399
