1.546650
1.515116
1.704062
1.221110
1.446792
1.819114
1.789394
1.999554
1.006256
1.762703
1.972496
1.164303
1.113790
1.930803
1.544261
1.771558
1.794345
1.612958
1.375829
1.306461
1.338364
1.864922
1.938885
1.933816
1.309837
1.158465
1.846766
1.587259
1.287374
1.446360
1.682189
1.964240
1.482367
1.639477
1.942401
1.886033
1.508416
1.829763
1.961102
1.880590
0.995588
1.971063
1.901917
1.608932
1.610419
1.452097
1.973195
1.733942
1.207440
1.748104
1.919071
1.704354
1.770565
1.642839
1.298754
1.725867
1.829232
1.094803
1.697064
1.650370
1.545711
1.398493
1.380478
1.180806
1.269385
1.275704
1.359351
1.613414
1.401792
1.688977
1.374127
1.413020
1.698787
1.819835
1.968983
1.078458
1.504812
1.361552
1.422284
1.142044
1.653150
1.751313
1.971973
1.636685
1.851611
1.675564
1.763861
1.978013
1.585514
1.761173
1.590717
1.547037
1.806846
1.386998
1.316188
1.697487
1.723827
1.992058
1.435916
1.826560
1.885596
1.933107
1.165627
1.337914
1.553481
1.790237
1.987451
1.921012
1.934302
1.716095
1.636814
1.548495
1.109262
1.887475
1.610701
1.341609
1.609474
1.576676
1.301659
1.582333
1.926452
1.519463
1.814110
1.415113
1.919187
1.356358
1.581341
1.784643
1.758799
1.862706
1.270458
1.648308
1.959963
1.543309
1.185190
1.626545
1.455726
1.268080
1.674005
0.840226
