1.949521
1.971738
1.953681
1.997965
1.966442
1.691776
1.922889
1.752006
1.647820
1.991218
1.975552
1.996016
1.933033
1.939451
1.996525
1.932416
1.987263
1.983207
1.825850
1.999430
1.894552
1.813787
1.935982
1.884939
1.864899
1.728267
1.983505
1.996792
1.977588
1.882758
1.901179
1.431319
1.301027
1.866789
1.988027
1.790119
1.982486
1.681336
1.927605
1.738889
1.882632
1.556769
1.984061
1.992712
1.915579
1.789204
1.892755
1.916991
1.869896
1.794080
1.925112
1.611705
1.556653
1.936775
1.621964
1.474839
1.802568
1.823242
1.744093
1.692662
1.827542
1.883419
1.962834
1.962711
1.858028
1.477726
1.970471
1.879689
1.988295
1.441054
1.666344
1.724892
1.624023
1.958389
1.572951
1.493169
1.455287
1.865563
1.816707
1.985449
1.918960
1.604724
1.933121
1.531658
1.882074
1.508223
1.856030
1.925308
1.597728
1.944207
1.616645
1.796101
1.883946
1.859710
1.883129
1.446643
1.578952
1.690717
1.869234
1.679558
1.617986
1.987212
1.932807
1.397382
1.588557
1.388091
1.509213
1.733363
1.389452
1.761088
1.929064
1.926513
1.960996
1.759983
1.232719
1.524181
1.700511
1.586658
1.345707
1.613250
1.515699
1.467504
1.975638
