1.677747
1.632056
1.592684
1.065333
1.897979
1.287437
1.663420
1.994190
1.967260
1.908654
1.828038
1.624628
1.505557
1.772271
1.762198
1.395433
1.687196
1.535872
1.882171
1.674829
0.942730
1.667233
1.584814
1.254770
1.795959
1.698676
1.699673
1.798492
1.635443
1.469863
1.621870
1.857168
1.748767
0.985078
1.210018
1.625717
1.955524
1.462724
1.998840
1.190121
1.630414
1.407648
1.935076
1.510548
1.262621
1.315096
1.985707
1.494246
1.654911
1.815157
1.932972
1.530996
1.606907
1.954697
1.453288
1.676030
1.091823
1.868068
1.635861
1.540123
1.495621
1.769976
1.730895
1.338425
1.684843
1.570422
1.636768
1.634708
1.229084
1.679759
1.656197
1.400192
1.824678
1.604475
0.987945
1.961017
1.510367
1.806303
1.701902
1.422668
1.970314
1.842445
1.377847
1.479445
1.560457
1.544972
1.028963
1.854968
1.416249
1.780906
1.687982
1.826688
1.499408
1.281677
1.445512
1.933863
1.192054
1.513816
1.135508
1.878696
1.234510
1.557025
1.618088
1.859308
1.439429
1.894284
1.455331
0.936732
1.514949
0.850752
1.560096
1.894668
1.013956
1.658694
1.646645
1.556033
1.617710
0.747219
0.940774
1.762860
1.385349
1.722351
1.973578
1.707426
1.106807
1.886644
1.970467
1.336881
1.495503
1.343771
1.471341
1.934317
1.345280
1.745204
1.863822
1.268408
1.554358
1.591901
1.803326
1.958569
1.728758
1.450312
1.688887
1.897200
1.833300
1.707848
1.840635
1.324543
1.714404
1.471498
1.922685
1.345299
1.661321
1.720092
1.838148
1.787900
0.934233
1.451874
1.465497
