1.987236
1.360980
1.664529
1.946895
1.195909
1.450395
1.378677
1.354772
1.985443
1.476927
1.257637
1.904538
1.773004
1.526078
0.886644
1.496083
1.950832
1.849224
1.783925
1.872814
1.026385
1.608089
1.183057
1.417758
1.808726
1.517840
1.914007
1.501850
1.437227
1.554865
1.359601
1.947095
1.168893
1.957026
1.496201
1.364268
1.928334
1.472830
1.859295
1.707842
1.263781
1.662508
1.668450
1.353708
1.408311
1.910183
1.605811
1.781069
1.153048
1.394227
1.879270
1.827274
1.972221
1.860713
1.375432
1.213156
0.944934
1.172246
1.860674
1.722454
1.970271
1.421600
1.990119
1.712444
1.747266
1.338958
1.272827
1.735800
1.949784
1.805663
1.719949
1.686727
1.868625
0.980795
1.550762
1.706284
1.579091
1.995007
1.342154
1.365507
1.549353
1.709256
1.501713
1.202937
1.801907
1.888215
1.491814
1.636636
1.792834
1.913886
1.848716
1.729678
1.839421
1.388386
1.392199
1.723429
1.555556
1.240468
1.451592
1.499429
1.647542
1.878217
1.566052
1.896188
1.788731
1.334341
1.754955
1.685211
1.584020
1.858514
1.626611
1.461596
1.753856
1.292786
1.927764
1.606249
1.612915
1.650196
1.911499
1.993724
1.442153
1.461953
1.374348
1.694248
1.829354
1.607951
1.787502
1.296191
1.678454
1.456097
1.721553
1.979010
1.520504
1.376015
1.973580
1.851180
1.734408
0.924012
1.325164
1.455631
1.837547
1.794467
1.361309
1.354222
1.585438
1.590917
1.198241
1.822958
1.273821
1.906625
1.426198
1.554284
1.943062
1.913978
1.476630
1.581855
1.363138
1.832006
1.370701
1.267929
1.952423
1.890350
1.534978
1.546324
1.984813
1.991288
1.964311
1.522141
1.641961
1.540645
1.866606
1.827610
1.358525
1.562631
1.686203
1.707525
1.497101
1.984866
1.240916
1.781228
1.878739
1.478412
1.803306
1.922789
1.990583
1.081037
1.363886
1.918132
1.819439
1.847013
1.918437
1.991939
1.503742
1.583101
1.857569
1.778570
0.866782
1.808745
1.567363
1.828239
1.371740
1.869761
1.533664
1.594206
1.327077
1.812199
1.918188
1.613555
1.964095
1.669482
1.485056
1.967591
1.225952
1.261435
1.205034
1.570655
1.730771
1.214946
1.910387
1.269454
1.134591
1.607370
1.688704
1.971380
1.849445
1.757169
1.398007
1.387777
1.958184
1.184685
1.144212
1.555201
1.874903
1.760289
1.709921
1.161787
0.963554
1.036864
1.392937
1.560285
1.886399
1.607332
1.901844
1.595599
1.262639
1.803289
1.694061
1.729642
1.533802
1.161106
1.374200
1.929978
1.875801
1.796786
1.737579
1.329131
1.652685
1.768444
0.944770
1.951212
1.735631
1.998906
1.725336
1.550333
1.073541
1.730936
1.755899
1.237942
1.909080
1.718173
1.355754
1.552296
1.690496
1.725563
1.725481
1.541306
1.030613
1.650041
1.534183
1.577581
1.987879
1.578955
1.932040
1.541248
1.682676
1.106368
1.175648
1.657766
1.448021
1.628181
1.822882
1.871286
1.265266
1.482312
1.866597
1.990497
1.887844
1.751659
1.727662
1.533508
1.766693
1.671758
1.620001
1.224218
1.459432
1.220714
1.657042
1.429785
1.898327
1.537141
1.537972
1.921131
1.712889
1.172962
1.577666
1.903934
1.808656
1.981341
1.310913
1.931189
1.668584
1.800074
1.540457
1.278467
1.990245
1.568980
1.747251
1.350463
1.539162
1.230189
1.527386
1.822850
1.933179
1.443035
1.481635
1.910385
1.719142
1.929234
1.380043
1.554523
1.844082
1.635329
1.543459
1.570430
1.794623
1.003394
0.950662
1.963845
1.219692
1.869207
1.708246
1.985558
1.893752
1.897201
1.876535
1.823016
1.843196
1.871955
1.927190
1.887653
1.348125
1.160135
1.604055
1.422215
1.380748
1.944742
1.662863
1.300689
1.373264
1.249458
1.363453
1.607262
1.514993
1.812659
1.926584
1.194487
1.682443
1.178250
1.488620
1.321313
1.766508
1.890344
1.554453
1.711272
1.718582
1.087789
1.226484
1.553194
1.222740
1.538884
1.998258
0.908819
1.289842
1.601338
1.499072
1.375489
1.346506
1.275278
1.691847
1.937271
1.254850
1.241636
1.207771
1.505381
