1.932411
1.942676
1.852097
1.676975
1.997263
1.754526
1.971144
1.989596
1.975635
1.957574
1.809787
1.758826
1.904571
1.929893
1.681380
1.876656
1.986252
1.871419
1.794213
1.950375
1.797873
1.958578
1.989678
1.863345
1.997129
1.755141
1.803986
1.899386
1.762481
1.654346
1.992341
1.992216
1.910761
1.595713
1.602350
1.977834
1.885312
1.542274
1.855909
1.920179
1.712687
1.893042
1.798356
1.997076
1.481387
1.839924
1.718395
1.936646
1.582226
1.951571
1.792267
1.732309
1.681893
1.733002
1.812395
1.961317
1.812955
1.871833
1.821118
1.710839
1.905036
1.911843
1.920727
1.928777
1.711074
1.821309
1.491444
1.840294
1.770445
1.644974
1.646456
1.778691
1.632864
1.871492
1.771412
1.969603
1.858790
1.910733
1.734384
1.667601
1.604803
1.877373
1.581791
1.932873
1.771528
1.979303
1.554634
1.446247
1.928624
1.947849
1.896388
1.660187
1.683485
1.412505
1.967146
1.811761
1.647845
1.707828
1.945938
1.906053
1.733555
1.725329
1.743973
1.994618
1.704087
1.631412
1.657363
1.341008
1.883678
1.900510
1.770473
1.886816
1.335742
1.276627
1.472809
1.527403
