1.996787
1.993345
1.972663
1.936542
1.896255
1.999565
1.657760
1.742157
1.710879
1.857569
1.901791
1.841479
1.929505
1.663529
1.991206
1.825461
1.634075
1.812077
1.675525
1.861056
1.906613
1.970217
1.982044
1.939426
1.695196
1.866999
1.775491
1.571582
1.924961
1.737100
1.532755
1.720035
1.913633
1.594434
1.980230
1.687154
1.965297
1.962685
1.920438
1.970500
1.971953
1.933148
1.492354
1.732426
1.838477
1.537809
1.941822
1.655365
1.615632
1.847724
1.605086
1.984532
1.956648
1.542173
1.567114
1.789402
1.596292
1.905137
1.723571
1.940358
1.618944
1.493779
1.966594
1.713205
1.438272
1.807026
1.611281
1.922749
1.658929
1.453842
1.748832
1.927226
1.575820
1.268795
1.883238
1.739892
1.953368
1.836940
1.673285
1.882912
1.502847
1.794662
1.805808
1.856586
1.687310
1.564067
1.765720
1.533808
1.768245
1.621292
1.612132
1.874576
1.808202
1.403018
1.943008
1.533975
1.524245
1.973252
1.980102
1.376395
1.501686
1.543262
1.894089
1.364599
1.882649
1.512385
1.623120
1.887203
1.735412
1.848273
1.909039
1.211146
