1.950951
1.892689
1.918641
1.758007
1.850848
1.929731
1.903537
1.951880
1.949126
1.955526
1.594891
1.556406
1.992033
1.608202
1.999982
1.990408
1.891284
1.863893
1.967590
1.922116
1.828378
1.631009
1.908053
1.878757
1.767555
1.682882
1.738689
1.881343
1.676022
1.944518
1.704400
1.945965
1.857244
1.956542
1.926419
1.501069
1.840403
1.633858
1.801095
1.991109
1.711786
1.939608
1.842829
1.739968
1.886587
1.671407
1.990878
1.795595
1.663354
1.586456
1.990382
1.566226
1.925644
1.766675
1.397389
1.906250
1.689840
1.387769
1.322982
1.832140
1.775299
1.881505
1.938809
1.523728
1.983558
1.751566
1.743022
1.928926
1.722433
1.529196
1.896090
1.856587
1.899869
1.244389
1.682261
1.806114
1.908056
1.936285
1.594540
1.672949
1.307206
1.438655
1.184655
1.490483
1.943966
1.914567
1.444878
1.785694
1.604545
1.480264
1.863091
1.839452
1.650511
1.337483
1.879386
1.859460
1.938469
1.469859
1.662379
1.826540
1.794372
1.827825
1.932692
1.835111
1.488810
1.895315
1.995280
1.712388
