1.817057
1.887851
1.812676
1.927667
1.941997
1.690117
1.856705
1.954251
1.886182
1.850082
1.972505
1.913696
1.821101
1.814460
1.882762
1.800424
1.727839
1.936867
1.921483
1.761466
1.802967
1.409049
1.758666
1.986227
1.760578
1.993359
1.848685
1.773594
1.550157
1.791577
1.921916
1.740592
1.726829
1.850788
1.776753
1.849380
1.524849
1.885656
1.897806
1.728295
1.911714
1.476909
1.713386
1.758366
1.847143
1.946183
1.553355
1.516874
1.641841
1.519635
1.694030
1.486054
1.903568
1.431801
1.857226
1.381865
1.835902
1.808890
1.610633
1.337301
1.575191
1.585758
1.919515
1.562192
1.859502
1.671184
1.603783
1.932242
1.919725
1.874361
1.692935
1.882723
1.729515
1.951935
1.991439
1.801442
1.661823
1.790946
1.768735
1.440237
1.642771
1.916071
1.732039
1.841014
1.801899
1.710377
1.267318
1.896863
1.804891
1.846907
1.891378
1.552512
1.695220
1.976021
1.883800
1.965778
1.454683
1.607222
1.612533
