1.542293
1.519486
1.645586
1.618143
1.059021
1.736030
1.367922
1.375378
1.816105
1.453596
1.239902
1.501874
1.307045
1.744868
1.420984
0.804365
1.668386
1.927646
1.778374
1.683447
1.591571
1.952608
1.349923
1.417095
1.186130
1.283434
1.987083
1.332552
0.864563
1.338961
1.757332
0.955000
1.781757
1.616660
1.276496
1.898422
1.143662
1.451936
1.691042
1.862090
1.784029
1.566210
1.706694
1.765112
1.742449
0.948961
1.930535
1.769705
0.781714
1.351136
1.168732
1.645288
1.710366
1.452279
1.655202
1.570537
1.667808
0.655055
0.728646
1.604844
1.764737
1.929836
1.800527
1.453722
1.681777
1.033563
1.456889
1.509606
1.019809
0.913058
1.591203
1.862918
0.677669
1.443720
1.715941
1.742965
1.946271
0.517194
1.504978
1.956047
1.557703
1.754310
1.954259
0.997454
0.835091
1.720612
1.726863
1.054339
1.678475
1.330180
0.965814
1.214387
1.791870
1.350827
1.735211
1.572010
1.315126
1.593151
1.855310
1.881822
1.898296
1.325097
1.319767
1.576392
1.434718
1.891647
1.393628
1.919960
1.663494
1.773723
1.560010
1.917921
1.922292
1.707601
1.608137
1.958563
1.787453
1.906762
1.875652
1.837287
1.485673
1.871820
1.399654
0.944226
1.930786
1.621814
1.118123
1.777073
1.556100
1.930073
1.817016
1.572423
1.428972
0.922882
1.603441
1.928627
1.451402
0.911492
1.386867
1.855368
1.808448
1.449101
1.770712
1.818545
1.010963
1.383081
1.478117
1.333845
1.585117
1.047543
1.647507
1.041526
1.031525
0.704094
1.757958
1.958384
1.554651
1.431875
1.609224
1.311918
1.936336
1.773939
1.440989
1.890325
1.849237
0.961909
1.886895
1.738729
1.865277
0.903323
1.288672
1.227558
0.831562
1.739429
1.974622
1.907370
1.647787
1.918597
1.530955
1.217949
1.229991
1.609920
1.082104
1.995375
1.924178
1.496874
1.833571
1.843460
0.791932
1.579869
1.663887
1.736082
1.799334
1.322241
1.914594
1.271578
1.564999
0.722185
1.701201
1.555353
1.211510
1.647114
1.559106
1.305060
1.351411
1.552320
1.850353
1.884137
1.821135
1.932053
1.927437
1.937322
1.487134
1.020336
1.771753
1.201251
1.916710
1.770734
1.604762
1.579802
1.780716
1.403253
1.586657
1.972003
1.857388
1.720871
1.704709
1.620144
0.977935
1.050877
1.102905
1.797041
1.057804
1.311225
1.407779
1.495915
1.617251
1.930805
0.750642
1.210439
1.304900
1.566148
0.709122
1.978866
1.181468
1.595354
1.723306
1.287762
1.646144
1.636481
1.685013
1.768745
1.617670
1.748969
1.806200
0.974787
1.566234
1.982005
1.761810
1.296905
0.803227
1.586586
1.518890
1.755376
1.939297
1.144054
1.778560
1.404779
0.872843
1.331782
1.868025
1.738656
1.319114
1.946966
1.625279
1.892506
1.203680
1.331921
1.181178
1.887318
1.296595
1.439949
1.353630
1.635224
1.056583
1.890246
1.552040
1.327623
1.831457
1.658788
1.764325
1.238743
1.929750
1.644637
1.507264
1.996010
1.937503
1.875198
1.719612
0.675641
0.512352
1.725195
1.865835
0.450172
1.494002
1.909465
1.714124
1.363799
1.815305
1.826750
1.176781
1.548113
0.513453
0.522657
0.816135
1.997370
1.782399
1.659140
1.301008
1.331838
1.629128
1.874939
1.110841
1.836234
1.491357
1.778648
1.390584
1.253628
1.545377
1.918645
1.574222
1.963425
1.279217
1.567297
0.799858
1.278040
