1.997398
1.860974
1.932838
1.928049
1.888010
1.813047
1.880997
1.968283
1.726147
1.993017
1.656832
1.904309
1.901077
1.917201
1.696219
1.977634
1.916149
1.786895
1.927681
1.834902
1.658902
1.923878
1.377596
1.642050
1.862065
1.882354
1.701407
1.848401
1.859127
1.958162
1.926617
1.870906
1.479800
1.729989
1.757400
1.789945
1.981370
1.934026
1.718772
1.962533
1.801711
1.906700
1.969907
1.827869
1.600607
1.916326
1.967347
1.853651
1.876460
1.961255
1.695267
1.578764
1.863828
1.680896
1.922757
1.654789
1.610902
1.600324
1.928350
1.872835
1.657912
1.631956
1.810735
1.625740
1.681477
1.940332
1.535682
1.942640
1.775433
1.645825
1.882304
1.923279
1.817880
1.554192
1.900647
1.988877
1.676483
1.929195
1.970765
1.868017
1.994972
1.751120
1.913684
1.447311
1.680959
1.670533
1.848614
1.892071
1.566213
1.650795
1.870885
1.651744
1.513546
1.986775
1.570148
1.857512
1.693592
1.908982
1.915657
1.410772
1.945335
1.906914
1.807263
1.660847
1.782752
1.970205
1.945026
1.988397
1.942302
1.159605
1.875136
1.698657
1.915464
1.162603
1.702328
1.516257
1.815057
1.827346
1.972348
1.785134
1.985951
1.545148
1.834916
1.864834
1.941384
1.369756
1.978500
1.274758
