0.762727
1.519645
1.967802
1.672333
1.123913
1.886987
1.863526
1.552840
1.383061
0.928033
1.636615
0.810041
1.836641
1.420023
1.493065
1.963376
1.878277
1.678372
1.656867
1.536945
0.707295
1.193789
1.078683
1.915863
1.666543
1.948321
1.016345
1.942492
1.910865
1.834565
1.335766
1.242669
1.510106
1.938846
1.886358
1.984636
1.725437
1.658797
1.841410
1.545140
1.714102
1.689662
1.468660
1.077690
1.917079
1.403964
1.690364
1.782329
1.907243
1.546277
1.244538
1.517788
1.869891
1.923286
1.810478
1.842340
1.259810
1.880222
1.802127
1.939073
1.140257
1.503192
1.845803
1.803862
1.757888
1.783992
1.860604
1.023174
1.833288
1.953911
1.958706
0.751248
1.980829
1.327047
1.424293
1.860283
1.637237
1.258363
1.573132
1.686034
1.882198
1.860398
1.622244
1.693032
1.274753
1.573008
1.800037
1.970960
1.560341
1.727131
1.819216
1.738335
1.301102
1.811080
1.866124
1.337036
1.709798
1.944857
0.771665
1.638553
1.924538
1.906451
1.236796
1.738097
1.317207
1.506001
1.645644
0.983179
1.496408
1.894753
1.784178
1.988579
1.819407
1.774648
1.857661
1.519904
1.760563
1.979883
1.488414
1.753193
1.799830
1.555692
1.795951
1.744537
1.914199
1.368008
1.831980
1.082657
1.681188
1.514253
1.425238
1.459782
1.966274
1.464962
1.532119
1.820302
1.834240
1.893904
1.561790
1.639428
1.605749
1.564031
0.913684
0.711260
1.979478
1.552404
1.507292
1.989456
1.987232
1.899246
1.889234
1.809674
1.673687
1.882345
1.499455
1.929947
1.605640
1.140662
1.972366
1.501308
1.909790
1.959540
1.848043
1.958822
1.484952
1.708644
1.658608
1.281055
1.490764
1.420492
1.924807
1.963312
1.687047
1.371661
1.722359
1.355405
1.140065
1.808165
1.268740
1.999911
1.048862
1.835238
1.750335
1.395356
1.473631
1.140230
1.401705
1.328939
1.584787
1.683337
1.690185
1.646998
1.740024
1.851878
1.839206
1.957128
1.456419
1.415458
1.663377
1.686069
1.821383
1.500874
1.547138
1.746664
1.748474
1.802721
1.539878
1.338762
1.503790
0.987353
1.123237
1.522193
0.990204
1.198641
1.821504
0.595162
