1.990304
1.967347
1.951118
1.700452
1.915255
1.974279
1.771666
1.970392
1.983193
1.904632
1.859215
1.799538
1.821309
1.770902
1.880974
1.969208
1.954692
1.960874
1.965632
1.936710
1.716964
1.808523
1.536910
1.876704
1.922086
1.797128
1.526512
1.806301
1.591419
1.968395
1.979635
1.861611
1.889965
1.688275
1.855866
1.411547
1.523961
1.674946
1.479171
1.812872
1.841513
1.971261
1.969251
1.908949
1.767125
1.883588
1.984912
1.502280
1.903774
1.933009
1.539255
1.782453
1.828033
1.981523
1.885541
1.542432
1.621928
1.805325
1.840604
1.453818
1.666379
1.965460
1.889865
1.973094
1.438608
1.899680
1.349151
1.997532
1.615138
1.448170
1.816932
1.955810
1.904282
1.938909
1.853521
1.737404
1.273824
1.908265
1.934607
1.828008
1.957340
1.482508
1.599231
1.161521
1.778891
1.919571
1.787111
1.702586
1.893741
1.707682
1.992868
1.728237
1.894541
1.833298
1.747243
1.805388
