1.704279
1.921757
1.881226
1.980841
1.968098
1.900211
1.873157
1.953880
1.856493
1.970297
1.798299
1.983834
1.754546
1.977619
1.844371
1.902471
1.933309
1.795298
1.968643
1.863418
1.517011
1.928284
1.729947
1.987578
1.626914
1.881128
1.561019
1.824561
1.954904
1.717132
1.944478
1.935243
1.935460
1.665427
1.774199
1.707573
1.889092
1.846548
1.859527
1.600756
1.974424
1.936814
1.817791
1.465780
1.617734
1.749379
1.657237
1.655237
1.914805
1.967904
1.668785
1.709638
1.782616
1.509766
1.970018
1.670902
1.878415
1.702044
1.938205
1.886219
1.673165
1.750092
1.774341
1.833591
1.640469
1.716497
1.802244
1.833841
1.473797
1.903379
1.952847
1.934094
1.956292
1.415615
1.488488
1.688989
1.631782
1.868945
1.997736
1.753190
1.942461
1.692201
1.698268
1.429390
1.542149
1.693979
1.998024
1.858608
1.819708
1.498435
1.784793
1.387925
1.577568
1.980695
1.629255
1.952295
1.749015
1.517191
1.630122
1.664844
1.995793
1.162717
1.953919
1.632317
1.536663
1.626370
1.819532
1.517070
1.767430
1.352345
1.822941
1.799432
1.565915
