1.982035
1.996933
1.947243
1.767409
1.861080
1.936718
1.767222
1.897210
1.594189
1.938096
1.770787
1.922383
1.905086
1.772516
1.937445
1.713933
1.870718
1.706487
1.587330
1.778349
1.739826
1.975997
1.813080
1.990199
1.949630
1.850159
1.803277
1.909573
1.368927
1.875580
1.996058
1.936774
1.871636
1.880899
1.731218
1.808098
1.990453
1.998899
1.937384
1.870871
1.954775
1.312289
1.874589
1.796957
1.699346
1.785613
1.887913
1.966584
1.997626
1.660511
1.724232
1.794775
1.690968
1.961896
1.825438
1.739826
1.478693
1.994307
1.653933
1.726541
1.974107
1.988062
1.775241
1.664675
1.823256
1.693061
1.941786
1.692693
1.510806
1.955719
1.609415
1.530655
1.927216
1.841029
1.929584
1.522769
1.913729
1.861955
1.757878
1.696624
1.336757
1.695646
1.730487
1.953543
1.796313
1.745156
1.719975
1.717737
1.833876
1.947053
1.970728
1.989847
1.832049
1.643028
1.463559
1.708339
1.460038
1.292470
1.859051
1.499947
1.649117
1.305653
1.777025
1.792484
1.955559
1.583607
1.984069
1.633343
1.785819
1.681412
1.662815
1.495343
1.209320
1.612211
1.710152
1.626082
1.796626
1.791773
1.254763
1.314312
1.728263
1.891298
1.802829
1.290451
