1.844017
1.780009
1.825300
1.914918
1.940282
1.950293
1.856257
1.875152
1.990027
1.959865
1.949450
1.909944
1.757519
1.943235
1.986742
1.956599
1.693162
1.716165
1.882811
1.759539
1.520503
1.512406
1.954481
1.675053
1.789388
1.719430
1.964546
1.625634
1.823530
1.912909
1.533959
1.983392
1.913027
1.752112
1.763416
1.933002
1.865005
1.871114
1.753944
1.826095
1.863564
1.731551
1.801793
1.523721
1.894199
1.654194
1.989260
1.942379
1.742351
1.586030
1.731984
1.711011
1.728438
1.862892
1.703022
1.919821
1.861021
1.619698
1.570186
1.781890
1.981099
1.771035
1.755875
1.862949
1.659029
1.536715
1.771468
1.622616
1.860272
1.915143
1.788435
1.950783
1.804188
1.349357
1.769962
1.989514
1.904209
1.568074
1.902555
1.602235
1.663823
1.942403
1.988900
1.797757
1.664157
1.843880
1.226632
1.869884
1.980274
1.750641
1.898102
1.896867
1.454940
1.480521
1.575852
1.503428
1.961202
1.840662
1.752859
1.530629
1.939927
1.370529
1.813589
1.833980
1.316524
1.871032
1.717404
1.455918
1.868526
1.630900
1.473146
1.969559
1.857599
1.290109
1.603879
1.426916
1.914745
1.622077
1.920248
1.784523
1.674863
1.680065
