1.946451
1.806777
1.689754
1.782969
1.738064
1.909032
1.680101
1.831889
1.855122
1.814508
1.599201
1.470565
1.866723
1.420448
1.619135
1.937717
1.600140
1.996593
1.961236
1.404700
1.957452
1.848961
1.842800
1.908387
1.897177
1.884446
1.633981
1.802822
1.731258
1.915021
1.683544
1.772300
1.686396
1.696871
1.989364
1.709340
1.611874
1.864966
1.727718
1.425712
1.755678
1.943356
1.930162
1.735907
1.704378
1.796828
1.938582
1.866275
1.679398
1.858357
1.674373
1.803600
1.909474
1.972110
1.619448
1.742860
1.799324
1.755489
1.851673
1.890029
1.925457
1.542597
1.978943
1.886553
1.942541
1.930613
1.509586
1.833244
1.820140
1.692582
1.858452
1.923727
1.707690
1.803808
1.726889
1.487982
1.722772
1.747715
1.743478
1.549543
1.892773
1.604147
1.608136
1.953555
1.289708
1.569271
1.743459
1.941315
1.677835
1.913354
1.926070
1.851706
1.978264
1.240281
1.819731
1.716028
