1.850173
1.880836
1.931794
1.975226
1.728919
1.888930
1.942901
1.632973
1.903829
1.739203
1.828232
1.907919
1.823120
1.679703
1.781419
1.943993
1.827472
1.818253
1.755617
1.477664
1.691474
1.871081
1.990854
1.969122
1.647764
1.830929
1.986559
1.793240
1.788315
1.725500
1.651052
1.843700
1.439795
1.579265
1.627996
1.894754
1.979197
1.985510
1.527447
1.759685
1.989387
1.538540
1.948203
1.834809
1.554770
1.607877
1.919756
1.783248
1.883220
1.956004
1.522437
1.653805
1.760168
1.794217
1.986308
1.530268
1.855293
1.941769
1.760444
1.998994
1.450495
1.693663
1.880785
1.985687
1.543173
1.535766
1.755333
1.825177
1.564637
1.869006
1.908922
1.642550
1.789362
1.915817
1.936233
1.599236
1.924356
1.722957
1.786125
1.466496
1.877721
1.826481
1.649154
1.999173
1.550908
1.770615
1.911800
1.324273
1.739008
1.977724
1.904306
1.940774
1.841275
1.350638
1.946465
1.443284
1.954794
1.759265
1.581465
1.632618
1.112232
1.858994
1.786028
1.895723
