1.974277
1.946717
1.921080
1.931742
1.903511
1.971308
1.934538
1.959391
1.665167
1.666130
1.778055
1.912969
1.768847
1.875626
1.968737
1.836347
1.678295
1.926915
1.629529
1.894890
1.731590
1.859111
1.889845
1.923395
1.986925
1.621356
1.828764
1.994603
1.925353
1.952385
1.331030
1.713428
1.790601
1.779145
1.850006
1.536285
1.993798
1.627588
1.754413
1.435028
1.944906
1.908245
1.848445
1.846374
1.729720
1.710368
1.875904
1.757678
1.930082
1.846416
1.874302
1.578754
1.809029
1.788362
1.588638
1.670599
1.674099
1.992946
1.648371
1.692257
1.824905
1.940300
1.855568
1.731823
1.473627
1.939618
1.515196
1.476248
1.841735
1.769268
1.730349
1.650908
1.703577
1.464153
1.928059
1.721571
1.885795
1.993729
1.889926
1.970004
1.365016
1.434763
1.448044
1.535175
1.560172
0.993032
1.905337
1.284043
1.398739
