1.997985
1.856717
1.702322
1.983458
1.578737
1.888975
1.764380
1.806533
1.941528
1.924444
1.852730
1.927526
1.806394
1.903393
1.855847
1.836767
1.806139
1.871157
1.713478
1.827532
1.738041
1.716539
1.467054
1.977933
1.667480
1.898028
1.919609
1.782074
1.782209
1.589480
1.732607
1.782008
1.704706
1.786609
1.791416
1.715237
1.908474
1.734256
1.639279
1.723380
1.903896
1.949065
1.960614
1.583917
1.531610
1.600397
1.974471
1.746175
1.612515
1.994673
1.834541
1.745255
1.596759
1.884519
1.932381
1.878364
1.701862
1.578614
1.599187
1.992483
1.418728
1.363523
1.831302
1.993682
1.554033
1.930488
1.983093
1.658549
1.635871
1.449708
1.755988
1.738715
1.425279
1.468108
1.656528
1.858103
1.888325
1.893269
1.829269
1.658180
1.720925
1.858135
1.526178
1.892916
1.702897
1.814378
1.741055
1.796050
1.872678
1.641001
1.340013
