1.800784
1.925941
1.949963
1.959056
1.991964
1.825733
1.897279
1.540801
1.625782
1.896584
1.699050
1.819323
1.733360
1.615962
1.745150
1.912332
1.690638
1.968011
1.788535
1.905448
1.745168
1.872832
1.964515
1.473286
1.797724
1.984433
1.787123
1.834600
1.707991
1.716505
1.794596
1.619081
1.711889
1.998098
1.884554
1.739313
1.940535
1.815402
1.863161
1.707907
1.865724
1.950819
1.877935
1.765384
1.927460
1.846739
1.931825
1.471724
1.673322
1.780960
1.837207
1.917079
1.846856
1.831896
1.859262
1.577812
1.965921
1.971965
1.942124
1.662235
1.494479
1.715089
1.945984
1.944673
1.846916
1.575626
1.824547
1.700419
1.876377
1.638368
1.743617
1.616856
1.593937
1.723853
1.953179
1.914296
1.740741
1.786476
1.989711
1.364854
1.848584
1.794494
1.594583
1.890956
1.850879
1.701026
1.928958
1.949649
1.981342
1.900298
1.900212
1.662584
1.484162
1.672366
1.612228
1.290016
1.900559
1.943381
1.951439
1.923952
1.487113
1.987134
1.432595
1.697403
1.479116
1.831880
1.722151
1.660776
1.753835
1.746454
1.739829
1.559002
1.384023
1.410466
1.817240
1.574401
1.570271
1.627719
1.960764
1.780711
1.519448
1.428467
