1.900950
1.904355
1.866288
1.926151
1.957719
1.955735
1.901830
1.952299
1.905945
1.624589
1.553426
1.842624
1.709041
1.971880
1.946115
1.882019
1.999153
1.713814
1.985566
1.920080
1.814478
1.928277
1.659468
1.948990
1.891107
1.921046
1.741230
1.701016
1.798176
1.989420
1.470572
1.884308
1.813470
1.913215
1.785074
1.879033
1.825004
1.614964
1.634246
1.527661
1.805093
1.952161
1.967978
1.856944
1.635514
1.551317
1.765269
1.605019
1.571749
1.809387
1.970535
1.832453
1.460947
1.877390
1.819875
1.591627
1.911362
1.817372
1.740115
1.813382
1.882905
1.693051
1.915704
1.472641
1.207573
1.580962
1.687422
1.718440
1.885030
1.857793
1.958239
1.954908
1.828277
1.659115
1.407463
1.407438
1.648841
1.835638
1.905800
1.672458
1.714992
1.459101
1.355019
1.943574
1.933261
1.468756
1.686308
1.923243
1.562015
1.617888
1.810263
1.820781
1.961382
