1.942057
1.922052
1.933248
1.962980
1.956035
1.645102
1.917750
1.994918
1.708837
1.749439
1.894885
1.921358
1.892398
1.605659
1.823414
1.693569
1.998543
1.675771
1.598547
1.768426
1.729324
1.931105
1.879817
1.974158
1.998705
1.818780
1.969118
1.901206
1.455052
1.753313
1.970579
1.914026
1.778986
1.866832
1.622834
1.611046
1.791229
1.992394
1.550488
1.487868
1.895024
1.906519
1.553449
1.964302
1.936431
1.807810
1.867633
1.842840
1.828291
1.973856
1.804426
1.954770
1.822457
1.872602
1.770539
1.660721
1.689446
1.683583
1.848879
1.998311
1.616207
1.717443
1.896886
1.854734
1.777526
1.889145
1.955612
1.617312
1.988179
1.431403
1.939763
1.580884
1.662098
1.797210
1.937142
1.711823
1.596979
1.920429
1.864953
1.940958
1.599370
1.559916
1.512352
1.955816
1.700040
1.922158
1.549566
1.593899
1.871305
1.953956
1.920650
1.771693
1.368273
1.646656
1.737536
1.555856
1.942306
1.823707
1.848460
1.756340
1.409811
1.689978
1.643261
1.620088
1.470307
1.717859
1.917996
1.992882
1.924384
1.870265
1.889496
1.820127
1.824422
1.858727
1.946169
1.728562
1.911059
1.680514
1.388365
1.763716
1.920757
1.736481
1.479505
