1.864879
1.959463
1.950331
1.978580
1.922446
1.988117
1.801425
1.795975
1.972421
1.892403
1.982705
1.919637
1.793260
1.925472
1.933593
1.566925
1.773367
1.763565
1.824022
1.922706
1.949381
1.999188
1.528409
1.830656
1.757961
1.903125
1.821778
1.870094
1.882777
1.904722
1.856941
1.570034
1.906374
1.897686
1.875541
1.652039
1.815963
1.756199
1.609081
1.650339
1.936964
1.547744
1.826399
1.978196
1.796917
1.957436
1.956161
1.765003
1.846221
1.915174
1.799103
1.624532
1.603408
1.812577
1.949318
1.957891
1.866315
1.748117
1.883408
1.515608
1.982556
1.887260
1.723404
1.833621
1.739222
1.701581
1.713637
1.623847
1.596150
1.416829
1.691059
1.721316
1.828693
1.524844
1.787306
1.649952
1.536426
1.934904
1.396324
1.941142
1.487230
1.743035
1.902700
1.582034
1.481769
1.998360
1.602614
1.779762
1.294412
1.947547
1.917052
1.731343
1.895432
1.967533
1.486507
1.397451
1.449034
1.972694
1.757910
1.301454
1.634061
1.783756
1.813463
1.792774
1.298942
1.939845
1.801711
1.880647
1.820061
1.898257
1.455761
1.662013
1.785274
1.708863
1.672559
