1.936049
1.798835
1.847222
1.948873
1.820178
1.857459
1.747734
1.993944
1.583508
1.624849
1.789437
1.969647
1.722839
1.838675
1.507360
1.944439
1.727173
1.744610
1.795847
1.959539
1.954454
1.903533
1.912525
1.947767
1.614252
1.602910
1.785012
1.958040
1.969324
1.824386
1.927674
1.815439
1.721356
1.764122
1.599190
1.690166
1.924935
1.829579
1.843698
1.992843
1.708150
1.781972
1.996733
1.901926
1.865701
1.949939
1.861077
1.929633
1.973004
1.864522
1.827052
1.589445
1.551484
1.659335
1.755354
1.508351
1.903590
1.861325
1.915988
1.873704
1.926200
1.900624
1.718118
1.474319
1.885635
1.976944
1.920753
1.720254
1.718951
1.966071
1.850135
1.829815
1.825691
1.376838
1.943975
1.456846
1.769845
1.594462
1.844362
1.717352
1.949035
1.866863
1.629757
1.349442
1.593897
1.876203
1.818162
1.418061
1.989946
1.998228
1.612004
1.608062
1.613953
1.205400
1.217449
1.348424
1.490290
1.826337
1.480883
1.033430
0.887289
1.697945
1.404325
0.831664
