1.685631
1.810435
0.995496
1.608655
1.461611
1.925369
1.899659
1.910025
1.280208
1.672158
1.801388
1.884343
1.654866
1.695640
1.381631
1.961237
1.654921
1.988555
1.721109
1.551165
1.928798
1.527108
1.947562
1.861127
1.994080
1.734238
1.474971
1.969542
1.354623
1.844234
1.898647
1.812005
1.974999
1.783933
1.769458
1.803101
1.174615
1.390760
1.685486
0.736721
1.487239
1.842093
1.795502
1.982604
1.643809
1.615123
1.775912
1.758789
1.739734
1.886438
1.780814
1.856281
1.865535
1.887466
1.636643
1.642074
1.555395
1.758179
1.955709
1.815723
1.765468
1.670873
1.679474
1.948919
1.972236
1.605587
1.797079
1.432612
1.644321
1.970252
1.786788
1.879552
1.908470
1.797764
1.767843
1.897953
1.727489
1.845554
1.942521
1.731754
1.875125
1.975666
1.918242
1.929687
1.807004
1.902266
1.710735
1.906623
1.796464
1.775871
1.821644
1.726184
1.181851
1.348665
1.902355
1.646439
1.882558
1.798906
1.979096
1.968436
1.606359
1.291681
1.876950
1.704350
1.584243
1.545609
1.495580
1.646422
1.423074
1.749771
1.611678
1.553506
1.781699
1.642920
1.396401
1.346790
1.261142
1.883011
1.547121
1.330157
1.772904
1.530245
1.692423
1.579725
1.240729
1.673244
1.431918
1.358790
0.776183
