1.614070
1.843837
1.774259
1.933757
1.700614
1.804761
1.785808
1.901851
1.630425
1.664191
1.900419
1.957366
1.849534
1.540995
1.978170
1.814675
1.985925
1.821279
1.877679
1.729574
1.600750
1.826245
1.893277
1.930309
1.982018
1.934024
1.865531
1.750001
1.933356
1.974086
1.866149
1.957994
1.835653
1.888662
1.667803
1.752154
1.548935
1.818800
1.968330
1.970139
1.870005
1.948021
1.991855
1.637799
1.962928
1.647210
1.656808
1.821922
1.582467
1.687489
1.693825
1.547389
1.721669
1.755754
1.805112
1.932749
1.971688
1.974677
1.936154
1.922109
1.635139
1.783225
1.817147
1.827300
1.563093
1.933592
1.874069
1.318003
1.929677
1.702619
1.733672
1.989678
1.557527
1.893723
1.644211
1.891699
1.668914
1.751520
1.650398
1.852954
1.528853
1.880078
1.980160
1.775913
1.633806
1.852832
1.920954
1.674381
1.985187
1.931572
1.661350
1.875335
1.428119
1.993315
1.939380
1.978420
1.891460
1.863334
1.897439
1.837625
1.591220
1.472656
1.929596
1.726074
1.711434
1.389547
1.549800
1.760586
1.625914
1.843643
1.789182
1.841342
1.416526
1.942248
1.938032
1.088969
1.794918
1.986698
1.761974
1.908132
1.831487
1.632777
1.891822
1.665057
1.950060
1.976266
1.901069
1.543995
1.763806
1.852386
