1.915616
1.992398
1.914700
1.761006
1.764222
1.692189
1.998252
1.898892
1.681976
1.934457
1.663233
1.873471
1.990152
1.931384
1.884444
1.782315
1.822180
1.820843
1.888795
1.851693
1.856534
1.926386
1.812265
1.720902
1.966278
1.620944
1.922458
1.402201
1.900753
1.830803
1.713465
1.606911
1.955524
1.845842
1.886971
1.704101
1.831858
1.939967
1.977168
1.880013
1.620640
1.754073
1.513471
1.774376
1.907729
1.931513
1.679242
1.779867
1.836242
1.567250
1.790018
1.983042
1.978344
1.817910
1.780357
1.789700
1.838685
1.737866
1.762324
1.546138
1.891699
1.591876
1.498952
1.986898
1.898481
1.682916
1.592134
1.989959
1.939414
1.715898
1.407089
1.468011
1.925892
1.923655
1.957503
1.669799
1.754578
1.983577
1.966185
1.825805
1.531299
1.538033
1.955991
1.959737
1.411795
1.966586
1.627050
1.660439
1.869848
1.874062
1.663273
1.847133
1.629205
1.791217
1.380916
1.785767
1.909076
1.865688
1.795988
1.711143
1.592109
1.438752
1.871011
1.788048
1.888552
1.831011
1.887750
1.549905
1.813540
1.981101
1.351265
1.397902
1.817913
1.631023
1.519863
1.334723
1.352277
