1.927354
1.968409
1.992075
1.984276
1.958999
1.976919
1.966096
1.982347
1.820468
1.508087
1.952509
1.797473
1.880083
1.572104
1.731772
1.563821
1.905985
1.996904
1.970738
1.755851
1.825564
1.862381
1.776494
1.920142
1.979869
1.924239
1.791207
1.823597
1.681700
1.887717
1.571108
1.893688
1.904752
1.822144
1.838801
1.805252
1.801535
1.915642
1.916365
1.802160
1.981601
1.643643
1.862626
1.984904
1.415632
1.953912
1.755868
1.869384
1.407015
1.783560
1.805565
1.770239
1.659918
1.724884
1.893343
1.861505
1.747170
1.947789
1.561825
1.597991
1.884688
1.665963
1.928996
1.956560
1.608679
1.799072
1.621273
1.577505
1.786315
1.845170
1.712265
1.601109
1.800638
1.710696
1.626711
1.468711
1.367537
1.959007
1.729378
1.702085
1.855810
1.370963
1.902129
1.816804
1.856501
1.671475
1.614478
1.659395
1.245669
1.770690
1.780573
1.227897
1.294513
1.182133
0.853663
1.600212
1.784027
