0.332329
0.163409
0.174768
0.179188
0.188405
0.177508
0.164380
0.171926
0.161293
0.179050
0.175570
0.179909
0.167513
0.169223
0.183941
0.167484
0.179677
0.167855
0.171761
0.175785
0.177615
0.173499
0.168442
0.180157
0.171375
0.173652
0.172433
0.177499
0.181538
0.169222
0.176110
0.172108
0.180833
0.169866
0.179932
0.182683
0.170927
0.170985
0.175629
0.174408
0.170424
0.171637
0.178556
0.170717
0.172666
0.173191
0.175773
0.172535
0.175676
0.176623
0.178287
0.174778
0.168282
0.177415
0.177076
0.169960
0.173481
0.174252
0.172473
0.172153
0.163876
0.176346
0.173941
0.173207
0.168814
0.172158
0.170675
0.172503
0.176041
0.174860
0.167393
0.174546
0.176649
0.170587
0.173263
0.169973
0.168222
0.176905
0.168209
0.167580
0.168649
0.166692
0.170587
0.176200
0.167102
0.170612
0.172590
0.175328
0.174480
0.175198
0.174964
0.175831
0.167584
0.170504
0.173451
0.174794
0.177528
0.170462
0.170673
0.177545
0.174280
0.176775
0.169046
0.175279
0.167689
0.173762
0.172163
0.172821
0.177568
0.167073
0.172935
0.171329
0.172834
0.172510
0.177641
0.173712
0.173246
0.176977
0.170883
0.182616
0.176767
0.173441
0.173460
0.169695
0.171626
0.172664
0.176563
0.170952
0.174452
0.176376
0.181142
0.173083
0.170822
0.170840
0.170154
0.178864
0.174502
0.175923
0.168695
0.180814
0.173625
0.177331
0.174000
0.173389
0.173138
0.175689
0.172256
0.172685
0.176164
0.174008
0.177117
0.166523
0.171511
0.178673
0.174613
0.172885
0.177360
0.173870
0.179155
0.169084
0.171262
0.167991
0.173597
0.171235
0.175655
0.173178
0.170911
0.176305
0.164626
0.177748
0.173414
0.177208
0.169172
0.173685
0.170308
0.171854
0.168227
0.173110
0.171523
0.175950
0.165737
0.169877
0.166619
0.173154
0.176508
0.171968
0.175306
0.173756
0.167884
0.173775
0.172193
0.166436
0.172027
0.168938
0.176207
0.165980
0.169617
0.167475
0.175281
0.171950
0.169387
0.169335
0.174827
0.171858
0.174446
0.172340
0.164009
0.174951
0.169414
0.168906
0.178905
0.177083
0.165467
0.179176
0.167056
0.165386
0.177573
0.164808
0.168528
0.174401
0.173959
0.171084
0.171547
0.168746
0.173935
0.171210
0.165257
0.163745
0.172809
0.170534
0.166901
0.174384
0.170868
0.165736
0.171951
0.168306
0.180181
0.159081
0.172439
0.166484
0.171749
0.173784
0.168175
0.159957
0.172853
0.168836
0.178691
0.163513
0.166612
0.175340
0.173150
0.168849
0.164791
0.170825
0.171306
0.173682
0.166408
0.167252
0.165706
0.171410
0.170939
0.169561
0.163526
0.165705
0.172448
0.172323
0.170045
0.161991
0.171916
0.168787
0.168920
0.167038
0.167827
0.161901
0.170138
0.160727
0.165227
0.169647
0.172786
0.165968
0.164819
0.167575
0.171788
0.166126
0.163589
0.166819
0.165347
0.169302
0.163705
0.163468
0.168117
0.165244
0.162302
0.170728
0.166530
0.158159
0.173897
0.161309
0.165568
0.164151
0.172399
0.166924
0.166606
0.164952
0.170491
0.166467
0.168610
0.166055
0.166001
0.166896
0.162387
0.166231
0.161617
0.168648
0.166579
0.166361
0.161225
0.162718
0.162493
0.168695
0.167577
0.163191
0.164957
0.165348
0.166266
0.168186
0.164262
0.164241
0.165339
0.160687
0.166371
0.165505
0.166049
0.165609
0.163559
0.166817
0.162234
0.164377
0.166541
0.165499
0.165004
0.161457
0.167878
0.162401
0.156716
0.167231
0.161669
0.168549
0.162609
0.163234
0.161045
0.161133
0.162292
0.161609
0.164336
0.161809
0.163810
0.166275
0.158970
0.163906
0.163950
0.159562
0.166561
0.164657
0.166100
0.160272
0.164550
0.154465
0.159060
0.165106
0.166899
0.160720
0.165973
0.164854
0.161763
0.161756
0.159189
0.162912
0.164077
0.158656
0.163458
0.157528
0.167158
0.162877
0.166971
0.157414
0.158687
0.167842
0.162686
0.164309
0.159894
0.161958
0.161681
0.162490
0.159478
0.165137
0.158991
0.165899
0.155570
0.166135
0.160250
0.162844
0.161156
0.165699
0.154926
0.161083
0.165919
0.155880
0.159263
0.165063
0.163050
0.155431
0.160802
0.162440
0.156481
0.161539
0.161317
0.162798
0.162499
0.161750
0.159812
0.163199
0.163514
0.160627
0.159894
0.160421
0.162635
0.155776
0.158405
0.164199
0.165331
0.157095
0.161314
0.155444
0.164925
0.160798
0.163746
0.160681
0.162036
0.161372
0.158639
0.155838
0.162721
0.157357
0.162390
0.154764
0.156754
0.161955
0.160716
0.159808
0.157119
0.164550
0.158047
0.162268
0.151617
0.159488
0.160027
0.156724
0.159555
0.171846
0.155488
0.156533
0.161250
0.150638
0.162446
0.153165
0.159280
0.164743
0.151264
0.156900
0.161677
0.161445
0.156145
0.157628
0.158362
0.160802
0.156958
0.165921
0.156563
0.161863
0.155355
0.160567
0.155207
0.161136
0.153415
0.157879
0.157966
0.153986
0.155909
0.162083
0.161430
0.157142
0.159722
0.155413
0.156935
0.161192
0.157240
0.157201
0.163983
0.159633
0.148694
0.159516
0.153555
0.160375
0.161352
0.153871
0.156410
0.160842
0.161075
0.159567
0.149703
0.162473
0.155971
0.154296
0.159626
0.155246
0.157116
0.152946
0.160245
0.155369
0.157144
0.159428
0.158376
0.159235
0.156587
0.155993
0.155433
0.160562
0.155840
0.156889
0.158045
0.150994
0.157901
0.155875
0.157317
0.153540
0.163427
0.151437
0.152423
0.157841
0.157380
0.153876
0.155632
0.154538
0.156336
0.153788
0.157355
0.156806
0.157360
0.156860
0.154615
0.157356
0.154494
0.151895
0.160918
0.153189
0.153707
0.154601
0.155483
0.154085
0.156243
0.159141
0.153615
0.159965
0.155260
0.154917
0.152308
0.154369
0.151347
0.150434
0.161215
0.149800
0.153982
0.158934
0.151969
0.151226
0.152402
0.157840
0.153468
0.156192
0.156697
0.144262
0.155862
0.153764
0.158198
0.158815
0.149246
0.161561
0.147823
0.156164
0.152204
0.151699
0.152499
0.154426
0.151366
0.150663
0.156206
0.155574
0.151245
0.155945
0.151260
0.156542
0.149954
0.147683
0.148439
0.156623
0.157925
0.150397
0.152367
0.157651
0.150356
0.157415
0.149116
0.156337
0.151594
0.151425
0.154699
0.151323
0.152418
0.154523
0.149493
0.155923
0.154952
0.152122
0.150520
0.150984
0.154706
0.151449
0.148734
0.148147
0.155173
0.148244
0.151413
0.154253
0.153621
0.152477
0.153440
0.148713
0.150938
0.153559
0.151496
0.153127
0.147176
0.151466
0.154469
0.155590
0.152150
0.151559
0.153452
0.149574
0.146016
0.154597
0.157056
0.148771
0.153647
0.150122
0.151334
0.152660
0.150765
0.157153
0.149830
0.149861
0.149391
0.150039
0.151953
0.152088
0.154607
0.149067
0.157160
0.149175
0.149662
0.151146
0.151266
0.150432
0.146268
0.154457
0.146925
0.152102
0.147075
0.156728
0.144092
0.148877
0.156803
0.151028
0.150792
0.150339
0.145503
0.150829
0.152680
0.148550
0.145913
0.148440
0.153274
0.146863
0.148878
0.154173
0.151275
0.148909
0.152650
0.146288
0.153626
0.147719
0.150394
0.149442
0.147151
0.148134
0.148798
0.150508
0.151716
0.149481
0.149747
0.145922
0.152979
0.142765
0.149006
0.147470
0.151384
0.152186
0.147546
0.151757
0.151714
0.149446
0.143858
0.146706
0.151423
0.148606
0.147523
0.146064
0.150789
0.151179
0.144802
0.153454
0.149004
0.143130
0.150145
0.144565
0.142854
0.155463
0.154861
0.147972
0.147216
0.149344
0.145149
0.146747
0.146358
0.150535
0.147405
0.148257
0.143481
0.144054
0.149689
0.152380
0.148292
0.146292
0.146177
0.143599
0.154603
0.150109
0.141570
0.153589
0.146446
0.145697
0.148211
0.152977
0.147176
0.148251
0.150288
0.144424
0.144281
0.147116
0.149733
0.146911
0.145234
0.146785
0.147922
0.147806
0.148578
0.151675
0.142534
0.144579
0.151298
0.146551
0.144658
0.141404
0.143130
0.148944
0.148101
0.152417
0.146491
0.146015
0.144834
0.145385
0.148589
0.146990
0.139509
0.143567
0.146605
0.149577
0.147265
0.149416
0.143545
0.145882
0.150711
0.140969
0.147426
0.149161
0.148062
0.143234
0.141837
0.146745
0.152571
0.147441
0.139866
0.146895
0.148741
0.148010
0.145407
0.141436
0.143691
0.146840
0.144660
0.145212
0.142526
0.148086
0.146677
0.147800
0.147925
0.147556
0.143736
0.143836
0.142645
0.147118
0.145320
0.143369
0.144156
0.147637
0.141543
0.145965
0.147147
0.145068
0.151075
0.145643
0.146124
0.146795
0.143033
0.145637
0.147132
0.140051
0.148235
0.148136
0.138809
0.143663
0.145338
0.152258
0.140083
0.147422
0.146897
0.142721
0.144101
0.145496
0.143506
0.147802
0.143781
0.147196
0.145215
0.148010
0.143040
0.144209
0.144686
0.137680
0.148330
0.141308
0.145198
0.144798
0.151808
0.142711
0.142299
0.141503
0.143923
0.143727
0.140511
0.143536
0.141571
0.144192
0.145626
0.137504
0.143547
0.146060
0.145399
0.144750
0.144535
0.138618
0.147050
0.142929
0.135919
0.141992
0.148726
0.140580
0.142450
0.144858
0.149679
0.139806
0.147312
0.141852
0.144495
0.138439
0.146236
0.141860
0.141393
0.148653
0.143808
0.138289
0.146008
0.143787
0.139428
0.148596
0.146082
0.142680
0.142195
0.141565
0.144048
0.137179
0.144540
0.143763
0.142300
0.140983
0.141948
0.142837
0.143182
0.146381
0.145404
0.143022
0.143318
0.145236
0.143659
0.137294
0.136301
0.146266
0.141404
0.138294
0.144420
0.138536
0.147954
0.135941
0.145308
0.145905
0.144717
0.142699
0.145617
0.136438
0.147359
0.139119
0.143108
0.137969
0.141859
0.146868
0.138501
0.138752
0.145160
0.145029
0.146576
0.142725
0.143019
0.140987
0.141033
0.141674
0.136617
0.142464
0.140249
0.144333
0.140397
0.142598
0.137643
0.139374
0.142858
0.137694
0.149031
0.139687
0.144885
0.137203
0.136198
0.139868
0.148332
0.144067
0.143371
0.137806
0.137398
0.144609
0.136990
0.142619
0.145440
0.138324
0.140430
0.141392
0.145158
0.144224
0.141244
0.145884
0.140379
0.140782
0.139659
0.136818
0.145548
0.137775
0.142284
0.142898
0.136311
0.140858
0.143483
0.140610
0.144238
0.142082
0.136185
0.137421
0.146492
0.142154
0.139555
0.141887
0.142567
0.137924
0.143078
0.138659
0.142503
0.139437
0.139155
0.141472
0.140530
0.138474
0.142361
0.137432
0.136969
0.139620
0.141340
0.143723
0.142459
0.143164
0.136949
0.135626
0.139884
0.137687
0.143608
0.139545
0.134698
0.139215
0.146456
0.142537
0.139308
0.138707
0.139677
0.139551
0.138063
0.144975
0.135053
0.141044
0.141274
0.140606
0.141058
0.137098
0.141813
0.136700
0.141516
0.139557
0.138766
0.140550
0.140220
0.137257
0.137531
0.143191
0.140366
0.144460
0.134476
0.146355
0.135560
0.140147
0.140098
0.137504
0.140396
0.136215
0.139232
0.140421
0.139212
0.139536
0.143214
0.136756
0.140482
0.138835
0.139452
0.137748
0.137952
0.135740
0.140262
0.145199
0.138944
0.136557
0.137518
0.138006
0.138806
0.140334
0.133333
0.146829
0.134485
0.142369
0.143007
0.132953
0.141267
0.141412
0.136233
0.135978
0.140932
0.140268
0.133541
0.140799
0.139827
0.136719
0.137168
0.137521
0.140737
0.142072
0.136675
0.139415
0.138994
0.138093
0.139147
0.140242
0.136446
0.141720
0.132891
0.139195
0.138877
0.136911
0.139743
0.137375
0.137770
0.138391
0.140596
0.134085
0.144655
0.137851
0.136418
0.139300
0.140738
0.140460
0.135246
0.132551
0.139454
0.141345
0.141122
0.133855
0.139638
0.140504
0.141394
0.140462
0.138491
0.138458
0.141974
0.137893
0.136859
0.137479
0.138889
0.134901
0.143835
0.136631
0.135690
0.138982
0.138104
0.134292
0.137548
0.141257
0.138041
0.138804
0.139611
0.140848
0.129784
0.141379
0.143069
0.137281
0.137382
0.136560
0.132859
0.142271
0.136829
0.137965
0.134515
0.133817
0.138776
0.137257
0.140556
0.134263
0.144233
0.134145
0.139904
0.134348
0.138090
0.136956
0.141174
0.134256
0.135595
0.132677
0.139197
0.137603
0.137074
0.139103
0.137004
0.138170
0.136910
0.135757
0.137927
0.136650
0.140257
0.140504
0.132261
0.137780
0.138774
0.140986
0.134203
0.140314
0.140530
0.134362
0.135730
0.137600
0.134211
0.140487
0.134836
0.138458
0.130645
0.133775
0.138467
0.135839
0.134908
0.136469
0.134564
0.136793
0.138647
0.138901
0.135027
0.136594
0.139101
0.135919
0.139531
0.142575
0.139680
0.132943
0.133174
0.139203
0.142380
0.133687
0.134867
0.137789
0.134838
0.137597
0.141515
0.134483
0.138376
0.134678
0.139168
0.137126
0.135076
0.137249
0.139062
0.135698
0.139339
0.140246
0.138356
0.134475
0.134773
0.137737
0.141565
0.132577
0.136843
0.134956
0.136682
0.138822
0.137456
0.142781
0.133689
0.140263
0.136913
0.136737
0.130970
0.135790
0.138010
0.136407
0.136488
0.133751
0.139477
0.136704
0.137762
0.139116
0.139903
0.134485
0.136963
0.133340
0.138611
0.137788
0.138475
0.128577
0.137864
0.137890
0.134110
0.135348
0.134684
0.132085
0.134764
0.140661
0.132901
0.139818
0.135939
0.132152
0.141935
0.137485
0.134596
0.137525
0.133509
0.136958
0.134358
0.132134
0.134919
0.135931
0.135902
0.136702
0.136264
0.135111
0.138328
0.136873
0.141034
0.135275
0.136326
0.132074
0.136876
0.135438
0.128809
0.135928
0.132873
0.134159
0.132316
0.135362
0.138646
0.133419
0.137999
0.135635
0.133776
0.141169
0.133886
0.139528
0.135026
0.135543
0.135316
0.133911
0.131812
0.137077
0.132420
0.134060
0.134236
0.133493
0.131490
0.145328
0.129908
0.138230
0.137218
0.133837
0.136407
0.134392
0.139980
0.129862
0.132690
0.138818
0.129683
0.134207
0.132648
0.136283
0.131691
0.136826
0.134712
0.132188
0.134016
0.134475
0.136662
0.135985
0.133890
0.139667
0.131463
0.133751
0.135684
0.135046
0.131365
0.135180
0.129370
0.137685
0.136323
0.136991
0.131865
0.134140
0.135295
0.138158
0.135207
0.128018
0.133612
0.136166
0.128494
0.129242
0.135216
0.131511
0.133690
0.136057
0.134880
0.132359
0.137445
0.130492
0.133357
0.139234
0.135458
0.135031
0.131517
0.132744
0.134199
0.132008
0.130655
0.135181
0.133517
0.135301
0.134155
0.128942
0.134659
0.136536
0.134161
0.133437
0.132225
0.134946
0.130118
0.132866
0.135397
0.127766
0.131708
0.136330
0.133657
0.133074
0.131190
0.135904
0.132428
0.133476
0.132991
0.133755
0.135810
0.131541
0.135010
0.132456
0.130004
0.131975
0.132066
0.131284
0.134438
0.138842
0.134070
0.132154
0.130665
0.139273
0.129611
0.134265
0.130998
0.131325
0.136435
0.133667
0.134396
0.132325
0.131611
0.131798
0.134811
0.129749
0.137739
0.129233
0.134053
0.132234
0.130423
0.133743
0.130468
0.133174
0.134218
0.128903
0.132258
0.137845
0.132538
0.132365
0.123663
0.131517
0.138134
0.135112
0.130176
0.131710
0.132201
0.134968
0.132142
0.131364
0.132645
0.133055
0.129846
0.130807
0.135376
0.129584
0.128544
0.136637
0.128068
0.134167
0.133719
0.132012
0.131239
0.131206
0.133628
0.131606
0.133884
0.135247
0.128268
0.134415
0.135708
0.126899
0.128320
0.135755
0.131242
0.130667
0.133317
0.133704
0.133272
0.131664
0.130449
0.134424
0.133269
0.133316
0.132260
0.128449
0.131665
0.133700
0.129523
0.133221
0.134637
0.130828
0.133458
0.126839
0.133278
0.137634
0.131936
0.133343
0.130728
0.132701
0.136738
0.132341
0.127403
0.131153
0.136350
0.134359
0.130855
0.131059
0.128774
0.136565
0.128834
0.131411
0.130144
0.134082
0.131992
0.131714
0.138466
0.133150
0.129995
0.132500
0.132130
0.126365
0.133329
0.137735
0.133513
0.133142
0.129677
0.137749
0.130450
0.132345
0.131118
0.129756
0.130270
0.133916
0.134833
0.130597
0.136496
0.131674
0.136383
0.129552
0.126633
0.131171
0.135454
0.132109
0.135737
0.132032
0.130751
0.134746
0.132311
0.131630
0.132181
0.131260
0.131814
0.130570
0.133181
0.128781
0.128259
0.138080
0.128965
0.133299
0.133262
0.134653
0.132634
0.129295
0.136560
0.129942
0.129686
0.134251
0.132687
0.126507
0.136274
0.133453
0.131415
0.132270
0.126911
0.133417
0.133127
0.127311
0.132654
0.130956
0.132254
0.133717
0.134963
0.135649
0.126095
0.134298
0.130981
0.134220
0.130646
0.130421
0.132010
0.128318
0.135793
0.132361
0.127231
0.136226
0.127529
0.133698
0.131797
0.128035
0.131599
0.129547
0.134881
0.129882
0.134212
0.132997
0.131537
0.129347
0.134921
0.126628
0.133723
0.132818
0.129818
0.131935
0.130887
0.129487
0.127960
0.136267
0.124733
0.137449
0.130738
0.133094
0.134703
0.130745
0.127341
0.132725
0.127632
0.134988
0.132290
0.129571
0.132659
0.138919
0.135003
0.125154
0.135576
0.130723
0.132712
0.131374
0.132030
0.133602
0.129941
0.132900
0.128154
0.132316
0.130717
0.137219
0.131706
0.129433
0.129624
0.136479
0.125400
0.136205
0.130555
0.133507
0.130987
0.132185
0.126256
0.134274
0.133791
0.131842
0.129162
0.128972
0.129612
0.132437
0.132756
0.130530
0.134638
0.132882
0.125608
0.128895
0.130919
0.130516
0.134765
0.129870
0.130934
0.130711
0.130013
0.134686
0.128391
0.128209
0.129450
0.130837
0.130111
0.129462
0.131778
0.127363
0.130126
0.130896
0.130635
0.129998
0.132694
0.126385
0.135028
0.127251
0.125077
0.130606
0.134379
0.127674
0.126637
0.131215
0.132694
0.132399
0.127061
0.127372
0.132488
0.131573
0.126671
0.130758
0.125139
0.126823
0.134195
0.132268
0.126545
0.128227
0.128193
0.130663
0.132583
0.134954
0.127113
0.129915
0.131416
0.129039
0.133120
0.126512
0.126264
0.131887
0.127999
0.130269
0.132097
0.127448
0.125290
0.133979
0.130380
0.128841
0.129162
0.122287
0.133914
0.129902
0.134104
0.126910
0.124626
0.132129
0.126816
0.130836
0.127151
0.128037
0.132267
0.128615
0.127716
0.128300
0.131883
0.127936
0.134604
0.131311
0.129499
0.128306
0.127084
0.132720
0.124598
0.132597
0.125050
0.123398
0.128594
0.132570
0.128357
0.131174
0.126725
0.133063
0.128169
0.129600
0.129840
0.126430
0.125701
0.133682
0.125620
0.125867
0.127596
0.128580
0.127610
0.129701
0.130122
0.130783
0.124639
0.128862
0.130573
0.128361
0.122415
0.132041
0.128121
0.130005
0.129480
0.126801
0.130545
0.128090
0.128911
0.126737
0.130181
0.123989
0.133283
0.130598
0.128123
0.125858
0.130331
0.126773
0.132186
0.127280
0.129038
0.128516
0.128218
0.125243
0.128533
0.127595
0.130708
0.123660
0.128280
0.129146
0.130454
0.126563
0.134645
0.127711
0.125684
0.131104
0.131791
0.125076
0.124958
0.124836
0.130666
0.126761
0.126965
0.125974
0.128231
0.130347
0.129758
0.124368
0.126779
0.126857
0.127496
0.128088
0.131184
0.124293
0.131616
0.124822
0.125663
0.128559
0.127243
0.122082
0.123954
0.131170
0.128446
0.128686
0.126746
0.125403
0.128486
0.125836
0.127977
0.124940
0.128695
0.127698
0.127250
0.126617
0.130081
0.125307
0.127961
0.121889
0.128347
0.127052
0.125099
0.127160
0.129129
0.126305
0.129058
0.119803
0.126693
0.129833
0.125605
0.126491
0.128121
0.130645
0.120372
0.125851
0.129393
0.126664
0.123421
0.123421
0.132227
0.123307
0.125308
0.127596
0.125232
0.125055
0.129383
0.125424
0.125609
0.129232
0.130457
0.121687
0.126101
0.127765
0.123728
0.122655
0.125045
0.126937
0.125908
0.124495
0.125744
0.129762
0.128468
0.125955
0.125046
0.129962
0.123896
0.121637
0.134349
0.126673
0.124805
0.125955
0.128847
0.120703
0.120295
0.128805
0.124784
0.120328
0.129151
0.125842
0.124334
0.125865
0.125642
0.124303
0.129192
0.128252
0.122012
0.125086
0.125472
0.127417
0.124074
0.126791
0.122860
0.126341
0.126268
0.123629
0.124179
0.125440
0.129401
0.122668
0.127018
0.126895
0.128332
0.123185
0.125943
0.122539
0.127999
0.125370
0.124683
0.121742
0.125391
0.121645
0.129462
0.121209
0.128579
0.125864
0.126937
0.119121
0.129169
0.127831
0.122110
0.128181
0.127160
0.122780
0.123669
0.123312
0.129395
0.122710
0.127555
0.124056
0.125084
0.121682
0.123420
0.123924
0.125142
0.123735
0.123947
0.130312
0.123331
0.124707
0.121003
0.134638
0.115529
0.120521
0.122690
0.125662
0.125866
0.128178
0.121630
0.125244
0.127183
0.125440
0.127014
0.126934
0.125578
0.125094
0.122830
0.124979
0.121896
0.129029
0.128574
0.123261
0.121405
0.124789
0.121244
0.123347
0.124283
0.125589
0.119045
0.130710
0.122673
0.126613
0.122907
0.125075
0.128883
0.124429
0.122579
0.124570
0.121890
0.123531
0.126975
0.123359
0.126471
0.125099
0.125458
0.125839
0.126418
0.127262
0.120879
0.125821
0.124237
0.126874
0.126821
0.123512
0.123627
0.121439
0.123979
0.125281
0.124917
0.125185
0.124171
0.124829
0.128899
0.124052
0.122535
0.124223
0.130295
0.119917
0.124407
0.123413
0.123137
0.122884
0.123508
0.122651
