0.376897
15.779020
14.912322
12.574874
9.445178
6.750932
4.681701
2.757874
0.959514
-0.399827
-1.347056
-2.122801
-2.862315
-3.550018
-4.176361
-4.753429
-5.313989
-5.805315
-6.130122
-6.260817
-6.258034
-6.213103
-6.154349
-6.118321
-6.122050
-6.160839
-6.160490
-6.001881
-5.745021
-5.602819
-5.671351
-5.818824
-5.824709
-5.615181
-5.286274
-4.846843
-4.258731
-3.449724
-2.441761
-1.282340
0.030789
1.413124
2.753234
3.900222
4.766347
5.327670
5.581714
5.536183
5.271755
4.953358
4.697570
4.511286
4.389129
4.382404
4.523577
4.716837
4.845218
4.820469
4.647201
4.328767
3.909691
3.473676
3.096392
2.736705
2.309056
1.822309
1.340332
0.913505
0.567546
0.278326
-0.025365
-0.371371
-0.778528
-1.176106
-1.508355
-1.785235
-2.039542
-2.258202
-2.394908
-2.424973
-2.410524
-2.409552
-2.459103
-2.547055
-2.675887
-2.891247
-3.241419
-3.702320
-4.157382
-4.508625
-4.739110
-4.871967
-4.927759
-4.903419
-4.794973
-4.568178
-4.190032
-3.681007
-3.050113
-2.407848
-1.847550
-1.375360
-0.939765
-0.538565
-0.185255
0.129919
0.527936
1.037154
1.619210
2.224457
2.801893
3.360151
3.916402
4.483260
5.046142
5.604254
6.105872
6.529816
6.924327
7.369998
7.862738
8.278563
8.527634
8.634671
8.617256
8.321170
7.562058
6.363247
4.883163
3.228844
1.422115
-0.425255
-2.132590
-3.587762
-4.830223
-5.900503
-6.813169
-7.539097
-8.068567
-8.475592
-8.770398
-8.898683
-8.840398
-8.630446
-8.349599
-7.977229
-7.466019
-6.794184
-6.076852
-5.440323
-4.885567
-4.338296
-3.716214
-3.015176
-2.309373
-1.654770
-1.029404
-0.381894
0.290087
0.920253
1.502316
2.134071
2.885319
3.704837
4.529176
5.369807
6.275128
7.212798
8.095831
8.836769
9.359147
9.509539
9.206796
8.504644
7.536867
6.399391
5.185409
3.998511
2.919548
1.974851
1.168077
0.426989
-0.255784
-0.853942
-1.410742
-1.986468
-2.575984
-3.082349
-3.406537
-3.527456
-3.497072
-3.398450
-3.253666
-3.049313
-2.819192
-2.650441
-2.588502
-2.629443
-2.794619
-3.123660
-3.561740
-3.977484
-4.297076
-4.534519
-4.717842
-4.773801
-4.648047
-4.345282
-3.942843
-3.496928
-3.006680
-2.421037
-1.755296
-1.100424
-0.471464
0.199548
0.898455
1.500648
1.925370
2.215643
2.442513
2.647752
2.819795
2.981592
3.154057
3.311936
3.400294
3.368947
3.235974
3.087449
2.967746
2.887057
2.817301
2.845423
3.007289
3.211598
3.368631
3.499621
3.644328
3.784284
3.851388
3.805246
3.644682
3.411442
3.135081
2.757988
2.237593
1.587971
0.842657
0.052694
-0.741660
-1.492799
-2.211070
-2.926825
-3.643913
-4.346739
-4.995976
-5.584756
-6.121853
-6.546605
-6.820457
-6.974939
-7.066062
-7.044298
-6.837390
-6.433019
-5.905395
-5.288102
-4.594263
-3.868734
-3.204399
-2.599815
-1.977273
-1.292290
-0.589853
0.032024
0.607356
1.236583
1.934814
2.641816
3.311185
3.973562
4.634582
5.230782
5.743463
6.221644
6.656634
7.004152
7.277399
7.464171
7.538664
7.503318
7.330621
6.981433
6.432823
5.682466
4.747956
3.719528
2.683254
1.631274
0.541779
-0.571456
-1.641940
-2.563808
-3.294496
-3.894108
-4.456211
-4.984647
-5.383480
-5.630709
-5.798307
-5.972107
-6.056627
-5.884222
-5.494797
-5.065873
-4.696727
-4.292764
-3.802168
-3.327023
-2.962118
-2.714261
-2.456104
-2.180610
-1.970510
-1.885321
-1.834607
-1.693739
-1.456571
-1.182441
-0.909457
-0.586313
-0.197132
0.224970
0.700839
1.254449
1.919958
2.696247
3.555315
4.390325
5.070291
5.561613
5.881268
6.045255
6.024778
5.808454
5.390316
4.817703
4.179182
3.527943
2.876281
2.245623
1.622251
1.013992
0.431001
-0.078513
-0.489383
-0.733235
-0.787286
-0.680297
-0.478703
-0.248701
-0.017361
0.159678
0.232291
0.173579
-0.031263
-0.374875
-0.834578
-1.374506
-1.955515
-2.536065
-3.104304
-3.660463
-4.154669
-4.573874
-4.907948
-5.175029
-5.330645
-5.353113
-5.238050
-4.994314
-4.624194
-4.141598
-3.589269
-3.014327
-2.421170
-1.794051
-1.175596
-0.541055
0.112668
0.769100
1.308414
1.705760
2.043562
2.356873
2.607063
2.790605
2.940159
3.087807
3.305131
3.628331
3.997473
4.362506
4.705562
4.999210
5.240945
5.449363
5.600682
5.627752
5.542607
5.369071
5.080320
4.589977
3.908807
3.177015
2.439036
1.601757
0.627862
-0.392839
-1.303826
-2.101040
-2.888048
-3.711652
-4.484870
-5.118189
-5.609584
-6.016208
-6.325392
-6.472915
-6.435427
-6.260206
-6.003514
-5.684382
-5.263567
-4.699632
-4.071056
-3.506240
-3.011004
-2.517517
-2.028435
-1.560607
-1.153730
-0.800398
-0.460637
-0.090270
0.292911
0.674912
1.109898
1.596002
2.042238
2.396783
2.730217
3.128783
3.518141
3.817395
4.050134
4.275275
4.512254
4.700258
4.826468
4.935539
5.028432
5.009329
4.809998
4.472910
4.062364
3.588461
3.033186
2.385620
1.664318
0.912719
0.184482
-0.437496
-0.974515
-1.467249
-1.916118
-2.274318
-2.542919
-2.777674
-2.992415
-3.142741
-3.206998
-3.211059
-3.155848
-2.998928
-2.783533
-2.612084
-2.512824
-2.426380
-2.368934
-2.411733
-2.570270
-2.762218
-2.912316
-3.015136
-3.146669
-3.314107
-3.415946
-3.326641
-3.065178
-2.750276
-2.385274
-1.936524
-1.404007
-0.809810
-0.138801
0.580120
1.284608
1.968420
2.626315
3.207487
3.654857
3.964818
4.180380
4.344813
4.466033
4.540158
4.549133
4.474964
4.320499
4.082845
3.795806
3.524886
3.268784
3.003435
2.756651
2.569413
2.455316
2.411204
2.364517
2.198424
1.852215
1.379745
0.865518
0.342356
-0.237014
-0.922606
-1.666206
-2.366363
-3.003688
-3.638970
-4.272699
-4.842658
-5.311305
-5.674432
-5.939405
-6.100107
-6.142844
-6.040992
-5.819849
-5.525669
-5.168479
-4.706106
-4.162463
-3.546219
-2.858288
-2.116624
-1.363864
-0.602779
0.142213
0.864042
1.506010
2.008890
2.380389
2.705853
3.021832
3.281381
3.469406
3.629882
3.792897
3.971289
4.164425
4.372400
4.599371
4.813457
4.932258
4.911024
4.819903
4.687066
4.459389
4.095759
3.636701
3.131130
2.566963
1.935244
1.279118
0.646375
0.058669
-0.494606
-1.026179
-1.543506
-2.030151
-2.488309
-2.895048
-3.246438
-3.540478
-3.793702
-3.987359
-4.077226
-4.051484
-3.967615
-3.864230
-3.759657
-3.620678
-3.451360
-3.266089
-3.024378
-2.752344
-2.535127
-2.400078
-2.297501
-2.178556
-2.062309
-1.920267
-1.714734
-1.431709
-1.092626
-0.717299
-0.317466
0.095883
0.493862
0.877822
1.269444
1.684536
2.119705
2.530207
2.948265
3.396500
3.818513
4.118518
4.304595
4.402519
4.429765
4.372727
4.217134
3.992853
3.725408
3.426970
3.077107
2.711008
2.373517
2.070868
1.797035
1.540543
1.273786
0.958354
0.595232
0.233521
-0.077182
-0.351064
-0.664451
-1.049460
-1.482469
-1.930194
-2.369299
-2.782395
-3.151303
-3.502155
-3.855689
-4.135721
-4.311431
-4.427244
-4.520298
-4.601170
-4.645976
-4.613817
-4.553841
-4.486271
-4.370878
-4.121077
-3.730508
-3.265384
-2.745993
-2.150202
-1.488515
-0.777959
-0.045503
0.682562
1.369603
2.002067
2.589590
3.134957
3.634908
4.082747
4.458888
4.774975
5.075836
5.334596
5.470430
5.477130
5.385861
5.243492
5.049185
4.733004
4.310392
3.878757
3.467798
3.019777
2.488293
1.907462
1.346159
0.807575
0.244099
-0.338470
-0.853081
-1.297846
-1.737595
-2.245890
-2.772024
-3.248284
-3.608381
-3.879609
-4.128562
-4.357164
-4.536527
-4.632792
-4.626852
-4.535696
-4.409147
-4.253929
-4.059857
-3.806515
-3.483278
-3.100776
-2.673242
-2.201961
-1.728624
-1.328175
-1.034787
-0.779449
-0.453409
-0.021822
0.407612
0.707444
0.894457
1.082457
1.335811
1.647211
1.994818
2.337872
2.650488
2.972824
3.338795
3.716292
4.047902
4.268363
4.360555
4.385758
4.355426
4.177952
3.820221
3.417530
3.091054
2.828842
2.506896
2.045314
1.526289
1.077807
0.714697
0.359329
-0.032183
-0.431879
-0.803964
-1.137030
-1.416066
-1.666632
-1.894696
-2.091069
-2.260920
-2.441838
-2.631117
-2.790774
-2.872671
-2.934745
-3.051939
-3.221039
-3.370182
-3.424931
-3.398435
-3.372046
-3.341031
-3.287331
-3.209951
-3.119836
-3.039810
-2.947390
-2.782259
-2.485881
-2.067653
-1.609568
-1.109916
-0.536606
0.085741
0.688746
1.269996
1.817864
2.297174
2.739228
3.218545
3.701554
4.093197
4.341304
4.498194
4.608996
4.700014
4.738956
4.712041
4.613430
4.448890
4.227293
3.989117
3.748150
3.488631
3.171246
2.750736
2.237547
1.707525
1.140049
0.499254
-0.165109
-0.800946
-1.442011
-2.111804
-2.731558
-3.256758
-3.704949
-4.098283
-4.445793
-4.701065
-4.811770
-4.808309
-4.784697
-4.781162
-4.704383
-4.490888
-4.204869
-3.915207
-3.647882
-3.421586
-3.158671
-2.840834
-2.461939
-2.053830
-1.575248
-1.031772
-0.483629
-0.001588
0.405952
0.816611
1.253489
1.672245
2.029502
2.376999
2.766739
3.180266
3.528935
3.813685
4.095021
4.384587
4.555324
4.521623
4.388037
4.283011
4.204528
4.067385
3.827207
3.515855
3.184436
2.860423
2.486630
2.043211
1.554655
1.041550
0.531721
0.016193
-0.483331
-0.941051
-1.364206
-1.762091
-2.129331
-2.420245
-2.640757
-2.860204
-3.104946
-3.349541
-3.530255
-3.629186
-3.669919
-3.706516
-3.699664
-3.633878
-3.519636
-3.379466
-3.201045
-2.958970
-2.659576
-2.368906
-2.146587
-1.974413
-1.757974
-1.462915
-1.145452
-0.864437
-0.622457
-0.363664
-0.073940
0.248801
0.570254
0.910205
1.276675
1.685583
2.116420
2.528371
2.858355
3.102396
3.321110
3.568562
3.753382
3.788160
3.725059
3.661702
3.615845
3.510527
3.356338
3.238973
3.139671
2.978196
2.762832
2.526706
2.270176
1.969907
1.602241
1.179262
0.759573
0.352778
-0.036888
-0.407793
-0.827905
-1.373849
-1.984927
-2.519967
-2.934948
-3.337742
-3.779520
-4.205652
-4.520849
-4.701660
-4.792490
-4.837618
-4.866791
-4.860150
-4.786093
-4.609246
-4.280363
-3.816676
-3.283431
-2.761363
-2.245665
-1.695381
-1.088996
-0.465288
0.141954
0.672505
1.087745
1.388702
1.646645
1.946721
2.279443
2.616827
2.953127
3.334284
3.774513
4.139893
4.317238
4.386878
4.501912
4.621246
4.576343
4.377007
4.153936
3.953084
3.691021
3.329144
2.950289
2.578046
2.171091
1.711410
1.191147
0.658354
0.137397
-0.375227
-0.879293
-1.358010
-1.836422
-2.347056
-2.820852
-3.188719
-3.435292
-3.602155
-3.699956
-3.705479
-3.662359
-3.624666
-3.590423
-3.517178
-3.394369
-3.266482
-3.182825
-3.086609
-2.918465
-2.718096
-2.512435
-2.303108
-2.064777
-1.794356
-1.495759
-1.176455
-0.864964
-0.545570
-0.209234
0.148639
0.538173
0.949750
1.355405
1.775735
2.229354
2.690504
3.109257
3.438064
3.646347
3.768328
3.865933
3.945430
3.946504
3.840115
3.671686
3.441891
3.147088
2.798701
2.468270
2.205988
1.921708
1.567300
1.209648
0.932288
0.737428
0.530673
0.254893
-0.029750
-0.243772
-0.385482
-0.551635
-0.795681
-1.083451
-1.348470
-1.624695
-1.951813
-2.286699
-2.615794
-2.923381
-3.236761
-3.536373
-3.795244
-3.981221
-4.074820
-4.105596
-4.085234
-3.972482
-3.749966
-3.535896
-3.339151
-3.077959
-2.681770
-2.270851
-1.929947
-1.578331
-1.075279
-0.407193
0.242592
0.798187
1.282301
1.771759
2.284076
2.770312
3.169090
3.466559
3.665896
3.826787
3.968594
4.096025
4.196076
4.254936
4.272244
4.204591
4.056760
3.905486
3.801915
3.664418
3.411501
3.021260
2.527485
2.001469
1.520516
1.125310
0.775526
0.340813
-0.214634
-0.811912
-1.369905
-1.898015
-2.404835
-2.898079
-3.374403
-3.798267
-4.166487
-4.452986
-4.609630
-4.650832
-4.607660
-4.536172
-4.412419
-4.201738
-3.858588
-3.431490
-3.049200
-2.671236
-2.261717
-1.836936
-1.448693
-1.088314
-0.769430
-0.515414
-0.343391
-0.184426
0.065920
0.399306
0.731585
1.022654
1.325365
1.694529
2.079435
2.449135
2.802062
3.101959
3.401086
3.748146
4.059816
4.200790
4.170697
4.076958
4.021598
3.988328
3.818220
3.448366
3.004724
2.643670
2.333908
1.949529
1.448610
0.889460
0.343718
-0.158233
-0.597536
-0.948937
-1.268814
-1.612428
-1.944402
-2.192059
-2.320942
-2.423040
-2.518515
-2.574514
-2.588159
-2.616327
-2.651606
-2.688608
-2.740474
-2.800682
-2.833029
-2.807483
-2.775685
-2.805773
-2.875679
-2.872787
-2.789079
-2.689118
-2.592176
-2.452970
-2.215716
-1.876195
-1.526253
-1.164944
-0.761490
-0.279948
0.218963
0.692499
1.172605
1.714880
2.289264
2.791251
3.216154
3.557170
3.809119
4.017239
4.190734
4.307274
4.319471
4.244622
4.091872
3.868807
3.606031
3.296201
2.931968
2.561498
2.219267
1.934946
1.714892
1.468346
1.155460
0.816021
0.506455
0.243423
-0.019473
-0.341455
-0.759872
-1.247391
-1.772351
-2.340258
-2.918090
-3.434318
-3.887878
-4.273306
-4.571612
-4.758523
-4.856147
-4.918343
-4.914716
-4.811606
-4.601149
-4.327762
-4.005840
-3.570583
-3.022912
-2.443339
-1.896897
-1.355111
-0.803391
-0.223700
0.400284
0.999888
1.483799
1.863179
2.198513
2.469184
2.689190
2.912175
3.126520
3.295738
3.428471
3.552976
3.677103
3.774841
3.810471
3.816799
3.821089
3.795451
3.665895
3.459308
3.219627
2.987715
2.730439
2.413128
1.995896
1.490919
0.948546
0.437867
-0.018652
-0.483710
-0.979250
-1.459807
-1.856775
-2.168478
-2.423902
-2.696681
-2.987479
-3.273110
-3.453492
-3.491041
-3.426424
-3.352136
-3.271009
-3.116582
-2.896605
-2.695718
-2.575368
-2.510890
-2.440366
-2.302074
-2.121536
-2.011180
-1.937365
-1.737960
-1.389381
-1.089584
-0.916934
-0.726772
-0.378616
0.016335
0.302798
0.528112
0.821249
1.186300
1.564008
1.941358
2.301183
2.636887
2.894080
3.099116
3.294350
3.489614
3.612448
3.602901
3.499281
3.397088
3.284945
3.157243
3.019415
2.864632
2.658423
2.417132
2.140009
1.777040
1.340733
0.896923
0.507837
0.182781
-0.119733
-0.416257
-0.756441
-1.157383
-1.546009
-1.867340
-2.131592
-2.399105
-2.655234
-2.867571
-3.045381
-3.217924
-3.385198
-3.515490
-3.617506
-3.711709
-3.789082
-3.786291
-3.706676
-3.635238
-3.596283
-3.515389
-3.319470
-2.985593
-2.555091
-2.088892
-1.597472
-1.090872
-0.557299
0.008623
0.590963
1.164615
1.740599
2.309965
2.850955
3.348235
3.831423
4.263359
4.563014
4.695200
4.722015
4.702251
4.621371
4.485367
4.343532
4.138795
3.793472
3.345329
2.897115
2.507423
2.118709
1.698229
1.282229
0.871866
0.442429
0.018024
-0.317534
-0.611010
-0.985680
-1.456116
-1.954646
-2.395120
-2.767264
-3.106651
-3.426368
-3.730220
-3.979531
-4.145498
-4.262880
-4.311171
-4.278533
-4.168430
-3.987409
-3.689604
-3.278372
-2.807147
-2.338995
-1.879906
-1.398891
-0.931191
-0.587357
-0.353187
-0.063161
0.299794
0.602867
0.770018
0.898485
1.065809
1.272454
1.477845
1.671248
1.864571
2.061728
2.259931
2.404294
2.503452
2.619176
2.814774
3.033413
3.158502
3.150963
3.110254
3.077886
2.957044
2.709106
2.469938
2.267229
2.015802
1.651739
1.224029
0.843017
0.553964
0.311476
0.071768
-0.169913
-0.418129
-0.653733
-0.867700
-1.049896
-1.188359
-1.280019
-1.358857
-1.496228
-1.696115
-1.888550
-2.092027
-2.376644
-2.711507
-2.993328
-3.199162
-3.383948
-3.532388
-3.616147
-3.677729
-3.681898
-3.557119
-3.257448
-2.922120
-2.629462
-2.324536
-1.913961
-1.431553
-0.987698
-0.609728
-0.183359
0.338316
0.844196
1.235323
1.569009
1.929812
2.343891
2.744299
3.119963
3.491341
3.829536
4.086071
4.261663
4.338854
4.279100
4.125693
3.982958
3.896417
3.792565
3.564455
3.191140
2.818880
2.524548
2.219078
1.842098
1.390635
0.889112
0.345565
-0.232881
-0.823795
-1.405538
-1.927362
-2.368810
-2.798926
-3.241403
-3.625452
-3.879422
-4.013923
-4.067469
-4.124645
-4.177207
-4.154160
-4.040496
-3.911284
-3.804138
-3.664278
-3.433778
-3.152685
-2.876346
-2.570984
-2.211776
-1.773601
-1.306625
-0.824305
-0.307380
0.195908
0.636338
1.017452
1.403906
1.796933
2.178262
2.550761
2.913739
3.231658
3.442236
3.558003
3.663609
3.728976
3.729772
3.702270
3.665776
3.586280
3.429602
3.182174
2.867220
2.563693
2.277452
1.934694
1.515529
1.087498
0.699932
0.350790
0.017448
-0.309515
-0.617526
-0.919366
-1.221731
-1.485981
-1.638066
-1.703769
-1.797309
-1.962553
-2.156881
-2.331568
-2.445106
-2.506059
-2.552238
-2.614129
-2.713094
-2.787859
-2.798919
-2.732746
-2.634810
-2.524200
-2.392586
-2.251396
-2.093298
-1.902612
-1.660972
-1.437944
-1.274321
-1.129009
-0.893693
-0.566623
-0.266042
-0.030259
0.192411
0.454816
0.740328
1.023493
1.332388
1.685448
2.030814
2.309246
2.563184
2.796092
2.992567
3.137617
3.287630
3.454569
3.611949
3.731621
3.781568
3.729159
3.537130
3.210279
2.864994
2.560788
2.193492
1.726207
1.256255
0.853290
0.449104
-0.006386
-0.446222
-0.772691
-1.011080
-1.290887
-1.642472
-1.982010
-2.277307
-2.578785
-2.906550
-3.207058
-3.476942
-3.767969
-4.063205
-4.268463
-4.291461
-4.197646
-4.086365
-3.961655
-3.763499
-3.488434
-3.208475
-2.940743
-2.585016
-2.126613
-1.619440
-1.104938
-0.615094
-0.112018
0.412690
0.898990
1.323300
1.728425
2.167027
2.617299
3.022783
3.365424
3.620161
3.762583
3.824480
3.886042
3.945729
3.953173
3.912789
3.895111
3.914818
3.848284
3.580989
3.210109
2.875099
2.533298
2.114286
1.671599
1.243137
0.801192
0.310303
-0.237336
-0.782655
-1.278050
-1.757885
-2.210636
-2.589593
-2.877315
-3.143997
-3.402195
-3.619617
-3.723113
-3.706447
-3.613734
-3.482757
-3.315991
-3.082702
-2.792003
-2.472660
-2.157775
-1.893647
-1.725905
-1.631865
-1.530010
-1.390380
-1.221411
-1.064953
-0.942820
-0.791735
-0.557242
-0.278638
0.000268
0.274011
0.596429
0.923381
1.211589
1.452564
1.697269
1.985868
2.278636
2.505393
2.647493
2.726374
2.817937
2.930030
2.979489
2.923488
2.798068
2.688677
2.619953
2.528354
2.337811
2.076843
1.825068
1.613607
1.420402
1.222826
1.041705
0.923307
0.845480
0.709723
0.448673
0.107076
-0.239341
-0.570215
-0.933069
-1.366164
-1.794770
-2.176140
-2.532641
-2.880337
-3.158405
-3.365578
-3.516657
-3.622349
-3.635587
-3.552471
-3.485247
-3.464174
-3.428152
-3.337946
-3.131119
-2.796956
-2.432389
-2.115032
-1.853421
-1.540801
-1.125479
-0.665395
-0.250068
0.138788
0.489751
0.815176
1.178708
1.602712
2.003232
2.329650
2.626081
2.958385
3.331800
3.666700
3.872216
4.050647
4.262356
4.407199
4.379599
4.234204
4.052650
3.795228
3.367520
2.830724
2.349766
1.955775
1.548884
1.104761
0.716935
0.397277
0.070098
-0.325780
-0.726038
-1.087804
-1.479635
-1.950348
-2.436968
-2.860289
-3.200565
-3.499395
-3.772831
-4.004457
-4.170048
-4.280212
-4.271781
-4.115916
-3.918464
-3.803218
-3.697658
-3.456673
-3.070515
-2.621959
-2.143655
-1.646146
-1.165957
-0.763399
-0.428433
-0.059681
0.355700
0.784578
1.230222
1.657609
1.975825
2.218413
2.453502
2.634326
2.716127
2.713665
2.646209
2.575878
2.605380
2.710351
2.797873
2.837708
2.886793
2.970864
2.983830
2.830544
2.606637
2.410204
2.194559
1.880277
1.504425
1.184130
0.961675
0.728030
0.431120
0.148553
-0.062204
-0.318432
-0.721650
-1.180059
-1.547628
-1.803570
-2.016278
-2.204341
-2.316877
-2.374743
-2.441359
-2.489359
-2.490933
-2.474733
-2.506142
-2.609288
-2.684362
-2.671199
-2.622400
-2.617444
-2.614641
-2.567851
-2.540789
-2.530492
-2.461317
-2.233371
-1.871660
-1.466976
-1.097145
-0.713997
-0.267266
0.189519
0.612410
1.035433
1.462521
1.850917
2.166124
2.462602
2.766682
3.063542
3.279339
3.406008
3.516694
3.662233
3.727611
3.650603
3.475449
3.319997
3.190883
2.985384
2.679526
2.386605
2.208787
2.078479
1.859977
1.548870
1.216789
0.913419
0.601204
0.261297
-0.163166
-0.698559
-1.270582
-1.777476
-2.240244
-2.700759
-3.126673
-3.487936
-3.798710
-4.058969
-4.274936
-4.429966
-4.462487
-4.346589
-4.186162
-4.078104
-3.942565
-3.660074
-3.240380
-2.825084
-2.509377
-2.220515
-1.850011
-1.368337
-0.814474
-0.264832
0.272873
0.798960
1.340624
1.837429
2.251521
2.589128
2.892244
3.165654
3.408099
3.631574
3.772072
3.822886
3.875881
3.929224
3.920366
3.842291
3.734137
3.582911
3.297237
2.831138
2.299574
1.830890
1.422838
1.001152
0.562469
0.135618
-0.264337
-0.622988
-0.894657
-1.110045
-1.334473
-1.580614
-1.812796
-1.981802
-2.079123
-2.146384
-2.205613
-2.242485
-2.289136
-2.339799
-2.340910
-2.248553
-2.113356
-2.040603
-2.083404
-2.157764
-2.182144
-2.147135
-2.154359
-2.237241
-2.277504
-2.150499
-1.902164
-1.640084
-1.364816
-1.032325
-0.680829
-0.381958
-0.128109
0.118634
0.318676
0.441166
0.584068
0.816569
1.060144
1.257008
1.515632
1.910706
2.324534
2.645114
2.839606
2.954799
3.075338
3.187939
3.224390
3.196681
3.138061
3.058933
2.936428
2.746048
2.503931
2.190437
1.835688
1.532315
1.296974
1.055787
0.746460
0.418928
0.107571
-0.237639
-0.639254
-1.069026
-1.433049
-1.713245
-1.936829
-2.186349
-2.477385
-2.731784
-2.877909
-2.943399
-2.971521
-3.048714
-3.233685
-3.466487
-3.609182
-3.614453
-3.611995
-3.596157
-3.475059
-3.230336
-2.928232
-2.585197
-2.205700
-1.819228
-1.410356
-0.954200
-0.493517
-0.053032
0.402733
0.939472
1.525684
2.066134
2.482917
2.809623
3.132182
3.455187
3.724457
3.934626
4.154443
4.347520
4.441266
4.398149
4.269918
4.089034
3.838446
3.483588
3.085530
2.747027
2.438713
2.092308
1.697266
1.291229
0.811417
0.208487
-0.409349
-0.918992
-1.330215
-1.740312
-2.181644
-2.614642
-3.004134
-3.357923
-3.669675
-3.878473
-3.969452
-3.973459
-3.928132
-3.794622
-3.586927
-3.362119
-3.150149
-2.877765
-2.520094
-2.167875
-1.876086
-1.608675
-1.316984
-1.031180
-0.837187
-0.673626
-0.475247
-0.257976
-0.037295
0.207469
0.505057
0.821829
1.091999
1.300802
1.492985
1.710097
1.904812
2.043079
2.218132
2.441567
2.644255
2.741765
2.784061
2.866367
2.959577
2.944934
2.801086
2.639473
2.514904
2.352824
2.083230
1.779548
1.536302
1.318667
1.101218
0.917819
0.766106
0.577209
0.329004
0.072273
-0.131092
-0.331773
-0.584875
-0.831379
-1.020173
-1.241208
-1.588369
-1.990766
-2.373318
-2.706056
-2.975149
-3.186455
-3.330819
-3.404370
-3.435184
-3.429086
-3.353950
-3.188991
-3.018484
-2.908546
-2.789880
-2.547883
-2.215056
-1.963444
-1.802211
-1.591650
-1.252116
-0.857699
-0.458321
-0.047665
0.411986
0.879895
1.349087
1.823815
2.247660
2.573397
2.832882
3.057132
3.250772
3.428151
3.599386
3.727925
3.778839
3.827099
3.904587
3.941911
3.834110
3.609429
3.373816
3.121284
2.719698
2.228179
1.811736
1.437422
0.990160
0.502000
0.080944
-0.282632
-0.706937
-1.206792
-1.665015
-2.019573
-2.373772
-2.777096
-3.180773
-3.486541
-3.728096
-3.932904
-4.100206
-4.217030
-4.288711
-4.265983
-4.126840
-3.886512
-3.665161
-3.438864
-3.114540
-2.635499
-2.136763
-1.715816
-1.335522
-0.920587
-0.456619
-0.044844
0.243870
0.448868
0.735672
1.139824
1.512388
1.805075
2.133132
2.492545
2.741599
2.876935
3.040079
3.254299
3.426777
3.492827
3.538153
3.614100
3.654274
3.572528
3.395639
3.141098
2.801806
2.360482
1.910647
1.568920
1.290894
0.956242
0.529427
0.133101
-0.158486
-0.440703
-0.815705
-1.202732
-1.459312
-1.589450
-1.675088
-1.793128
-1.955158
-2.063086
-2.138419
-2.193031
-2.265907
-2.311841
-2.327435
-2.329627
-2.350635
-2.355797
-2.375846
-2.439402
-2.526406
-2.553187
-2.548087
-2.571067
-2.537497
-2.354903
-2.098077
-1.890930
-1.686271
-1.366903
-0.892840
-0.439527
-0.132627
0.153120
0.572774
1.039930
1.405166
1.687133
1.993192
2.378511
2.759240
2.989988
3.068589
3.178891
3.363698
3.449007
3.397488
3.317878
3.332902
3.348226
3.210451
2.899684
2.559932
2.252404
1.920873
1.556932
1.262240
1.085920
0.967731
0.826873
0.665275
0.424871
0.053299
-0.420628
-0.892374
-1.297205
-1.681730
-2.082121
-2.512261
-2.942589
-3.351141
-3.683856
-3.927222
-4.098943
-4.219667
-4.234672
-4.123272
-3.965367
-3.819756
-3.611200
-3.291527
-2.899202
-2.509386
-2.150903
-1.767294
-1.298854
-0.785691
-0.314505
0.069736
0.411530
0.759165
1.103523
1.445805
1.739848
1.979004
2.185357
2.338042
2.493865
2.717309
3.024807
3.331967
3.588226
3.762345
3.834453
3.761576
3.631381
3.554884
3.466809
3.278025
2.984590
2.701196
2.360109
1.893744
1.335891
0.806214
0.349536
-0.129417
-0.641810
-1.109383
-1.413552
-1.541718
-1.640959
-1.849032
-2.166947
-2.451118
-2.650155
-2.754526
-2.781958
-2.762641
-2.766041
-2.799218
-2.821790
-2.779255
-2.709926
-2.638707
-2.531693
-2.434552
-2.390429
-2.311084
-2.155604
-1.987309
-1.858558
-1.681440
-1.364406
-0.956920
-0.575814
-0.233984
0.077126
0.393899
0.757167
1.117789
1.387532
1.566199
1.775715
2.034505
2.221445
2.326124
2.457287
2.642869
2.848256
3.029599
3.130628
3.165931
3.145444
3.093200
2.974792
2.740096
2.434410
2.151705
1.880170
1.629510
1.377735
1.136339
0.879855
0.510218
0.112419
-0.135996
-0.271546
-0.495605
-0.814938
-1.089179
-1.251403
-1.369542
-1.546365
-1.823590
-2.157628
-2.425733
-2.663421
-2.949459
-3.169310
-3.239809
-3.251320
-3.254766
-3.241077
-3.205547
-3.150445
-3.047383
-2.892406
-2.689621
-2.422366
-2.143791
-1.902678
-1.637740
-1.184344
-0.606438
-0.115248
0.253120
0.571790
0.926837
1.304120
1.721303
2.135765
2.467230
2.669906
2.792102
2.944219
3.136978
3.341846
3.513497
3.594784
3.560826
3.513984
3.445122
3.297596
3.133278
2.970616
2.719644
2.414409
2.134482
1.811739
1.376799
0.904635
0.456362
-0.000567
-0.458630
-0.867338
-1.227010
-1.554853
-1.831507
-2.116787
-2.428027
-2.688893
-2.854540
-2.933768
-3.018237
-3.129963
-3.246066
-3.339725
-3.370084
-3.345489
-3.289347
-3.208959
-3.092737
-2.893613
-2.573314
-2.186298
-1.827866
-1.489275
-1.142649
-0.734370
-0.309073
0.019057
0.258164
0.438921
0.658780
0.944070
1.205807
1.452859
1.768770
2.098568
2.328268
2.482381
2.648538
2.824881
2.933703
2.967416
3.010294
3.070294
3.029252
2.849582
2.672302
2.546063
2.400934
2.201240
1.996501
1.831510
1.661443
1.424786
1.096583
0.762908
0.448551
0.092201
-0.325643
-0.783272
-1.205964
-1.477188
-1.612624
-1.735254
-1.894017
-2.025179
-2.103177
-2.206712
-2.320184
-2.386296
-2.441351
-2.566887
-2.751997
-2.879324
-2.865524
-2.802495
-2.861083
-2.962195
-2.908618
-2.710153
-2.519921
-2.358685
-2.059304
-1.593560
-1.100060
-0.755950
-0.518441
-0.240295
0.097455
0.436257
0.728483
1.075208
1.526336
1.962160
2.291274
2.498687
2.660539
2.920789
3.245195
3.447313
3.445262
3.393394
3.388443
3.397521
3.352337
3.205873
2.962456
2.688288
2.409306
2.076417
1.735498
1.442043
1.150027
0.853798
0.618823
0.409645
0.168432
-0.070981
-0.295483
-0.524639
-0.841303
-1.232789
-1.694640
-2.215581
-2.665826
-2.990065
-3.277443
-3.592769
-3.867590
-4.002069
-3.981778
-3.851302
-3.706593
-3.627109
-3.604421
-3.490355
-3.168526
-2.700245
-2.218256
-1.776289
-1.354222
-0.961131
-0.581950
-0.154976
0.304416
0.776691
1.209033
1.493294
1.601535
1.681763
1.809986
1.871146
1.849325
1.876806
2.011753
2.239856
2.555815
2.825353
2.993609
3.125846
3.264036
3.395173
3.480719
3.504523
3.433131
3.246006
2.938749
2.515713
1.984713
1.401128
0.846931
0.431386
0.147861
-0.134340
-0.511077
-0.916828
-1.219680
-1.446105
-1.692185
-1.944147
-2.152218
-2.313544
-2.474623
-2.603468
-2.632854
-2.597801
-2.521668
-2.479054
-2.548940
-2.650539
-2.704276
-2.657240
-2.576806
-2.522602
-2.490673
-2.417798
-2.296724
-2.139181
-1.933773
-1.702804
-1.471356
-1.266246
-1.010382
-0.654487
-0.238264
0.145183
0.464679
0.820839
1.283637
1.772017
2.193378
2.513642
2.758768
2.981034
3.193108
3.331387
3.368119
3.377375
3.341411
3.260639
3.212974
3.202949
3.100051
2.884084
2.631523
2.376944
2.045688
1.665513
1.373378
1.181656
0.935468
0.570576
0.180732
-0.159128
-0.469911
-0.809942
-1.142130
-1.405887
-1.606228
-1.820998
-2.050723
-2.239866
-2.438179
-2.689986
-2.972596
-3.221916
-3.441306
-3.650136
-3.762917
-3.738902
-3.632995
-3.560865
-3.509835
-3.399331
-3.217588
-2.920711
-2.485864
-1.998912
-1.506896
-1.027718
-0.589499
-0.220305
0.135148
0.514713
0.947878
1.412052
1.863734
2.274968
2.675607
3.025922
3.268307
3.429182
3.599917
3.770827
3.832847
3.749298
3.630297
3.529754
3.384198
3.137018
2.845990
2.582873
2.353853
2.126656
1.880259
1.639367
1.379287
1.018392
0.595062
0.169219
-0.182906
-0.471125
-0.783779
-1.163879
-1.528290
-1.802403
-2.052748
-2.304147
-2.535186
-2.736073
-2.861190
-2.931036
-3.046348
-3.141691
-3.130389
-3.085801
-3.130941
-3.208835
-3.179690
-2.996191
-2.744736
-2.506538
-2.251236
-1.890761
-1.477579
-1.214550
-1.105401
-0.920165
-0.585388
-0.222034
0.057009
0.265738
0.465127
0.722280
1.027640
1.364160
1.678919
1.983033
2.297493
2.573927
2.809698
3.100055
3.430924
3.639023
3.636204
3.547107
3.512560
3.548366
3.471000
3.191795
2.842649
2.540849
2.237236
1.846606
1.374862
0.909214
0.539721
0.288718
0.038481
-0.288511
-0.629776
-0.866025
-1.043682
-1.315692
-1.653773
-1.908466
-2.110630
-2.342310
-2.570461
-2.771648
-2.920224
-3.043622
-3.210977
-3.412133
-3.555420
-3.564360
-3.495014
-3.360388
-3.173207
-3.003808
-2.824035
-2.541807
-2.221321
-1.932888
-1.623106
-1.258608
-0.865686
-0.458386
-0.039939
0.406192
0.815799
1.202945
1.587892
1.979180
2.327463
2.633865
2.828645
2.904172
2.963550
3.080956
3.228999
3.371179
3.490979
3.567237
3.606143
3.609506
3.550428
3.462010
3.297049
2.967248
2.477729
1.949675
1.503103
1.146484
0.803892
0.358043
-0.156411
-0.616225
-1.026110
-1.421653
-1.753661
-1.964743
-2.116770
-2.333629
-2.622523
-2.848782
-2.916040
-2.925009
-2.980447
-3.085028
-3.138503
-3.108996
-3.039762
-2.971469
-2.927171
-2.900848
-2.809760
-2.601868
-2.333788
-2.093462
-1.869011
-1.584308
-1.267964
-0.942399
-0.644852
-0.353210
-0.043657
0.249196
0.538711
0.868761
1.240360
1.604317
1.921276
2.157052
2.342612
2.557365
2.830867
3.099697
3.310514
3.422794
3.436355
3.435660
3.419246
3.337292
3.167825
2.917373
2.593005
2.267339
2.025988
1.815198
1.516649
1.080329
0.615070
0.220770
-0.128603
-0.489253
-0.820411
-0.999120
-1.090609
-1.231829
-1.435040
-1.619047
-1.760099
-1.889593
-2.035110
-2.225988
-2.476594
-2.742668
-3.002426
-3.234145
-3.382634
-3.420108
-3.360218
-3.225303
-3.076404
-2.966128
-2.811032
-2.547964
-2.244996
-1.991789
-1.730077
-1.377943
-0.905616
-0.429153
0.003760
0.355015
0.634167
0.908667
1.205699
1.531663
1.911966
2.305360
2.575200
2.662685
2.736863
2.919914
3.118660
3.238841
3.270035
3.282965
3.321608
3.339418
3.278712
3.200753
3.120644
2.940850
2.599730
2.181881
1.777238
1.302585
0.791699
0.303153
-0.066360
-0.412373
-0.734974
-0.981395
-1.160716
-1.351604
-1.573559
-1.832799
-2.105086
-2.385232
-2.650926
-2.870115
-3.009993
-3.075640
-3.137362
-3.203560
-3.255269
-3.261620
-3.231670
-3.139611
-2.918110
-2.636222
-2.354486
-2.053549
-1.739045
-1.464765
-1.257299
-1.046886
-0.778591
-0.440170
-0.066439
0.241388
0.489179
0.756123
1.064607
1.379122
1.682642
1.928976
2.094249
2.216760
2.355501
2.487703
2.584326
2.655575
2.798222
3.022761
3.283077
3.456708
3.492994
3.398970
3.156338
2.819085
2.438396
2.030484
1.651470
1.334626
0.989525
0.617271
0.279834
-0.003260
-0.281501
-0.565401
-0.821103
-1.070916
-1.302975
-1.466134
-1.581391
-1.791502
-2.139046
-2.462085
-2.636607
-2.808569
-3.059389
-3.241629
-3.220343
-3.034350
-2.868986
-2.842052
-2.879790
-2.875099
-2.799514
-2.710380
-2.660849
-2.555587
-2.283172
-1.895560
-1.534844
-1.178402
-0.705676
-0.118400
0.416378
0.820844
1.202008
1.622822
1.965928
2.169474
2.331981
2.537467
2.740628
2.814741
2.817723
2.935914
3.131947
3.230523
3.212646
3.217628
3.253755
3.224001
3.086886
2.936308
2.823350
2.628103
2.264650
1.810244
1.363098
0.910128
0.469023
0.060478
-0.275987
-0.549065
-0.847787
-1.202513
-1.539891
-1.873963
-2.178685
-2.504284
-2.794657
-2.936299
-2.953511
-2.948575
-3.015876
-3.114930
-3.177254
-3.127665
-2.967356
-2.800654
-2.668910
-2.580161
-2.492962
-2.345969
-2.062373
-1.686960
-1.351546
-1.153109
-1.003409
-0.758387
-0.415576
-0.088816
0.149399
0.322510
0.543815
0.880355
1.261879
1.630911
1.917548
2.135765
2.337054
2.598680
2.931087
3.174617
3.193926
3.139716
3.157121
3.141947
2.972567
2.679829
2.394529
2.206473
2.074835
1.866781
1.584793
1.353233
1.213080
1.124348
0.949753
0.637190
0.239256
-0.076889
-0.251549
-0.403223
-0.653286
-0.961710
-1.266025
-1.596518
-1.961912
-2.295495
-2.518369
-2.608965
-2.663869
-2.808665
-3.024908
-3.182071
-3.155323
-3.007298
-2.854285
-2.822431
-2.840353
-2.747981
-2.540092
-2.262386
-1.929307
-1.598596
-1.340882
-1.097504
-0.795277
-0.470411
-0.204753
-0.008595
0.188879
0.457399
0.829628
1.270082
1.696519
2.049539
2.319615
2.550366
2.773875
2.971958
3.087909
3.174770
3.294602
3.376021
3.361460
3.293233
3.226831
3.030326
2.648716
2.265281
2.026710
1.853246
1.546771
1.103502
0.742817
0.534226
0.260907
-0.135418
-0.478797
-0.699983
-1.014473
-1.443378
-1.837758
-2.081061
-2.204192
-2.313299
-2.450363
-2.558402
-2.622867
-2.697052
-2.800348
-2.843382
-2.792712
-2.676515
-2.598188
-2.580596
-2.566525
-2.525212
-2.437603
-2.321298
-2.220683
-2.044131
-1.766620
-1.449385
-1.140467
-0.789468
-0.391907
0.032466
0.518602
1.019326
1.450523
1.808182
2.175502
2.566682
2.797895
2.808427
2.787700
2.848775
2.935026
2.883619
2.731291
2.658893
2.669814
2.675318
2.571106
2.333279
2.060451
1.903685
1.839189
1.718676
1.500503
1.257285
1.017657
0.725468
0.376446
0.025678
-0.264740
-0.487725
-0.659786
-0.826828
-1.088599
-1.417092
-1.696300
-1.937139
-2.295693
-2.722028
-3.010413
-3.121100
-3.192376
-3.301838
-3.341662
-3.198817
-2.924338
-2.685852
-2.526795
-2.296925
-1.940637
-1.603439
-1.386279
-1.227297
-1.074881
-0.832713
-0.553113
-0.346762
-0.141325
0.108421
0.304608
0.430523
0.588667
0.877795
1.242223
1.479817
1.556272
1.750180
2.202607
2.646594
2.835587
2.880547
2.989741
3.123453
3.123699
2.999390
2.920052
2.908124
2.751419
2.377669
2.024582
1.821083
1.572401
1.118877
0.593562
0.271432
0.099773
-0.117286
-0.357237
-0.449643
-0.455159
-0.594010
-0.910290
-1.318425
-1.737632
-2.052911
-2.210077
-2.287485
-2.420838
-2.646203
-2.871346
-2.951796
-2.885529
-2.809098
-2.797254
-2.746739
-2.517624
-2.214727
-2.047139
-2.029807
-1.911146
-1.578557
-1.256490
-1.112996
-1.008727
-0.756905
-0.444792
-0.264111
-0.091831
0.233027
0.640659
0.927836
1.122193
1.364272
1.675329
1.946020
2.129260
2.308998
2.560775
2.881965
3.141111
3.258265
3.304064
3.373386
3.401044
3.278256
3.050058
2.836034
2.595326
2.287803
1.917741
1.450845
0.928675
0.453935
0.071163
-0.249219
-0.608815
-0.996156
-1.384964
-1.732280
-1.928122
-1.971344
-1.969931
-2.032377
-2.180414
-2.411362
-2.632449
-2.708390
-2.594086
-2.442271
-2.398918
-2.470434
-2.539201
-2.552733
-2.495186
-2.417877
-2.351030
-2.206283
-1.941279
-1.598156
-1.270575
-1.021942
-0.727144
-0.319077
0.107763
0.466255
0.704068
0.961251
1.346032
1.621248
1.661877
1.629700
1.686038
1.830288
1.956445
1.981022
1.966904
1.983791
2.012698
2.061519
2.212935
2.430778
2.497986
2.289214
2.035268
1.999418
2.057328
1.962088
1.651669
1.318238
1.056946
0.835339
0.564879
0.247173
0.015309
-0.127419
-0.258034
-0.492060
-0.842825
-1.230814
-1.573466
-1.841540
-2.047637
-2.167451
-2.258504
-2.328635
-2.358832
-2.320038
-2.321230
-2.353695
-2.280655
-2.137087
-2.044238
-2.017946
-1.987896
-1.930259
-1.828395
-1.704742
-1.551769
-1.341376
-1.080815
-0.750436
-0.430160
-0.179375
0.031179
0.228457
0.402873
0.556260
0.712670
0.894493
1.103948
1.331363
1.528287
1.718412
1.943481
2.194807
2.372422
2.451731
2.548842
2.607860
2.542960
2.487065
2.522927
2.529734
2.302428
1.943269
1.720642
1.630448
1.461447
1.207732
0.988563
0.821110
0.628913
0.379410
0.093482
-0.261606
-0.676747
-1.078679
-1.358594
-1.576706
-1.870747
-2.204744
-2.472320
-2.524943
-2.471182
-2.543173
-2.787615
-2.931439
-2.874453
-2.767297
-2.762826
-2.786798
-2.698086
-2.520363
-2.284835
-2.028598
-1.695296
-1.331485
-0.983713
-0.645036
-0.272468
0.135087
0.453422
0.634550
0.726092
0.887798
1.141661
1.414063
1.612590
1.785631
1.918165
2.033960
2.171961
2.366350
2.522361
2.549225
2.510040
2.516618
2.506132
2.416478
2.284854
2.211384
2.186696
2.064957
1.771030
1.385082
1.072956
0.883007
0.690149
0.404373
0.033854
-0.334274
-0.625987
-0.878612
-1.131441
-1.343722
-1.477920
-1.523140
-1.529605
-1.589863
-1.773663
-1.999756
-2.043715
-1.912176
-1.816560
-1.948800
-2.173267
-2.300116
-2.346005
-2.390860
-2.324931
-2.161063
-2.040368
-1.962002
-1.807012
-1.527879
-1.236592
-1.025392
-0.844727
-0.631854
-0.335152
-0.014769
0.233074
0.454583
0.732856
1.043620
1.308774
1.528201
1.709991
1.824912
1.959764
2.149097
2.367668
2.526633
2.598803
2.578038
2.502957
2.432235
2.358967
2.198625
2.002036
1.827062
1.633024
1.430359
1.292415
1.242121
1.205565
1.045450
0.740495
0.371298
-0.036467
-0.406437
-0.685587
-0.922928
-1.188989
-1.498255
-1.761905
-1.872986
-1.869897
-1.893849
-2.014097
-2.125188
-2.153355
-2.132995
-2.167022
-2.242583
-2.252853
-2.124685
-1.963220
-1.936682
-1.993176
-1.969945
-1.818950
-1.662129
-1.536758
-1.453298
-1.320622
-1.130571
-0.919037
-0.646355
-0.306102
0.025231
0.278263
0.580775
1.002625
1.458473
1.820780
2.055318
2.203198
2.352238
2.526201
2.647040
2.700113
2.747442
2.861817
2.989835
2.986656
2.750628
2.388846
2.085771
1.852635
1.604854
1.342980
1.110116
0.922141
0.750276
0.588530
0.349804
-0.037754
-0.450579
-0.702271
-0.808769
-0.930816
-1.160614
-1.429160
-1.686412
-1.870899
-2.059559
-2.347866
-2.599070
-2.699515
-2.713237
-2.771398
-2.890548
-2.917146
-2.813038
-2.632344
-2.432786
-2.212747
-1.935016
-1.631396
-1.417612
-1.245145
-0.945823
-0.517660
-0.110153
0.163992
0.361125
0.583810
0.832077
1.084629
1.323305
1.473672
1.555435
1.730923
1.988478
2.202484
2.236076
2.112422
2.017706
2.052469
2.098128
2.069030
2.074146
2.128099
2.085188
1.936331
1.811452
1.735178
1.601578
1.330718
1.003404
0.732204
0.547855
0.366035
0.088350
-0.281163
-0.585619
-0.710919
-0.752069
-0.902815
-1.141667
-1.331415
-1.470114
-1.607995
-1.815774
-2.054489
-2.222163
-2.286686
-2.296103
-2.258424
-2.141411
-2.005275
-1.950603
-1.978318
-1.933429
-1.789614
-1.603538
-1.417132
-1.202269
-0.979386
-0.789252
-0.676679
-0.632121
-0.434414
-0.039773
0.309693
0.443290
0.554991
0.840998
1.174181
1.275306
1.270600
1.402119
1.559322
1.578060
1.481885
1.448161
1.512519
1.600414
1.671350
1.783458
2.005038
2.221290
2.271516
2.137017
1.982120
1.856510
1.625553
1.284414
0.981871
0.716251
0.449673
0.232690
0.110163
-0.050405
-0.292921
-0.579862
-0.889431
-1.134014
-1.213409
-1.198476
-1.262414
-1.434190
-1.565217
-1.561052
-1.532202
-1.626030
-1.848287
-2.051380
-2.070093
-1.988699
-1.966902
-2.015557
-2.045948
-2.054035
-1.962908
-1.821785
-1.736681
-1.718516
-1.626461
-1.373117
-1.024303
-0.611894
-0.127865
0.289127
0.596540
0.912943
1.257081
1.525740
1.730238
1.967826
2.192961
2.267492
2.201524
2.164848
2.262459
2.310075
2.236539
2.172589
2.213192
2.222556
2.007273
1.575456
1.177101
0.966067
0.863531
0.737049
0.544698
0.316724
0.122579
-0.010096
-0.151074
-0.341430
-0.504347
-0.568679
-0.626377
-0.671341
-0.622759
-0.642104
-0.899590
-1.215860
-1.392328
-1.510145
-1.640924
-1.814172
-1.986525
-2.105320
-2.132733
-2.100548
-2.043885
-1.995078
-1.873527
-1.662823
-1.393972
-1.203593
-1.139590
-1.089353
-0.990617
-0.897399
-0.739114
-0.397721
0.067071
0.420843
0.548741
0.587712
0.727500
0.960752
1.140110
1.248988
1.320552
1.359203
1.373612
1.427258
1.525977
1.685174
1.813845
1.858764
1.808764
1.710159
1.609169
1.509577
1.497179
1.544054
1.562309
1.501949
1.415112
1.311061
1.063048
0.700284
0.414024
0.275743
0.102342
-0.245524
-0.716627
-1.112329
-1.353075
-1.504826
-1.663364
-1.727702
-1.766223
-1.827727
-1.846174
-1.744255
-1.616275
-1.589742
-1.694351
-1.783423
-1.761980
-1.657251
-1.575498
-1.484862
-1.345806
-1.123951
-0.888434
-0.760816
-0.734710
-0.662738
-0.535523
-0.404759
-0.309696
-0.237596
-0.140519
-0.022981
0.089362
0.223753
0.435345
0.705679
0.993782
1.301289
1.610729
1.846686
1.987021
2.089855
2.123363
2.051740
1.886180
1.782497
1.789006
1.871960
1.843404
1.603338
1.341225
1.189204
1.064448
0.884006
0.659240
0.462663
0.229015
-0.126944
-0.449341
-0.604133
-0.611437
-0.627837
-0.751984
-0.925173
-1.020244
-1.080577
-1.160354
-1.205312
-1.171574
-1.072203
-0.928570
-0.903449
-1.083115
-1.426389
-1.749775
-1.962704
-2.104251
-2.186937
-2.155089
-2.056093
-1.934331
-1.762366
-1.511804
-1.247095
-1.023847
-0.867912
-0.669250
-0.384089
-0.140305
0.026132
0.208689
0.450197
0.698092
0.924742
1.195561
1.578757
1.963760
2.050229
1.898693
1.841152
1.997603
2.205346
2.247111
2.179496
2.141089
2.138256
2.023834
1.706153
1.321018
1.058463
0.961581
0.888314
0.778464
0.641800
0.571264
0.545972
0.439716
0.189118
-0.192988
-0.634029
-0.983669
-1.188220
-1.316816
-1.469166
-1.681153
-1.825257
-1.772588
-1.687346
-1.777196
-2.079351
-2.336485
-2.328139
-2.116733
-1.958120
-1.900482
-1.815686
-1.564578
-1.226909
-1.001159
-0.945770
-0.840010
-0.542612
-0.211919
-0.006293
0.096057
0.220252
0.366254
0.488484
0.647204
0.815994
0.918457
0.962013
0.946327
0.882703
0.856805
0.881972
0.908936
0.978402
1.082214
1.185342
1.282015
1.376867
1.473130
1.646319
1.895603
2.067384
1.978650
1.694453
1.454231
1.309296
1.140712
0.940294
0.745304
0.548467
0.297795
0.010549
-0.273376
-0.512944
-0.692612
-0.817560
-0.922086
-1.020075
-1.091243
-1.160185
-1.241253
-1.371933
-1.478996
-1.509264
-1.478335
-1.410530
-1.413182
-1.567370
-1.753253
-1.764082
-1.571575
-1.427812
-1.389025
-1.353938
-1.261482
-1.218266
-1.384198
-1.556945
-1.495946
-1.208853
-0.921927
-0.760698
-0.592455
-0.307501
0.059226
0.422919
0.745887
0.991322
1.211172
1.452827
1.655184
1.782500
1.831179
1.892850
1.979664
2.072637
2.149318
2.164776
2.056068
1.903765
1.855807
1.883853
1.870917
1.777259
1.694594
1.651356
1.541713
1.299338
0.983296
0.664074
0.314936
-0.083876
-0.456402
-0.660884
-0.745021
-0.895711
-1.142695
-1.303313
-1.317825
-1.356915
-1.555725
-1.872600
-2.135782
-2.277576
-2.403674
-2.553637
-2.744490
-2.872697
-2.849955
-2.681309
-2.470398
-2.210035
-1.909774
-1.620775
-1.326820
-0.996829
-0.625959
-0.253617
0.128448
0.483111
0.715543
0.890011
1.108254
1.256526
1.202075
1.094452
1.171343
1.403321
1.575258
1.648101
1.702112
1.869240
2.096000
2.153255
1.980261
1.783225
1.691940
1.616877
1.566446
1.567401
1.514079
1.347340
1.159663
1.033068
0.947561
0.866416
0.655044
0.342925
0.045232
-0.164285
-0.344674
-0.563909
-0.744534
-0.833922
-0.936315
-1.145613
-1.399037
-1.573157
-1.628351
-1.627527
-1.684793
-1.829701
-1.960298
-1.938483
-1.755166
-1.581371
-1.577760
-1.604224
-1.501695
-1.342111
-1.339559
-1.507852
-1.627430
-1.518004
-1.273052
-1.121714
-1.022707
-0.835122
-0.531751
-0.160903
0.240962
0.496034
0.644117
0.863343
1.137061
1.303702
1.402185
1.572294
1.832470
2.020440
2.020274
1.964029
1.970642
1.987449
1.952598
1.959596
2.033816
2.038566
1.813076
1.421910
1.171564
1.101972
0.964294
0.632045
0.230965
0.016484
0.020662
0.053355
-0.079955
-0.242366
-0.248486
-0.205369
-0.330928
-0.574645
-0.744334
-0.819565
-0.956211
-1.223042
-1.473772
-1.615720
-1.703547
-1.855503
-2.010069
-2.056729
-2.014712
-2.013571
-1.998841
-1.838965
-1.673620
-1.726418
-1.899169
-1.889486
-1.642818
-1.367572
-1.167239
-0.972665
-0.712073
-0.354457
0.025457
0.366461
0.634195
0.931146
1.208960
1.370107
1.439036
1.551708
1.767677
1.922322
1.899280
1.814891
1.821403
1.911490
1.989587
1.982820
1.952983
2.000079
2.066466
1.994607
1.796605
1.616746
1.490628
1.350165
1.071348
0.596546
0.082374
-0.292766
-0.516974
-0.711956
-0.854518
-0.976646
-1.091471
-1.193626
-1.308941
-1.419507
-1.491444
-1.563527
-1.690740
-1.776878
-1.793335
-1.803379
-1.803265
-1.701025
-1.565414
-1.488245
-1.466375
-1.455331
-1.432347
-1.296047
-1.097610
-0.966433
-0.922395
-0.831254
-0.682592
-0.501371
-0.331423
-0.165259
-0.000940
0.184693
0.374189
0.555979
0.793820
1.032085
1.200655
1.324229
1.375256
1.291617
1.142955
1.096272
1.181595
1.234857
1.176767
1.121691
1.114731
1.164128
1.283640
1.405603
1.530842
1.666422
1.732731
1.670392
1.509457
1.382772
1.302848
1.136557
0.858133
0.560599
0.259219
-0.097351
-0.473829
-0.796458
-1.060706
-1.320173
-1.566134
-1.739938
-1.895318
-2.096706
-2.256899
-2.177753
-1.960532
-1.767904
-1.656063
-1.510725
-1.330883
-1.263968
-1.286778
-1.298296
-1.260821
-1.168418
-1.057229
-0.957296
-0.891349
-0.793808
-0.680396
-0.615708
-0.510563
-0.265234
0.022545
0.146422
0.211424
0.458248
0.862189
1.148117
1.334377
1.467931
1.574747
1.635445
1.663755
1.706260
1.727041
1.681432
1.541271
1.420556
1.379494
1.379693
1.295038
1.143027
1.142862
1.259433
1.137024
0.767391
0.454651
0.407578
0.463030
0.362885
0.073884
-0.221797
-0.386875
-0.490111
-0.620465
-0.776730
-0.921300
-1.003050
-1.070551
-1.182221
-1.298910
-1.328761
-1.377539
-1.468009
-1.508849
-1.489094
-1.482867
-1.472048
-1.367259
-1.221756
-1.166830
-1.214049
-1.242168
-1.172764
-1.089435
-1.065372
-1.042838
-0.956339
-0.839343
-0.744672
-0.629548
-0.499759
-0.301321
0.001339
0.358948
0.622312
0.798893
1.029425
1.348306
1.646748
1.783204
1.855030
2.039515
2.252428
2.258511
2.053577
1.912100
1.934651
1.911115
1.614202
1.202315
1.004796
1.028862
0.966309
0.698292
0.439410
0.418963
0.505024
0.397902
0.105089
-0.204444
-0.367914
-0.468448
-0.604972
-0.807897
-1.027053
-1.206873
-1.361752
-1.474494
-1.515217
-1.547436
-1.647990
-1.769432
-1.813348
-1.767244
-1.673050
-1.647272
-1.687452
-1.712115
-1.640137
-1.490909
-1.304292
-1.143790
-0.954533
-0.663792
-0.472334
-0.450897
-0.398514
-0.182672
0.073806
0.242761
0.366012
0.569998
0.822344
1.069170
1.262170
1.453147
1.572567
1.547801
1.373035
1.235410
1.302912
1.472174
1.499610
1.322109
1.177680
1.191127
1.241189
1.151766
0.999417
1.028234
1.145697
1.082518
0.889281
0.786734
0.715309
0.550683
0.276638
0.033943
-0.150365
-0.400124
-0.661669
-0.753096
-0.784189
-0.953265
-1.148670
-1.237645
-1.261561
-1.306177
-1.344774
-1.371062
-1.318661
-1.177931
-1.076961
-1.162454
-1.347294
-1.407360
-1.295151
-1.221859
-1.294151
-1.338818
-1.229563
-1.061100
-0.915239
-0.791238
-0.702946
-0.597424
-0.528228
-0.463294
-0.302730
-0.020588
0.282174
0.533480
0.749270
0.936291
1.034393
1.120478
1.253465
1.406435
1.496440
1.492144
1.404314
1.354331
1.376201
1.401484
1.398702
1.408762
1.404509
1.356823
1.247134
1.126074
1.071354
1.026642
0.954636
0.883442
0.729689
0.423967
0.186522
0.132731
0.064711
-0.152985
-0.504804
-0.935143
-1.198321
-1.246494
-1.269015
-1.408800
-1.527196
-1.543970
-1.569954
-1.635386
-1.626471
-1.515429
-1.374715
-1.327916
-1.353380
-1.404502
-1.400614
-1.328841
-1.260851
-1.282307
-1.249265
-1.136641
-1.043797
-0.976376
-0.790511
-0.505749
-0.279068
-0.154082
0.077347
0.403141
0.719938
0.975471
1.196669
1.449217
1.719370
1.940842
1.936172
1.697858
1.550414
1.635796
1.751044
1.767427
1.684902
1.588980
1.601207
1.646528
1.510693
1.240945
0.998783
0.828168
0.660730
0.495683
0.347211
0.175410
-0.089120
-0.383727
-0.634179
-0.813619
-0.904689
-0.934838
-1.021763
-1.200316
-1.392004
-1.450950
-1.341208
-1.192206
-1.173606
-1.331432
-1.529808
-1.548064
-1.466051
-1.385298
-1.261101
-1.110524
-0.992433
-0.933170
-0.870495
-0.850897
-0.924295
-1.020155
-1.083084
-1.049554
-0.851933
-0.559700
-0.279751
-0.032505
0.223893
0.470453
0.717732
0.887879
0.978480
1.010674
1.044931
1.099715
1.170100
1.208781
1.176842
1.051381
0.908187
0.841302
0.905358
1.063045
1.178186
1.191662
1.159303
1.179418
1.285869
1.403646
1.403187
1.287136
1.185659
1.098955
0.909750
0.666851
0.468969
0.267835
0.044234
-0.164264
-0.304913
-0.388412
-0.499608
-0.723576
-0.999232
-1.257047
-1.459401
-1.562729
-1.625150
-1.741067
-1.886589
-1.929514
-1.911070
-1.921161
-1.954097
-1.928732
-1.796088
-1.586241
-1.477774
-1.447861
-1.405095
-1.327804
-1.172784
-0.961454
-0.728089
-0.554529
-0.420581
-0.210326
0.067839
0.351752
0.596889
0.847520
1.097991
1.299426
1.423972
1.538883
1.689694
1.804152
1.843770
1.857740
1.889646
1.911007
1.948622
2.009619
2.052191
2.014881
1.891586
1.705327
1.461970
1.179614
0.904971
0.663826
0.494765
0.375279
0.213524
-0.027111
-0.211781
-0.254599
-0.246751
-0.332464
-0.577470
-0.951990
-1.327940
-1.560825
-1.709387
-1.878027
-2.083043
-2.226216
-2.230599
-2.091091
-1.843060
-1.628252
-1.556066
-1.583726
-1.592264
-1.538781
-1.401125
-1.277499
-1.175226
-1.090571
-1.025291
-1.002562
-0.897236
-0.568906
-0.131125
0.137312
0.211056
0.375106
0.727476
1.100975
1.337295
1.453148
1.576500
1.687639
1.670172
1.473266
1.198233
1.121866
1.318219
1.465946
1.417769
1.309538
1.202902
1.055774
0.935819
0.857990
0.793910
0.720277
0.618852
0.545106
0.542480
0.569755
0.613364
0.707816
0.784606
0.813925
0.738119
0.492483
0.179955
-0.082500
-0.436467
-0.904866
-1.242794
-1.346589
-1.524287
-1.816569
-1.898224
-1.748959
-1.713423
-1.908200
-2.054230
-1.958087
-1.648676
-1.324248
-1.101071
-0.834963
-0.547326
-0.405638
-0.506173
-0.676212
-0.707769
-0.684463
-0.756109
-0.899645
-0.915173
-0.810523
-0.679383
-0.547533
-0.337928
-0.085467
0.097765
0.280234
0.546070
0.915080
1.258485
1.535934
1.751319
1.923039
2.142837
2.314919
2.260138
2.070515
1.892698
1.734632
1.533155
1.385782
1.303004
1.134988
0.885842
0.731107
0.715756
0.703238
0.582224
0.290224
-0.037922
-0.249532
-0.318100
-0.384259
-0.476311
-0.514776
-0.512786
-0.563188
-0.753734
-1.055617
-1.338090
-1.591324
-1.868484
-2.097974
-2.151030
-2.076845
-2.084341
-2.159819
-2.121019
-1.909265
-1.611049
-1.334570
-1.068055
-0.802589
-0.597102
-0.512439
-0.415447
-0.272730
-0.145707
-0.076574
-0.016362
0.074809
0.166369
0.287133
0.426833
0.541642
0.685173
0.852485
0.977514
1.095544
1.280808
1.439811
1.529710
1.694252
1.997931
2.259707
2.302348
2.112404
1.813656
1.553816
1.389402
1.353428
1.296465
1.046941
0.708562
0.462475
0.269145
0.005757
-0.348145
-0.650827
-0.849965
-1.075849
-1.266109
-1.321249
-1.361915
-1.358319
-1.238753
-1.036721
-0.829573
-0.647719
-0.644930
-0.865918
-1.068017
-1.060444
-0.966698
-0.995342
-1.149886
-1.307995
-1.366518
-1.356777
-1.380778
-1.402948
-1.298069
-1.105215
-0.918360
-0.822195
-0.739595
-0.612894
-0.367825
-0.048585
0.198268
0.348744
0.480804
0.597232
0.625105
0.706593
0.956432
1.229081
1.331433
1.274425
1.239093
1.348187
1.541292
1.660009
1.592513
1.364292
1.106950
0.984913
1.012080
1.068525
1.022766
0.895389
0.825595
0.760911
0.666993
0.614453
0.632432
0.603758
0.394551
0.126298
-0.089378
-0.283645
-0.493881
-0.638247
-0.708616
-0.793294
-0.967377
-1.214866
-1.420723
-1.498006
-1.538777
-1.657856
-1.734285
-1.621631
-1.398461
-1.322892
-1.474132
-1.569028
-1.312181
-0.920655
-0.762861
-0.819584
-0.901565
-0.858134
-0.703208
-0.532104
-0.404445
-0.323024
-0.288728
-0.289524
-0.220243
-0.008869
0.256029
0.411822
0.561067
0.884372
1.202451
1.226704
1.133599
1.173877
1.387597
1.600743
1.655136
1.539999
1.494815
1.637845
1.710221
1.523431
1.281443
1.227849
1.249310
1.153149
0.893285
0.576951
0.269583
-0.026342
-0.272091
-0.495480
-0.699328
-0.710298
-0.549789
-0.475258
-0.595651
-0.760065
-0.931320
-1.130950
-1.220699
-1.144467
-1.096837
-1.181160
-1.325036
-1.488377
-1.610503
-1.652214
-1.611647
-1.438571
-1.168971
-1.067723
-1.196001
-1.246847
-1.064729
-0.811738
-0.724335
-0.838622
-0.942563
-0.818927
-0.493491
-0.242023
-0.120444
-0.009755
0.202093
0.469932
0.592817
0.518449
0.461910
0.628547
0.918853
1.142305
1.203110
1.161606
1.186957
1.331816
1.550900
1.706672
1.779541
1.836238
1.851626
1.781740
1.614269
1.416216
1.167623
0.888816
0.571740
0.204509
-0.123876
-0.313263
-0.338559
-0.342494
-0.395913
-0.446569
-0.498854
-0.648181
-0.904638
-1.168683
-1.406728
-1.655510
-1.977952
-2.203929
-2.103259
-1.747095
-1.442419
-1.397084
-1.503663
-1.599028
-1.643995
-1.653236
-1.610124
-1.451819
-1.225968
-1.067735
-0.912036
-0.783869
-0.759359
-0.847501
-0.878323
-0.774806
-0.631899
-0.549869
-0.525271
-0.445402
-0.273593
-0.049829
0.143272
0.331823
0.515986
0.668699
0.852140
1.109703
1.344221
1.521152
1.738498
1.952082
1.921023
1.697635
1.535736
1.490927
1.454247
1.439337
1.363266
1.063607
0.677561
0.345017
0.090366
-0.068247
-0.266465
-0.594045
-0.839902
-0.814033
-0.668910
-0.716857
-0.967819
-1.148737
-1.224861
-1.374549
-1.736624
-2.110127
-2.311508
-2.403057
-2.489310
-2.483770
-2.352915
-2.205314
-2.107861
-2.107697
-2.180474
-2.171690
-2.073482
-1.961521
-1.734173
-1.381308
-1.160684
-1.127244
-1.032482
-0.778821
-0.508915
-0.294207
-0.034211
0.264037
0.504964
0.605309
0.629552
0.722297
0.800049
0.764315
0.678964
0.743550
0.933783
1.060508
1.043312
1.067908
1.171496
1.150696
0.852028
0.483520
0.343411
0.352816
0.250091
0.032638
-0.108994
-0.060626
-0.040196
-0.219980
-0.437078
-0.560128
-0.678578
-0.876809
-1.125141
-1.233467
-1.111462
-0.979917
-1.056454
-1.256385
-1.407623
-1.559062
-1.757486
-1.995696
-2.195614
-2.302831
-2.389573
-2.456822
-2.412784
-2.239998
-2.011164
-1.814567
-1.611111
-1.337744
-1.055588
-0.920460
-1.024121
-1.171621
-1.128156
-0.882228
-0.675817
-0.659422
-0.741003
-0.776218
-0.750250
-0.746727
-0.812426
-0.887203
-0.834435
-0.591657
-0.266101
0.018258
0.191415
0.290188
0.373675
0.439761
0.586460
0.807355
0.910452
0.952774
1.077630
1.207144
1.138925
0.842055
0.475034
0.240618
0.151221
0.065073
-0.126300
-0.300609
-0.322447
-0.314188
-0.341444
-0.369580
-0.403639
-0.459266
-0.549470
-0.646121
-0.784637
-0.951136
-1.083902
-1.235303
-1.515859
-1.844364
-2.100041
-2.321185
-2.543617
-2.702777
-2.743909
-2.666650
-2.509858
-2.386750
-2.222492
-1.870046
-1.456112
-1.173504
-1.094071
-1.056755
-0.946696
-0.830572
-0.708206
-0.555960
-0.340688
-0.129723
0.037036
0.125596
0.166944
0.270767
0.457762
0.608035
0.599052
0.414149
0.320552
0.445445
0.585086
0.653623
0.694927
0.701067
0.693990
0.697460
0.752180
0.737780
0.504739
0.092193
-0.324071
-0.707776
-1.007212
-1.225963
-1.448836
-1.785027
-2.002840
-1.900892
-1.597166
-1.430093
-1.404066
-1.283719
-0.993186
-0.739927
-0.596177
-0.536914
-0.701376
-0.903976
-0.899714
-0.832230
-0.933405
-1.073653
-1.150259
-1.188217
-1.171796
-1.041979
-0.873949
-0.814987
-1.000148
-1.303846
-1.468886
-1.421270
-1.334214
-1.243206
-1.180328
-1.166139
-1.195053
-1.250755
-1.147128
-0.834012
-0.564483
-0.419111
-0.378272
-0.415799
-0.401224
-0.215637
-0.037252
0.004614
0.095181
0.287839
0.355768
0.241502
0.202173
0.407865
0.744303
1.016761
1.150900
1.176604
1.212719
1.280431
1.267999
1.101493
0.887082
0.731652
0.580130
0.417774
0.253918
0.082653
-0.100381
-0.361154
-0.694996
-1.041002
-1.365407
-1.805175
-2.257368
-2.513797
-2.559572
-2.620607
-2.678906
-2.637950
-2.535729
-2.453575
-2.361352
-2.146053
-1.826810
-1.630604
-1.685688
-1.773411
-1.780000
-1.728579
-1.702963
-1.769874
-1.811535
-1.668718
-1.316481
-0.962851
-0.673089
-0.429278
-0.197709
0.085283
0.474491
0.890662
1.202604
1.369646
1.413887
1.397318
1.409702
1.484191
1.599014
1.721976
1.704348
1.473823
1.151699
0.885156
0.680605
0.515360
0.313979
0.071091
-0.219205
-0.578001
-0.875097
-0.996752
-1.074434
-1.300775
-1.557602
-1.643585
-1.757635
-2.032372
-2.299338
-2.479942
-2.681104
-2.820207
-2.734974
-2.565937
-2.476358
-2.447518
-2.379786
-2.169844
-1.868956
-1.651263
-1.385872
-0.923202
-0.351957
0.145345
0.403177
0.434427
0.357131
0.280171
0.135859
-0.104458
-0.380780
-0.659139
-0.860445
-0.988690
-1.122159
-1.205358
-1.126741
-0.911551
-0.704155
-0.561857
-0.442358
-0.377744
-0.386688
-0.313316
-0.121905
0.114643
0.291534
0.446632
0.634597
0.677921
0.534499
0.354515
0.268696
0.281805
0.156958
-0.128399
-0.414651
-0.587697
-0.608140
-0.606304
-0.708519
-0.814633
-0.767811
-0.637170
-0.615930
-0.695292
-0.739694
-0.763479
-0.885339
-1.066701
-1.184732
-1.311653
-1.582845
-1.870579
-1.952365
-1.912645
-1.978213
-2.093866
-2.121800
-2.100698
-2.037626
-2.045432
-2.156454
-2.224634
-2.120797
-1.878897
-1.538630
-1.089642
-0.749671
-0.630460
-0.467085
-0.112352
0.268926
0.572884
0.754928
0.781847
0.849255
0.942400
0.909115
0.723529
0.510774
0.310409
0.143983
0.152014
0.322768
0.511424
0.644072
0.680394
0.649400
0.641501
0.658390
0.630376
0.600529
0.646067
0.760396
0.836759
0.820012
0.753567
0.607957
0.358722
0.016195
-0.293374
-0.492431
-0.726404
-1.100164
-1.442049
-1.662466
-1.813000
-2.001318
-2.257843
-2.507907
-2.665831
-2.739577
-2.729201
-2.592139
-2.318646
-1.971772
-1.650440
-1.367042
-1.024339
-0.706845
-0.535887
-0.563552
-0.598768
-0.508595
-0.353141
-0.291886
-0.363150
-0.491863
-0.563860
-0.442305
-0.203979
-0.091294
-0.103376
-0.093800
-0.083034
-0.087574
-0.048765
0.023354
0.165384
0.374074
0.596525
0.689145
0.729829
0.818840
0.842760
0.726511
0.621063
0.463676
0.240003
-0.005964
-0.325274
-0.676323
-0.882817
-1.034382
-1.283668
-1.534729
-1.557682
-1.402108
-1.258184
-1.160455
-1.076304
-0.982235
-0.901269
-0.889779
-0.920459
-0.887227
-0.834381
-0.869725
-0.946467
-0.983876
-0.865309
-0.710490
-0.781770
-1.035526
-1.161006
-1.169072
-1.253551
-1.415750
-1.521188
-1.348756
-0.986430
-0.774234
-0.739007
-0.680298
-0.519438
-0.300933
-0.169719
-0.196400
-0.289872
-0.295610
-0.016840
0.311594
0.374903
0.270839
0.344477
0.595618
0.659421
0.457089
0.300411
0.380316
0.470198
0.345285
0.078680
-0.103957
-0.110978
-0.121677
-0.287912
-0.484540
-0.538335
-0.476105
-0.384467
-0.293665
-0.263765
-0.282326
-0.313361
-0.365869
-0.437183
-0.661154
-1.035978
-1.440298
-1.720102
-1.754521
-1.687702
-1.788359
-1.919886
-1.834900
-1.471021
-1.130752
-1.126986
-1.413953
-1.690468
-1.786310
-1.719720
-1.640559
-1.736336
-1.855410
-1.727007
-1.447059
-1.278027
-1.271545
-1.194278
-0.954914
-0.700097
-0.512370
-0.281625
0.052922
0.252843
0.212154
0.112642
0.019543
-0.102325
-0.266848
-0.365562
-0.183970
0.208396
0.535742
0.584938
0.393798
0.170391
0.097927
0.143296
0.087400
-0.110921
-0.229188
-0.170579
-0.006452
0.111405
0.126365
0.152115
0.215098
0.084946
-0.357353
-0.778192
-0.965729
-1.010234
-1.085230
-1.199080
-1.282839
-1.205292
-1.053106
-0.958628
-0.896381
-0.849243
-0.770195
-0.770973
-0.899780
-1.090387
-1.146599
-1.067039
-0.989702
-0.936869
-0.939760
-0.988835
-1.076367
-1.112765
-1.073770
-0.953093
-0.850549
-0.845590
-0.794101
-0.596717
-0.439893
-0.449115
-0.583232
-0.615222
-0.450771
-0.296458
-0.270016
-0.283483
-0.165305
0.089445
0.289521
0.289039
0.117304
-0.047890
-0.067670
-0.079748
-0.179520
-0.296662
-0.327191
-0.157788
0.112864
0.311587
0.455106
0.583982
0.644685
0.541888
0.281929
-0.021268
-0.223887
-0.328313
-0.425902
-0.465803
-0.507146
-0.542061
-0.531962
-0.462696
-0.346953
-0.291492
-0.295308
-0.296514
-0.358882
-0.494751
-0.669763
-0.806238
-0.819117
-0.782825
-0.887305
-1.032912
-0.952367
-0.783011
-0.862723
-1.099775
-1.182391
-1.111304
-1.183346
-1.437343
-1.617686
-1.676933
-1.709586
-1.685401
-1.643746
-1.630787
-1.737808
-1.861243
-1.697243
-1.248106
-0.852579
-0.685802
-0.526314
-0.168511
0.245746
0.515512
0.649325
0.775536
0.949067
1.109181
1.147299
1.092123
1.120207
1.257700
1.387268
1.309078
1.032722
0.628872
0.234409
0.001673
-0.087498
-0.193638
-0.381209
-0.515474
-0.483684
-0.366040
-0.324436
-0.336521
-0.276875
-0.141813
-0.110303
-0.356194
-0.746301
-0.957889
-0.913823
-0.880376
-1.070307
-1.459613
-1.850434
-1.998576
-1.935775
-1.868299
-1.912075
-1.945107
-1.851217
-1.690886
-1.527650
-1.429786
-1.378336
-1.085120
-0.583692
-0.289808
-0.346991
-0.479063
-0.409362
-0.081312
0.370407
0.755603
0.966321
0.986899
0.945041
0.923545
0.900325
0.806022
0.701632
0.568855
0.454677
0.371679
0.293738
0.283652
0.349962
0.370423
0.357327
0.293811
0.040753
-0.373363
-0.722825
-0.794942
-0.667987
-0.573588
-0.588038
-0.626463
-0.707177
-0.794408
-0.746978
-0.528282
-0.286773
-0.128818
-0.067159
-0.093502
-0.146918
-0.119244
-0.077351
-0.067419
-0.070894
-0.077384
-0.165658
-0.337892
-0.533277
-0.631362
-0.672002
-0.878890
-1.213844
-1.425538
-1.452467
-1.505806
-1.664405
-1.819241
-1.815220
-1.620125
-1.449058
-1.427976
-1.559146
-1.694037
-1.681034
-1.471754
-1.242841
-1.139115
-1.181195
-1.243338
-1.100677
-0.809497
-0.735452
-0.936971
-1.091520
-0.944634
-0.643964
-0.458200
-0.260184
0.177453
0.666251
1.016386
1.252449
1.393474
1.415822
1.438331
1.411267
1.271057
1.201736
1.230896
1.199137
1.130012
1.035369
0.861735
0.623855
0.223483
-0.294575
-0.679345
-0.843702
-0.923915
-1.041090
-1.210502
-1.418098
-1.566512
-1.551084
-1.482104
-1.511194
-1.609397
-1.715753
-1.726639
-1.650892
-1.593717
-1.605611
-1.715668
-1.833541
-1.911959
-2.067642
-2.417740
-2.642975
-2.483874
-2.136437
-1.888168
-1.702302
-1.367014
-0.960894
-0.647762
-0.375407
-0.024300
0.313731
0.553848
0.760853
0.960788
1.146985
1.356859
1.481178
1.457822
1.373569
1.291428
1.140481
0.861935
0.639713
0.537172
0.378560
0.195018
0.095028
0.055878
0.000860
-0.076741
-0.145971
-0.123982
-0.077620
-0.151496
-0.280343
-0.270874
-0.147326
-0.111664
-0.142754
-0.237766
-0.443057
-0.750983
-1.048709
-1.265840
-1.443139
-1.639196
-1.828848
-1.931066
-1.936422
-1.907267
-1.922471
-2.021535
-2.225066
-2.311683
-2.084157
-1.604421
-1.156219
-1.031136
-1.091565
-0.984326
-0.698280
-0.525295
-0.492028
-0.405884
-0.230462
-0.030706
-0.008357
-0.300734
-0.661844
-0.823064
-0.890952
-0.990277
-1.056525
-0.981077
-0.877217
-0.809990
-0.722302
-0.499008
-0.187747
0.042443
0.094053
0.115810
0.237181
0.353413
0.416007
0.532719
0.721056
0.859724
0.890036
0.832932
0.771539
0.759875
0.744470
0.729969
0.701772
0.558285
0.317288
0.035316
-0.163368
-0.268406
-0.359868
-0.536562
-0.771699
-0.914636
-0.965480
-1.018647
-1.164442
-1.315857
-1.306472
-1.300197
-1.441938
-1.680506
-1.875582
-1.959899
-2.083768
-2.358853
-2.660133
-2.926847
-3.060436
-2.999728
-2.800203
-2.573797
-2.380447
-2.161390
-1.825181
-1.425743
-1.201213
-1.151566
-0.992237
-0.716250
-0.559839
-0.397766
-0.078749
0.281640
0.555805
0.823144
1.129008
1.311609
1.384455
1.491023
1.643463
1.704073
1.621242
1.526358
1.521863
1.475202
1.257369
0.976541
0.899399
0.937399
0.802940
0.466584
0.008749
-0.447470
-0.809640
-1.044138
-1.216767
-1.461237
-1.726582
-1.824452
-1.795803
-1.773519
-1.791636
-1.778037
-1.712943
-1.555246
-1.270319
-1.150056
-1.391976
-1.758508
-1.855682
-1.719450
-1.583239
-1.503205
-1.395097
-1.318596
-1.368289
-1.383196
-1.252799
-1.124479
-1.053335
-0.893756
-0.627989
-0.428647
-0.340554
-0.290058
-0.331812
-0.506314
-0.599691
-0.485096
-0.267957
-0.039887
0.132456
0.270149
0.361737
0.308218
0.119759
-0.034034
-0.063310
-0.050789
-0.062675
-0.063172
0.019576
0.092681
0.140693
0.261153
0.397835
0.406951
0.285174
0.115696
-0.005928
0.061835
0.258976
0.392169
0.401017
0.393706
0.358889
0.085577
-0.308800
-0.478417
-0.500760
-0.712034
-1.051928
-1.139396
-0.981522
-0.962680
-1.370612
-1.929727
-2.196286
-2.263593
-2.406462
-2.540635
-2.422379
-2.173713
-2.079517
-2.075140
-2.013194
-1.898216
-1.720068
-1.475900
-1.269187
-1.258567
-1.422317
-1.455252
-1.341839
-1.313756
-1.310402
-1.126527
-0.882526
-0.727398
-0.637945
-0.609923
-0.569576
-0.402861
-0.095675
0.212911
0.504182
0.819129
1.037214
1.148304
1.091347
0.874584
0.787558
0.966020
1.135056
1.042096
0.898403
0.932837
0.989542
0.973395
0.970601
0.947198
0.773647
0.364935
-0.197012
-0.627837
-0.869516
-1.021485
-1.201900
-1.425537
-1.594158
-1.615919
-1.559814
-1.583580
-1.667591
-1.662024
-1.595504
-1.675933
-1.940350
-2.236387
-2.337306
-2.272202
-2.282084
-2.451228
-2.445476
-2.033228
-1.573517
-1.298603
-1.160264
-0.960459
-0.713342
-0.652059
-0.736626
-0.720830
-0.542228
-0.391697
-0.519558
-0.703884
-0.497225
0.001841
0.311681
0.309472
0.308447
0.440954
0.554001
0.539064
0.507198
0.557586
0.656511
0.698588
0.655907
0.660316
0.756982
0.843576
0.766173
0.685772
0.782684
0.899732
0.821272
0.653959
0.490980
0.329198
0.156282
-0.106337
-0.435818
-0.692600
-0.800873
-0.840036
-0.850045
-0.842901
-0.851634
-0.924679
-1.071839
-1.314057
-1.609634
-1.852668
-1.928089
-1.884749
-1.921510
-1.999991
-1.985364
-1.910076
-1.946699
-2.053825
-2.038166
-1.903773
-1.784739
-1.714180
-1.606767
-1.349579
-0.941342
-0.582564
-0.413087
-0.264250
0.020241
0.345882
0.487544
0.458492
0.449010
0.533420
0.629673
0.547766
0.313954
0.077955
-0.184532
-0.497617
-0.646394
-0.539586
-0.331796
-0.166748
0.000899
0.169179
0.256297
0.284491
0.313237
0.354944
0.371281
0.348993
0.174925
-0.089374
-0.281191
-0.367626
-0.402870
-0.482964
-0.580902
-0.570441
-0.588467
-0.892675
-1.298143
-1.490631
-1.492007
-1.602848
-1.893203
-2.096219
-2.066903
-1.938629
-1.878095
-1.915273
-1.855679
-1.661659
-1.530531
-1.512420
-1.503684
-1.465813
-1.482949
-1.532586
-1.570142
-1.570997
-1.584772
-1.653231
-1.707612
-1.574601
-1.193250
-0.608089
-0.023551
0.288942
0.395762
0.537814
0.734406
0.699523
0.403291
0.185361
0.266484
0.407529
0.328336
0.155466
0.151184
0.353609
0.586926
0.650964
0.591268
0.576816
0.629576
0.628038
0.506649
0.382262
0.303778
0.191922
-0.011068
-0.314719
-0.638182
-0.877752
-0.997618
-1.123147
-1.333150
-1.614820
-1.905058
-2.093225
-2.133271
-2.127740
-2.166955
-2.252045
-2.312664
-2.336858
-2.360811
-2.225150
-1.839042
-1.435722
-1.265413
-1.315956
-1.358815
-1.237754
-1.055844
-0.997100
-0.965660
-0.795531
-0.622493
-0.580455
-0.450352
-0.202696
-0.076794
-0.073421
-0.019111
0.094833
0.130802
0.047499
0.014129
0.092956
0.075252
-0.042626
-0.007009
0.207384
0.369110
0.332294
0.149065
0.040580
0.093292
0.113254
0.065847
-0.083995
-0.393963
-0.831853
-1.093447
-1.050126
-0.897096
-0.823189
-0.727014
-0.591763
-0.508777
-0.377199
-0.220585
-0.055641
0.206719
0.364561
0.205728
-0.017611
0.093664
0.393504
0.375693
0.094254
-0.028153
-0.064883
-0.314940
-0.688376
-0.897077
-1.019578
-1.224526
-1.427174
-1.467896
-1.482583
-1.582562
-1.607831
-1.533435
-1.452230
-1.413875
-1.421836
-1.446733
-1.441958
-1.383513
-1.291515
-1.231759
-1.131038
-0.943606
-0.777183
-0.710806
-0.677711
-0.617734
-0.519600
-0.412550
-0.333891
-0.290441
-0.244584
-0.081075
0.227910
0.524686
0.685890
0.665222
0.613812
0.709707
0.761975
0.597418
0.433249
0.388895
0.295994
0.064808
-0.112989
-0.075574
0.081366
0.004425
-0.252908
-0.429881
-0.450777
-0.415592
-0.364739
-0.374231
-0.552551
-0.813555
-1.009486
-1.088688
-1.185753
-1.366219
-1.422342
-1.314100
-1.276230
-1.372944
-1.405137
-1.225595
-1.040984
-1.066439
-1.220775
-1.281317
-1.225090
-1.132588
-0.909693
-0.651933
-0.534821
-0.532757
-0.529846
-0.627320
-0.659561
-0.428200
-0.191956
-0.268621
-0.373898
-0.259840
-0.105550
-0.147424
-0.291924
-0.281058
0.000947
0.289053
0.212111
-0.065942
-0.141871
0.024052
0.166573
0.078118
-0.208649
-0.429907
-0.410048
-0.280475
-0.202580
-0.103050
0.051645
0.165063
0.081684
-0.080178
-0.176169
-0.152918
-0.104890
-0.187743
-0.397930
-0.646568
-0.870133
-0.919491
-0.881940
-0.947305
-1.023167
-0.930005
-0.683628
-0.514202
-0.446422
-0.412252
-0.478523
-0.636263
-0.717690
-0.634972
-0.447645
-0.277589
-0.206705
-0.123570
-0.031200
0.013485
-0.025607
-0.170053
-0.363162
-0.544245
-0.709843
-0.872201
-1.113329
-1.415665
-1.580566
-1.437906
-1.113785
-0.889928
-0.874050
-0.826812
-0.574770
-0.325374
-0.283221
-0.351521
-0.320605
-0.218088
-0.239219
-0.454105
-0.775867
-0.947844
-0.758488
-0.512042
-0.499689
-0.467633
-0.194104
0.128309
0.180207
0.013550
-0.102184
-0.139244
-0.147321
-0.135130
-0.062774
0.028813
0.063705
-0.006504
-0.064664
-0.040060
0.017009
-0.037286
-0.268123
-0.531092
-0.706914
-0.701111
-0.604682
-0.525597
-0.516221
-0.624966
-0.805482
-0.966114
-1.021983
-0.978807
-0.917742
-0.881823
-0.897397
-0.880623
-0.794462
-0.760640
-0.838117
-0.961942
-1.089625
-1.153505
-1.061695
-1.012409
-1.097647
-1.104318
-0.986006
-0.810586
-0.628716
-0.424925
-0.183147
-0.046203
-0.066180
-0.191168
-0.361335
-0.393773
-0.141572
0.227814
0.403085
0.300848
0.086265
0.029810
0.160255
0.279749
0.277871
0.231797
0.174776
0.116643
0.083033
0.059021
0.119413
0.283576
0.356678
0.300028
0.173621
0.031261
-0.089699
-0.204048
-0.387122
-0.634914
-0.757934
-0.743405
-0.789777
-0.982523
-1.251142
-1.433329
-1.381703
-1.196263
-1.130875
-1.190588
-1.182370
-1.047453
-0.882888
-0.832970
-0.795698
-0.664437
-0.569660
-0.588472
-0.622948
-0.677878
-0.838243
-0.922796
-0.709634
-0.405427
-0.364196
-0.562633
-0.654069
-0.563621
-0.545789
-0.637130
-0.636855
-0.608750
-0.541948
-0.411244
-0.295775
-0.104261
0.103815
0.152167
0.061198
0.018652
0.130593
0.237468
0.223618
0.160731
0.075555
-0.136725
-0.487263
-0.809694
-0.933849
-0.873987
-0.886305
-1.009456
-1.101901
-1.035880
-0.981916
-1.004980
-0.880970
-0.599754
-0.406650
-0.398404
-0.553538
-0.669163
-0.569508
-0.299070
-0.043279
0.008524
-0.123059
-0.250007
-0.301178
-0.388459
-0.620480
-0.964208
-1.307422
-1.471555
-1.436973
-1.408375
-1.436762
-1.440868
-1.478465
-1.502309
-1.485620
-1.456018
-1.399731
-1.202598
-0.965230
-0.749159
-0.562182
-0.425083
-0.242776
-0.088560
-0.083084
-0.153014
-0.166088
-0.118237
-0.075322
-0.093713
-0.055200
0.076234
0.031832
-0.224166
-0.520502
-0.690257
-0.732464
-0.770541
-0.883773
-0.935518
-0.757188
-0.408732
-0.134355
-0.060304
-0.071468
-0.040997
0.076737
0.245531
0.283579
0.110608
-0.100013
-0.233793
-0.340193
-0.500164
-0.667417
-0.783380
-0.889401
-0.990100
-1.009802
-0.991452
-1.019720
-1.083416
-1.146200
-1.326600
-1.650313
-1.788152
-1.552979
-1.264964
-1.225910
-1.439526
-1.629285
-1.536203
-1.272972
-1.031767
-0.956041
-0.915615
-0.775971
-0.583913
-0.553640
-0.743331
-0.989186
-1.034773
-0.896448
-0.799777
-0.775112
-0.645353
-0.298689
0.094129
0.369038
0.555104
0.702043
0.669739
0.423560
0.160612
-0.068719
-0.277273
-0.529642
-0.785863
-0.885312
-0.810230
-0.842253
-0.957030
-0.907048
-0.712099
-0.638242
-0.629871
-0.427530
-0.051922
0.226008
0.248003
0.160693
0.096869
-0.039594
-0.272263
-0.490167
-0.668115
-0.833165
-0.980613
-0.981496
-0.856186
-0.756749
-0.661499
-0.629862
-0.765350
-1.000183
-1.112436
-1.120788
-1.154080
-1.167606
-1.078592
-0.946617
-0.885708
-0.879944
-0.834016
-0.796324
-0.886982
-1.045499
-1.131720
-1.161258
-1.258685
-1.405217
-1.489279
-1.460443
-1.532143
-1.650531
-1.545909
-1.213636
-0.924862
-0.827921
-0.701811
-0.369347
-0.076219
-0.000212
-0.146379
-0.301380
-0.279560
-0.062431
0.053353
-0.199081
-0.513067
-0.542049
-0.336261
-0.155899
-0.108917
-0.047091
0.037875
0.097901
0.149850
0.195771
0.195234
0.121949
-0.061733
-0.261988
-0.357106
-0.346757
-0.299574
-0.274361
-0.307139
-0.453770
-0.680040
-0.888986
-0.959308
-0.922366
-0.916958
-0.908069
-0.896396
-0.874021
-0.824183
-0.828400
-0.993619
-1.055132
-0.807289
-0.544884
-0.517127
-0.604723
-0.641617
-0.680317
-0.727998
-0.713043
-0.688447
-0.666544
-0.735540
-0.884368
-0.912214
-0.683507
-0.417235
-0.231578
-0.100467
0.024845
0.218317
0.398770
0.588086
0.643260
0.341560
-0.082368
-0.223949
-0.130119
-0.125946
-0.179399
-0.128785
-0.030282
-0.020733
-0.047904
-0.031225
-0.059429
-0.301040
-0.709902
-0.958366
-0.830201
-0.472367
-0.112973
0.000960
-0.041536
0.051088
0.297360
0.508155
0.451998
0.226837
-0.047236
-0.258482
-0.450844
-0.581717
-0.596965
-0.590916
-0.698342
-0.875215
-0.917048
-0.840961
-0.822220
-0.910797
-1.016014
-1.118262
-1.181144
-1.260043
-1.299897
-1.241374
-1.245393
-1.380641
-1.538637
-1.687217
-1.844009
-1.961952
-1.918987
-1.671206
-1.411610
-1.306773
-1.301753
-1.256875
-1.224655
-1.261125
-1.305976
-1.123398
-0.633187
-0.197864
0.009479
0.279653
0.690718
0.992239
1.037968
0.973638
1.101127
1.232348
1.127868
0.881365
0.855798
0.925113
0.817897
0.591089
0.359228
0.170177
-0.008923
-0.281089
-0.623864
-0.880212
-0.999896
-1.152053
-1.348010
-1.430081
-1.465716
-1.542915
-1.559190
-1.534080
-1.610293
-1.781701
-1.932326
-1.969913
-2.017617
-2.180462
-2.318977
-2.367332
-2.381260
-2.293730
-2.157285
-2.087274
-2.022306
-1.907279
-1.758780
-1.514061
-1.074712
-0.606563
-0.258113
-0.039952
0.140682
0.413837
0.765817
1.033799
1.201953
1.216376
1.128477
0.993234
0.821447
0.709581
0.665629
0.502781
0.242799
0.101149
0.110834
0.188383
0.209818
0.173342
0.112731
0.117868
0.170790
0.157222
0.078061
0.029656
0.078303
0.198276
0.284042
0.236883
0.103241
-0.042876
-0.199640
-0.379164
-0.636859
-0.880961
-1.061877
-1.319341
-1.645970
-1.881044
-1.954676
-1.984103
-1.992210
-1.920084
-1.803384
-1.756738
-1.704982
-1.477522
-1.214614
-1.168272
-1.206613
-1.053837
-0.870399
-0.886847
-1.021443
-1.129248
-1.163836
-1.022520
-0.736735
-0.476647
-0.421488
-0.572624
-0.822414
-0.990411
-1.040293
-1.103054
-1.174877
-1.193770
-1.106010
-0.992166
-0.985927
-0.999905
-0.823808
-0.595917
-0.519595
-0.405536
-0.147109
0.094596
0.199881
0.333396
0.530391
0.540969
0.304050
0.025586
-0.135183
-0.279637
-0.361339
-0.349294
-0.322425
-0.313997
-0.369856
-0.467444
-0.581602
-0.702330
-0.776954
-0.841769
-1.056561
-1.332592
-1.316037
-0.984564
-0.700103
-0.718228
-0.985841
-1.223273
-1.276301
-1.206082
-1.128943
-1.155020
-1.338370
-1.690016
-2.026907
-2.171033
-2.060170
-1.738288
-1.466992
-1.498518
-1.685885
-1.720533
-1.546480
-1.329633
-1.164138
-1.011041
-0.766396
-0.430971
-0.193266
-0.132944
-0.087868
0.037745
0.165794
0.168690
0.152594
0.267263
0.436110
0.481309
0.440308
0.493118
0.634721
0.795364
0.857078
0.864095
0.926920
1.002955
1.012026
1.005082
1.074054
1.034570
0.779882
0.558989
0.485352
0.390312
0.145601
-0.056567
-0.116080
-0.053235
-0.042088
-0.241445
-0.594775
-0.963146
-1.136959
-1.198477
-1.365085
-1.682183
-1.854706
-1.719080
-1.567368
-1.712253
-2.041791
-2.252517
-2.177466
-2.011125
-2.047621
-2.286097
-2.534480
-2.652546
-2.726170
-2.760522
-2.749550
-2.612315
-2.302360
-1.974502
-1.758473
-1.510218
-1.150164
-0.739335
-0.309901
0.015917
0.189518
0.297590
0.512033
0.844610
1.074282
1.001690
0.797769
0.735106
0.829643
0.862313
0.704640
0.588042
0.726977
0.902375
0.820397
0.562232
0.350762
0.258136
0.202462
0.004933
-0.347281
-0.590501
-0.584447
-0.529181
-0.561162
-0.589965
-0.626202
-0.602603
-0.642228
-0.852490
-0.961860
-0.899053
-0.948354
-1.258717
-1.550722
-1.650541
-1.573921
-1.408590
-1.302278
-1.328124
-1.241143
-0.984807
-0.813600
-0.886268
-1.012400
-0.981732
-0.755240
-0.624233
-0.939982
-1.458196
-1.688419
-1.676701
-1.709271
-1.837942
-1.864898
-1.743898
-1.584167
-1.354876
-1.096254
-0.891492
-0.745112
-0.577039
-0.270320
0.143482
0.401357
0.420475
0.379067
0.489161
0.776545
0.990116
0.968107
0.923095
1.052299
1.209512
1.134253
0.942673
0.876955
0.763289
0.425027
0.055997
-0.116789
-0.225254
-0.404644
-0.580187
-0.605975
-0.487315
-0.473337
-0.731625
-1.060717
-1.153220
-1.097922
-1.070898
-1.015565
-0.902452
-0.854679
-0.851037
-0.903373
-1.016689
-1.106437
-1.089504
-1.074922
-1.122396
-1.245449
-1.375325
-1.624707
-1.895296
-1.949579
-1.909327
-1.997215
-2.179959
-2.208256
-2.000598
-1.748089
-1.614852
-1.448340
-1.183220
-0.898835
-0.608329
-0.248281
0.175996
0.602113
0.842605
0.753299
0.684699
0.942364
1.178032
1.094369
0.951333
0.794753
0.635734
0.596236
0.562042
0.412192
0.303988
0.287097
0.292204
0.282419
0.268894
0.149832
-0.085971
-0.230794
-0.318701
-0.491586
-0.698140
-0.755157
-0.777715
-0.859112
-0.842207
-0.776366
-0.922536
-1.121213
-1.131889
-1.210858
-1.486713
-1.762768
-1.904237
-1.965337
-2.039380
-2.029209
-1.975204
-1.954633
-1.933039
-1.916872
-1.828465
-1.636361
-1.468209
-1.425259
-1.372773
-1.215260
-1.037200
-1.015399
-1.212547
-1.417896
-1.451903
-1.308852
-1.126219
-0.985721
-0.819581
-0.609408
-0.530686
-0.549166
-0.447661
-0.238695
-0.066973
-0.098967
-0.237371
-0.192889
-0.056907
0.046425
0.165270
0.242469
0.224979
0.254564
0.422140
0.596286
0.548497
0.295574
0.051809
-0.017614
-0.023893
-0.010867
0.058081
0.040822
-0.158024
-0.352322
-0.458734
-0.677597
-1.009939
-1.182140
-1.229954
-1.252444
-1.348902
-1.618652
-1.849519
-1.816100
-1.685110
-1.641156
-1.606356
-1.598507
-1.610433
-1.537935
-1.365520
-1.219904
-1.122260
-1.051307
-0.955652
-0.841037
-0.716895
-0.714702
-0.810972
-0.917716
-0.852394
-0.566485
-0.377992
-0.529242
-0.743006
-0.826018
-0.758367
-0.686190
-0.667165
-0.582172
-0.404430
-0.319523
-0.344482
-0.196193
0.170622
0.516199
0.631261
0.707337
0.909946
1.057068
1.070434
1.042895
0.977674
0.819760
0.580631
0.223676
-0.056350
-0.130743
-0.161288
-0.322256
-0.608000
-0.845189
-0.918819
-0.919269
-0.871209
-0.676314
-0.499325
-0.547770
-0.609943
-0.555476
-0.477770
-0.589110
-0.766351
-0.731320
-0.556043
-0.599187
-0.883971
-1.121520
-1.218633
-1.192241
-1.195590
-1.385078
-1.599566
-1.610635
-1.599488
-1.632793
-1.606649
-1.553300
-1.513140
-1.371485
-1.062549
-0.642887
-0.303161
-0.170179
-0.237573
-0.310980
-0.204410
-0.001232
0.192327
0.157063
-0.099375
-0.283624
-0.255933
-0.180771
-0.301226
-0.490230
-0.560267
-0.510368
-0.563238
-0.657517
-0.501628
-0.169547
-0.011993
-0.131587
-0.219154
-0.168702
-0.202304
-0.394782
-0.586248
-0.628482
-0.639503
-0.701211
-0.629868
-0.341704
-0.188336
-0.294001
-0.388567
-0.374021
-0.415737
-0.603187
-0.717289
-0.651852
-0.482555
-0.316725
-0.279201
-0.421737
-0.600319
-0.748475
-0.934098
-1.129993
-1.315445
-1.513900
-1.592117
-1.414717
-1.183114
-1.151562
-1.225519
-1.339619
-1.404926
-1.409123
-1.379927
-1.273745
-1.050552
-0.784780
-0.556694
-0.349292
-0.136147
0.020780
-0.029826
-0.330552
-0.610108
-0.644182
-0.558887
-0.491504
-0.398197
-0.307237
-0.254229
-0.294592
-0.443405
-0.580083
-0.538211
-0.405944
-0.320452
-0.144574
0.052884
0.241168
0.491793
0.774570
0.909320
0.715103
0.460754
0.553557
0.785192
0.704758
0.284024
-0.186828
-0.581831
-0.953874
-1.216436
-1.308521
-1.299317
-1.278126
-1.235811
-1.058570
-0.813100
-0.743578
-0.761111
-0.737581
-0.740031
-0.713465
-0.495524
-0.368447
-0.517434
-0.700665
-0.622407
-0.389511
-0.333001
-0.487466
-0.693886
-0.865193
-1.026656
-1.128510
-1.145040
-1.187301
-1.216575
-1.168017
-1.244056
-1.331017
-1.095513
-0.534234
-0.148546
-0.070782
0.074528
0.342986
0.310471
-0.010725
-0.142444
0.140423
0.382838
0.169051
-0.190597
-0.279757
-0.070921
0.115858
0.020567
-0.252020
-0.608723
-0.852869
-0.653832
-0.215737
0.017698
0.019566
0.011123
0.027912
-0.014044
0.081935
0.317319
0.533235
0.511875
0.305111
0.110423
0.033520
-0.080651
-0.353634
-0.673086
-0.833408
-0.893169
-1.000933
-1.229559
-1.350197
-1.210920
-0.908950
-0.732033
-0.887172
-1.173305
-1.232301
-1.086334
-1.090181
-1.269146
-1.402115
-1.337531
-1.247128
-1.369151
-1.651523
-1.814958
-1.820236
-1.830934
-1.851354
-1.849934
-1.785739
-1.698334
-1.633245
-1.516348
-1.159967
-0.679237
-0.429543
-0.300794
-0.211000
-0.246160
-0.253901
-0.252142
-0.296279
-0.245523
-0.085322
-0.046356
-0.124033
-0.232797
-0.371226
-0.452716
-0.384017
-0.178952
0.062509
0.151126
0.120843
0.197174
0.305041
0.187180
-0.093108
-0.284582
-0.352703
-0.456589
-0.631755
-0.728368
-0.786527
-1.032064
-1.433495
-1.753039
-1.929824
-1.993023
-1.918995
-1.749690
-1.569623
-1.496350
-1.499894
-1.444180
-1.340532
-1.221868
-1.071189
-1.021332
-1.048946
-1.076173
-1.000078
-0.895043
-0.864295
-0.919310
-1.022654
-1.215861
-1.385780
-1.322011
-1.070770
-0.953497
-1.111875
-1.276324
-1.191108
-0.884307
-0.604395
-0.454208
-0.269254
0.008731
0.155938
0.239227
0.309853
0.285151
0.275998
0.228933
0.124111
0.047961
0.000605
-0.086717
-0.244032
-0.440669
-0.669636
-0.895000
-1.026645
-1.195929
-1.364491
-1.413408
-1.392011
-1.403278
-1.471951
-1.489966
-1.170185
-0.706205
-0.528536
-0.576964
-0.602102
-0.549434
-0.537633
-0.636938
-0.821519
-0.966583
-0.988486
-1.016852
-1.086409
-1.144420
-1.190991
-1.157006
-1.115475
-1.255160
-1.424638
-1.495159
-1.383535
-1.089725
-0.763928
-0.622292
-0.684407
-0.710079
-0.722513
-0.793305
-0.825759
-0.706634
-0.555827
-0.622100
-0.689202
-0.566952
-0.438828
-0.537822
-0.621874
-0.424813
-0.241775
-0.356556
-0.453896
-0.334069
-0.203596
-0.258697
-0.369650
-0.392309
-0.198281
0.061793
0.052808
-0.137846
-0.273430
-0.212090
-0.078023
-0.024768
-0.114203
-0.288399
-0.435961
-0.490273
-0.561086
-0.701168
-0.794737
-0.709324
-0.612021
-0.651968
-0.718204
-0.808683
-1.074323
-1.491512
-1.764631
-1.789667
-1.667164
-1.616623
-1.726804
-1.792129
-1.641729
-1.420215
-1.304120
-1.245656
-1.141917
-1.000390
-0.818417
-0.604415
-0.467839
-0.446621
-0.459838
-0.414893
-0.354307
-0.432742
-0.541881
-0.567492
-0.580020
-0.618864
-0.667371
-0.711314
-0.823708
-0.936064
-0.914916
-0.735133
-0.541174
-0.481488
-0.474409
-0.327195
-0.026299
0.133263
0.098553
0.166866
0.386823
0.444790
0.392788
0.568230
0.860089
0.908247
0.620391
0.340625
0.320141
0.409455
0.332720
-0.101746
-0.629803
-0.835637
-0.808429
-0.852466
-1.081702
-1.411772
-1.652461
-1.651475
-1.591363
-1.614739
-1.528881
-1.298017
-1.135710
-1.166204
-1.270915
-1.237211
-1.039557
-0.995542
-1.047698
-0.935071
-0.779790
-0.971250
-1.411069
-1.695669
-1.655210
-1.405477
-1.157387
-0.905866
-0.529065
-0.198324
-0.241382
-0.443883
-0.332123
0.046479
0.252992
0.174025
0.069324
0.124984
0.288004
0.427713
0.659722
0.880727
0.840730
0.619405
0.400411
0.248373
0.114348
-0.057806
-0.211220
-0.278576
-0.313390
-0.462305
-0.859050
-1.278169
-1.347515
-1.264948
-1.426057
-1.731757
-1.887442
-1.970608
-2.092000
-2.243612
-2.298922
-2.210028
-1.984931
-1.793384
-1.597364
-1.230075
-0.913871
-0.853690
-0.901525
-0.762097
-0.598093
-0.619775
-0.665338
-0.623453
-0.622824
-0.762706
-0.860870
-0.711273
-0.508972
-0.449456
-0.426907
-0.452627
-0.559163
-0.659438
-0.659007
-0.573393
-0.414356
-0.391528
-0.483167
-0.483370
-0.274184
-0.043193
0.069789
0.083810
0.050305
-0.005831
-0.030197
-0.072935
-0.274075
-0.554306
-0.682770
-0.640418
-0.546004
-0.651814
-0.805802
-0.589145
-0.171645
0.016339
-0.002229
0.008185
-0.001457
-0.049209
0.020955
0.144024
0.055541
-0.085054
0.096249
0.359499
0.215125
-0.221699
-0.510200
-0.609828
-0.748815
-0.852416
-0.916899
-0.973824
-0.987717
-1.082797
-1.341488
-1.471478
-1.307295
-1.047768
-0.851166
-0.647167
-0.306450
0.045136
0.157789
-0.055298
-0.273014
-0.192779
-0.103376
-0.288584
-0.541722
-0.643594
-0.588454
-0.493572
-0.533797
-0.554236
-0.431833
-0.199069
-0.126971
-0.279483
-0.390750
-0.325290
-0.299349
-0.407634
-0.560841
-0.664058
-0.657751
-0.572993
-0.482134
-0.407816
-0.196926
0.188733
0.513345
0.672461
0.804966
0.905126
0.827747
0.661135
0.583295
0.407203
-0.025867
-0.416923
-0.576265
-0.671867
-0.772907
-0.779264
-0.786346
-0.975307
-1.277012
-1.487838
-1.450205
-1.329564
-1.365264
-1.563530
-1.735356
-1.698674
-1.465646
-1.219091
-1.277968
-1.456199
-1.396762
-1.202729
-1.094685
-1.007844
-0.812922
-0.632702
-0.572639
-0.604943
-0.681626
-0.863869
-1.027705
-0.941757
-0.674402
-0.441279
-0.275765
-0.087904
0.159064
0.380485
0.612865
0.728692
0.661067
0.648210
0.824615
0.895873
0.628016
0.274035
0.095927
0.041260
-0.089474
-0.303361
-0.497907
-0.726078
-1.125041
-1.454311
-1.471097
-1.352127
-1.517775
-1.926089
-2.210093
-2.374866
-2.451083
-2.384241
-2.167492
-1.861540
-1.486252
-1.102629
-0.764580
-0.438849
-0.131312
0.114035
0.013975
-0.274369
-0.435645
-0.425706
-0.508304
-0.781805
-1.057502
-1.187026
-1.230538
-1.179134
-0.933139
-0.662744
-0.511421
-0.565081
-0.633740
-0.482249
-0.312080
-0.300584
-0.296132
-0.144098
0.020134
0.127722
0.271471
0.401155
0.319085
0.226618
0.267819
0.372066
0.368985
0.205607
0.002196
-0.109667
-0.085333
-0.116682
-0.242607
-0.321507
-0.339242
-0.446337
-0.660829
-0.903322
-1.143937
-1.418457
-1.694698
-1.898718
-2.026346
-2.068670
-2.064558
-2.073958
-2.042580
-1.834946
-1.617137
-1.528773
-1.431584
-1.155943
-0.840462
-0.636731
-0.546891
-0.705806
-0.954531
-0.889773
-0.606021
-0.471868
-0.453056
-0.382027
-0.443267
-0.654480
-0.710707
-0.613017
-0.666656
-0.847364
-0.885918
-0.846248
-0.871639
-0.863795
-0.723699
-0.700273
-0.891242
-1.084508
-1.099241
-0.827971
-0.405672
-0.198300
-0.379617
-0.759858
-0.890792
-0.650178
-0.481425
-0.635266
-0.952542
-1.048032
-0.811568
-0.520246
-0.371287
-0.287711
-0.209980
-0.179748
-0.119936
-0.058468
-0.162337
-0.462718
-0.746551
-0.850039
-0.826418
-0.791281
-0.967268
-1.275089
-1.277207
-1.032572
-0.898362
-0.976317
-1.157159
-1.242875
-1.157356
-0.991614
-0.758879
-0.525230
-0.544423
-0.920151
-1.326391
-1.450744
-1.375518
-1.213927
-1.085512
-1.072150
-0.940399
-0.466522
-0.015477
0.054511
-0.006799
0.175536
0.496077
0.481828
0.116015
-0.179369
-0.140375
-0.002404
-0.081657
-0.233803
-0.204621
-0.139726
-0.324332
-0.656127
-0.746314
-0.563987
-0.543343
-0.822547
-1.035000
-1.090630
-1.057056
-0.871138
-0.601853
-0.375648
-0.260148
-0.268311
-0.337931
-0.241102
-0.037647
-0.045103
-0.239531
-0.306519
-0.231093
-0.413267
-0.820440
-0.991993
-1.042106
-1.352550
-1.675951
-1.660883
-1.436496
-1.340496
-1.515080
-1.758456
-1.857086
-1.853709
-1.815237
-1.624898
-1.371739
-1.149819
-1.057632
-1.114336
-1.204710
-1.134918
-0.828497
-0.450533
-0.168580
-0.119083
-0.238931
-0.275469
-0.085170
0.208044
0.284731
0.133618
0.031778
0.082876
0.112111
-0.053788
-0.136069
-0.014857
0.079721
0.008248
-0.235654
-0.547828
-0.692055
-0.773387
-0.907994
-1.054388
-1.122808
-1.049090
-0.814343
-0.664553
-0.726263
-0.873972
-1.014076
-1.046337
-0.951959
-1.035572
-1.214907
-1.034992
-0.552258
-0.232208
-0.447782
-0.912338
-1.076765
-0.931164
-0.990194
-1.243918
-1.249778
-1.021733
-0.830901
-0.761176
-0.770201
-0.741014
-0.726340
-0.750156
-0.692820
-0.618136
-0.613489
-0.530238
-0.205416
0.187406
0.424448
0.530954
0.502744
0.320528
0.088767
-0.114060
-0.414908
-0.824061
-1.228228
-1.423091
-1.268219
-0.939316
-0.777290
-0.838621
-0.874168
-0.903982
-1.074759
-1.165303
-0.977899
-0.726517
-0.536628
-0.340144
-0.224091
-0.232491
-0.082249
0.159326
0.044080
-0.378726
-0.676271
-0.690258
-0.607501
-0.652247
-0.869371
-1.149205
-1.307302
-1.167592
-1.062827
-1.217507
-1.330997
-1.089658
-0.624848
-0.308771
-0.187291
-0.040823
0.085588
-0.043425
-0.517850
-1.105438
-1.521493
-1.627524
-1.566514
-1.526167
-1.486838
-1.408917
-1.237493
-1.032986
-0.792646
-0.581314
-0.481070
-0.329872
-0.250539
-0.382105
-0.581717
-0.598632
-0.529337
-0.512245
-0.521533
-0.457995
-0.271343
-0.011164
-0.010192
-0.204713
-0.151281
0.104572
0.258246
0.251976
0.169139
0.071302
0.139045
0.262357
0.236763
-0.004609
-0.387177
-0.722549
-0.822211
-0.833637
-0.989808
-1.156871
-1.159585
-1.056371
-1.136781
-1.488625
-1.790457
-1.767557
-1.506120
-1.224562
-1.042232
-0.877154
-0.727637
-0.562673
-0.351222
-0.184925
-0.175393
-0.222998
-0.093332
0.088518
-0.044761
-0.536852
-0.976688
-1.048985
-0.853358
-0.751149
-0.818347
-0.856120
-0.597393
-0.163573
0.083846
-0.024659
-0.108415
0.101200
0.246515
0.143044
0.070470
0.061462
0.051193
-0.007494
-0.139801
-0.315367
-0.470418
-0.644830
-0.787821
-0.810183
-0.780479
-0.909210
-1.229000
-1.526655
-1.681122
-1.670909
-1.463118
-1.258678
-1.223712
-1.060109
-0.703922
-0.428155
-0.399704
-0.449673
-0.393191
-0.345897
-0.529900
-0.852017
-0.978867
-0.891229
-0.768568
-0.756710
-0.898758
-1.039871
-0.969884
-0.822839
-0.883398
-1.009128
-0.993258
-0.872090
-0.771853
-0.822771
-0.997387
-0.994530
-0.794186
-0.684045
-0.802032
-1.035955
-1.217076
-1.230954
-1.156519
-1.045405
-0.894322
-0.645573
-0.358681
-0.159814
-0.103156
-0.238336
-0.424344
-0.454772
-0.405834
-0.497380
-0.608897
-0.615423
-0.603569
-0.600836
-0.572302
-0.542530
-0.498922
-0.488700
-0.478189
-0.582580
-0.859846
-1.068826
-1.021173
-0.751842
-0.374255
-0.073630
0.039360
0.131730
0.225043
0.224230
0.016317
-0.342573
-0.583750
-0.476018
-0.338280
-0.509985
-0.880955
-1.088918
-1.127828
-1.221875
-1.412150
-1.629673
-1.777896
-1.631784
-1.016957
-0.377366
-0.131008
-0.124765
-0.081596
-0.008384
-0.017137
-0.177982
-0.339294
-0.339003
-0.245998
-0.299015
-0.477543
-0.566448
-0.488132
-0.472115
-0.819238
-1.233898
-1.318572
-1.306479
-1.439401
-1.457022
-1.188750
-0.756225
-0.420714
-0.176038
0.149765
0.606716
0.999561
0.974248
0.598008
0.168149
-0.096677
-0.268179
-0.465446
-0.675356
-0.765263
-0.813142
-0.871413
-0.977730
-1.197984
-1.423531
-1.383138
-0.980187
-0.542483
-0.375762
-0.430394
-0.558032
-0.646869
-0.681604
-0.818221
-1.004939
-0.978686
-0.728861
-0.598556
-0.656810
-0.747218
-0.756115
-0.712091
-0.885842
-1.137586
-1.302414
-1.459444
-1.683916
-1.942255
-1.985179
-1.710483
-1.345408
-1.081135
-0.927670
-0.729117
-0.446269
-0.216799
-0.169706
-0.284739
-0.428457
-0.354896
-0.151142
-0.085408
-0.176719
-0.390562
-0.797300
-1.240290
-1.421226
-1.323635
-1.059082
-0.826416
-0.707910
-0.584199
-0.401179
-0.336315
-0.364928
-0.459665
-0.615323
-0.706099
-0.768668
-0.904485
-1.077592
-1.132035
-1.181602
-1.345556
-1.449775
-1.381226
-1.142882
-0.905371
-0.782466
-0.856370
-0.912635
-0.839970
-0.807290
-0.830543
-0.795483
-0.666373
-0.591145
-0.586061
-0.474117
-0.295456
-0.278037
-0.357278
-0.333482
-0.182518
-0.009708
0.086767
-0.068063
-0.469879
-0.872052
-1.142878
-1.257886
-1.319749
-1.349235
-1.209376
-0.830439
-0.411883
-0.167801
-0.168268
-0.170823
-0.051599
0.095589
0.112883
0.008842
-0.108974
-0.044986
-0.008305
-0.170439
-0.332990
-0.358969
-0.353058
-0.434301
-0.660163
-0.915757
-1.039134
-1.025950
-1.086834
-1.249035
-1.351652
-1.360552
-1.333139
-1.250736
-1.041502
-0.716610
-0.493393
-0.386680
-0.338467
-0.360876
-0.282548
-0.201590
-0.448857
-0.881601
-1.025087
-0.897111
-0.773229
-0.722559
-0.726589
-0.648374
-0.506041
-0.531193
-0.636939
-0.652471
-0.524085
-0.348550
-0.388927
-0.655666
-0.943723
-0.967263
-0.644296
-0.327795
-0.382450
-0.619502
-0.653565
-0.490856
-0.547803
-0.950714
-1.307479
-1.399112
-1.345436
-1.225651
-1.164567
-1.186648
-1.128633
-0.792497
-0.402868
-0.311575
-0.407262
-0.377120
-0.216895
-0.048881
0.094360
0.115458
0.009969
0.019170
0.231307
0.394949
0.312344
0.079533
-0.208334
-0.497558
-0.769012
-1.097536
-1.468257
-1.601677
-1.461962
-1.363142
-1.461038
-1.568258
-1.488607
-1.370617
-1.364504
-1.328382
-1.170593
-0.913100
-0.656631
-0.503318
-0.449263
-0.437691
-0.508016
-0.645708
-0.782499
-0.878334
-0.883339
-0.807146
-0.647520
-0.237060
0.155795
0.295718
0.270255
0.195591
0.159703
0.152167
0.076957
-0.050450
-0.153428
-0.179366
-0.146563
-0.202002
-0.386121
-0.595793
-0.737654
-0.727571
-0.644813
-0.647193
-0.759119
-0.807050
-0.682106
-0.410293
-0.248406
-0.279749
-0.372476
-0.515929
-0.656161
-0.745132
-0.683659
-0.444046
-0.150585
0.013849
-0.068104
-0.218461
-0.264226
-0.332352
-0.603266
-1.101551
-1.588254
-1.832257
-1.797683
-1.603971
-1.401234
-1.283182
-1.343068
-1.366337
-1.085347
-0.765054
-0.799607
-1.016993
-1.068571
-0.966659
-0.863035
-0.886464
-1.084194
-1.348119
-1.434715
-1.295301
-1.210049
-1.155014
-1.046996
-0.755749
-0.285113
0.083757
0.251500
0.374571
0.458010
0.421235
0.289535
0.285860
0.470366
0.529571
0.288747
0.036195
0.059826
0.342221
0.604885
0.618074
0.470379
0.441698
0.468302
0.284266
-0.113046
-0.314683
-0.193405
-0.075274
-0.180704
-0.425084
-0.578636
-0.715101
-1.014133
-1.293170
-1.347252
-1.391266
-1.557579
-1.617830
-1.429009
-1.132243
-0.979199
-1.082838
-1.222724
-1.149435
-0.930720
-0.766101
-0.754112
-0.838196
-0.793065
-0.797625
-1.031405
-1.259710
-1.301440
-1.227667
-1.245287
-1.364697
-1.507892
-1.626821
-1.652219
-1.557802
-1.309618
-1.036726
-0.847290
-0.732468
-0.566595
-0.204232
0.136721
0.330957
0.426324
0.683572
1.061839
1.252216
1.101772
0.904435
0.866747
0.898811
0.851571
0.656130
0.435759
0.382294
0.454739
0.435766
0.254592
0.024252
-0.135282
-0.243090
-0.251806
-0.362860
-0.663032
-0.843995
-0.897824
-1.020907
-1.202028
-1.314856
-1.325140
-1.422082
-1.615029
-1.599066
-1.394450
-1.340344
-1.584878
-1.882514
-1.975646
-1.870494
-1.778617
-1.714264
-1.540142
-1.374024
-1.318805
-1.252591
-1.029090
-0.679397
-0.426985
-0.371332
-0.279689
-0.130457
-0.073709
-0.186638
-0.346074
-0.364442
-0.316395
-0.282593
-0.258056
-0.256411
-0.210066
0.036928
0.447503
0.673732
0.592581
0.409931
0.244756
0.079972
-0.079644
-0.180546
-0.404218
-0.690021
-0.831538
-0.897535
-1.043501
-1.293683
-1.542964
-1.601948
-1.415021
-1.215315
-1.215745
-1.218253
-1.024216
-0.852789
-0.894729
-0.896438
-0.593616
-0.275635
-0.260149
-0.478824
-0.640778
-0.603458
-0.581282
-0.723696
-0.952891
-1.110930
-1.135624
-1.080200
-1.094187
-1.138446
-1.028963
-0.933652
-1.023851
-1.089166
-0.984608
-0.929905
-1.025187
-0.962017
-0.657157
-0.514319
-0.791350
-1.073731
-0.967996
-0.735739
-0.870561
-1.257568
-1.395336
-1.121804
-0.575395
-0.163731
-0.179930
-0.471745
-0.742490
-0.806472
-0.722925
-0.642557
-0.631639
-0.522438
-0.217232
0.092422
0.230008
0.181999
0.229728
0.417736
0.459161
0.226093
0.074505
0.232961
0.348848
0.118168
-0.311762
-0.579857
-0.631465
-0.628490
-0.703012
-0.864063
-1.079354
-1.218287
-1.171627
-1.051233
-0.887015
-0.662598
-0.622306
-0.867242
-1.186965
-1.260458
-1.042219
-0.944560
-1.123800
-1.290411
-1.156020
-0.813682
-0.615959
-0.693809
-0.865255
-0.888948
-0.835891
-0.911785
-1.183257
-1.464640
-1.578700
-1.474788
-1.321399
-1.339489
-1.425587
-1.394383
-1.154871
-0.833619
-0.560818
-0.355886
-0.230849
-0.125571
0.063881
0.250349
0.384045
0.448673
0.372382
0.377116
0.550478
0.685117
0.704711
0.769100
0.836249
0.870418
0.823128
0.551114
0.139587
-0.221747
-0.522262
-0.901229
-1.457111
-2.040743
-2.267052
-2.077804
-1.824077
-1.796799
-1.888926
-1.928852
-1.914437
-1.770696
-1.492773
-1.241085
-1.086922
-0.921013
-0.807533
-0.711059
-0.604921
-0.499122
-0.305282
-0.127091
-0.089226
-0.140614
-0.162513
-0.168402
-0.183511
-0.187572
-0.299172
-0.558747
-0.856965
-1.168347
-1.527354
-1.721135
-1.744205
-1.738016
-1.624553
-1.473716
-1.280625
-1.137853
-1.140328
-1.195720
-1.214777
-1.173972
-1.048279
-0.877313
-0.673058
-0.397226
-0.234252
-0.329879
-0.463835
-0.418655
-0.197459
0.000142
0.053017
0.066733
0.064080
-0.087214
-0.214834
-0.140903
-0.105356
-0.219809
-0.257571
-0.019804
0.393254
0.715752
0.779487
0.672762
0.526467
0.436059
0.368980
0.202508
-0.011241
-0.259320
-0.512656
-0.796409
-1.195453
-1.687775
-2.143154
-2.332381
-2.320160
-2.285467
-2.205688
-2.004954
-1.624711
-1.204991
-1.003515
-1.041009
-1.064706
-1.038419
-1.049967
-1.116540
-1.201720
-1.219960
-1.210234
-1.206665
-1.251013
-1.293806
-1.179052
-0.965490
-0.785837
-0.834331
-1.073087
-1.083945
-0.781171
-0.575831
-0.526744
-0.438671
-0.210432
0.001570
0.181563
0.407852
0.672125
0.813032
0.668309
0.294302
-0.012798
-0.127091
-0.171089
-0.246151
-0.420424
-0.550025
-0.627370
-0.682727
-0.701570
-0.771722
-0.980866
-1.331654
-1.610806
-1.590643
-1.404395
-1.186055
-0.917904
-0.775438
-0.957558
-1.237912
-1.345139
-1.204180
-1.016537
-1.002293
-1.045373
-1.010619
-0.916414
-0.897876
-0.955126
-0.934076
-0.783994
-0.653364
-0.666722
-0.670642
-0.675401
-0.749571
-0.889419
-1.044689
-1.079581
-1.020541
-1.053473
-1.190326
-1.197907
-1.030109
-0.888766
-0.970603
-1.072783
-0.821053
-0.292687
0.058424
0.143330
0.129489
0.338238
0.815858
1.037341
0.838476
0.525485
0.269071
0.002527
0.014354
0.298073
0.311545
0.131553
0.101097
0.092788
0.020850
-0.017041
-0.026927
-0.085044
-0.158023
-0.215764
-0.182242
-0.101876
-0.089191
-0.163505
-0.212726
-0.172528
-0.150911
-0.223049
-0.386226
-0.675088
-0.998269
-1.191794
-1.254958
-1.344949
-1.407082
-1.406689
-1.417753
-1.462129
-1.410480
-1.324917
-1.414346
-1.510086
-1.484865
-1.552841
-1.760938
-1.817469
-1.588516
-1.391801
-1.274194
-1.030167
-0.887686
-0.918568
-0.836812
-0.510640
-0.256420
-0.279808
-0.372703
-0.380598
-0.242340
-0.178637
-0.292368
-0.342277
-0.163604
0.007677
-0.088934
-0.182026
-0.082365
0.038555
0.022934
-0.084498
-0.220217
-0.246180
-0.182674
-0.219439
-0.309151
-0.333548
-0.498318
-0.756103
-0.853221
-0.845405
-0.891383
-0.952466
-1.046032
-1.138251
-1.129144
-0.827317
-0.386169
-0.120605
-0.072024
-0.147002
-0.191793
-0.147951
-0.152139
-0.255322
-0.408925
-0.524501
-0.527792
-0.362693
-0.264731
-0.436462
-0.656762
-0.737957
-0.752371
-0.706966
-0.586018
-0.600824
-0.629640
-0.528146
-0.436089
-0.644266
-1.207211
-1.552498
-1.302447
-0.917963
-0.912188
-1.116829
-1.282229
-1.341160
-1.309221
-1.284360
-1.347230
-1.380425
-1.157486
-0.721199
-0.299354
-0.003927
0.175475
0.310421
0.471703
0.733781
1.168177
1.457484
1.404585
1.512528
2.001605
2.446277
2.359242
1.822628
1.282823
1.030069
0.842924
0.425280
-0.106932
-0.538980
-0.873937
-1.286671
-1.723672
-2.015900
-2.191781
-2.272254
-2.128792
-1.789331
-1.507854
-1.425923
-1.425816
-1.274119
-1.035623
-0.886125
-0.925402
-1.040241
-1.013531
-0.955856
-0.909306
-0.893119
-1.043606
-1.331360
-1.429270
-1.373777
-1.409463
-1.430286
-1.328818
-1.278458
-1.323373
-1.354087
-1.280024
-1.117820
-0.985230
-0.853128
-0.577714
-0.295623
-0.192073
-0.113772
-0.041984
-0.030813
0.046499
0.162406
0.215296
0.122450
-0.122701
-0.319228
-0.313872
-0.190723
0.075034
0.516653
0.764679
0.588981
0.406775
0.540932
0.697639
0.425542
0.001467
-0.088470
0.004111
-0.185958
-0.586388
-0.869179
-0.877675
-0.774001
-0.794376
-0.988288
-1.297591
-1.461434
-1.394575
-1.294732
-1.426710
-1.729708
-1.969035
-1.993989
-1.876908
-1.835340
-1.745456
-1.623228
-1.690389
-1.755562
-1.513643
-1.074761
-0.692982
-0.515631
-0.536100
-0.608013
-0.676198
-0.776365
-0.898466
-0.954252
-0.968426
-0.922365
-0.700041
-0.401727
-0.269452
-0.267244
-0.243515
-0.224559
-0.231075
-0.155933
0.012275
0.113761
0.175917
0.199684
0.208872
0.072924
-0.277423
-0.633411
-0.698571
-0.624783
-0.552621
-0.346312
-0.170482
-0.239562
-0.441875
-0.518998
-0.451588
-0.352274
-0.214394
-0.114964
-0.073023
-0.161419
-0.357990
-0.477470
-0.427136
-0.483197
-0.685771
-0.835589
-0.942933
-1.254300
-1.735326
-2.067952
-2.133250
-2.081504
-2.154848
-2.193168
-1.949633
-1.583088
-1.499976
-1.715990
-1.905639
-1.865937
-1.780833
-1.749634
-1.628118
-1.348886
-1.121499
-1.204819
-1.338207
-1.194567
-0.798220
-0.349671
-0.040056
0.051497
0.036740
0.170326
0.409917
0.641404
0.751815
0.856696
0.872313
0.701722
0.587772
0.643581
0.767698
0.818089
0.719298
0.566622
0.324148
0.090331
-0.050549
-0.144340
-0.282485
-0.502463
-0.763392
-0.985050
-1.223897
-1.383105
-1.411707
-1.392783
-1.361184
-1.427168
-1.489839
-1.269228
-0.924767
-0.919313
-1.325219
-1.741098
-1.758427
-1.550947
-1.430476
-1.444049
-1.336320
-1.092548
-1.029986
-1.239441
-1.432703
-1.201207
-0.702158
-0.486592
-0.593982
-0.598894
-0.360032
-0.250551
-0.442509
-0.705553
-0.673805
-0.348861
-0.136941
-0.108479
-0.170156
-0.118686
0.040115
0.113092
0.057044
-0.104083
-0.372707
-0.644180
-0.803348
-0.786870
-0.565794
-0.312146
-0.205923
-0.160166
-0.180601
-0.113652
0.046322
0.119596
0.062247
0.068411
0.200820
0.224850
0.079478
0.040429
0.100871
-0.046326
-0.311137
-0.439388
-0.407855
-0.268695
-0.095051
-0.091875
-0.362985
-0.732320
-0.957010
-0.929203
-0.739864
-0.604627
-0.618373
-0.717079
-0.624881
-0.583831
-0.992984
-1.610957
-1.780631
-1.521871
-1.431270
-1.528357
-1.372290
-1.060830
-1.043334
-1.297659
-1.412159
-1.177643
-0.933252
-0.955378
-1.105044
-1.123559
-0.962116
-0.746789
-0.620819
-0.491782
-0.036149
0.567369
0.838146
0.737634
0.646219
0.858004
1.187590
1.307292
1.115704
0.819535
0.686828
0.696533
0.818157
0.845505
0.629990
0.405597
0.397186
0.444231
0.447621
0.484901
0.442140
0.254765
0.007353
-0.324917
-0.599460
-0.611306
-0.394420
-0.285703
-0.354123
-0.446399
-0.497311
-0.663965
-0.876751
-0.891597
-0.833145
-0.931900
-1.147648
-1.359897
-1.374610
-1.257436
-1.176035
-1.241022
-1.337237
-1.404772
