1.585670
1.698948
1.645551
1.770081
1.714739
1.953485
1.610281
1.547780
1.684569
1.881261
1.963343
1.770365
1.934108
1.917189
1.670686
1.694036
1.923902
1.909344
1.720227
1.956884
1.790128
1.732620
1.974483
1.815133
1.800455
1.495432
1.880511
1.919532
1.494738
1.706451
1.404376
1.947776
1.974177
1.985680
1.549125
1.790141
1.435864
1.724350
1.795295
1.832233
1.591666
1.889550
1.961002
1.723428
1.836644
1.666254
1.334357
1.978141
1.942177
1.760651
1.513569
1.988554
1.571137
1.684819
1.469909
1.745615
1.609122
1.723383
1.556578
1.657208
1.782013
1.732134
1.780478
