1.881497
1.652912
1.958768
1.704497
1.735658
1.982943
1.896479
1.873647
1.986018
1.958727
1.947057
1.779533
1.813174
1.995428
1.891301
1.895690
1.698925
1.651326
1.799148
1.920282
1.995258
1.474851
1.967485
1.989779
1.954329
1.785090
1.875233
1.663045
1.579914
1.646941
1.512589
1.768157
1.823124
1.578512
1.873039
1.883295
1.499819
1.984188
1.764885
1.992235
1.265400
1.700731
1.502286
1.577792
1.653771
1.509217
1.832794
1.761169
1.685788
1.643454
1.994322
1.596331
1.369105
1.924101
1.548285
1.817956
1.731656
1.621216
1.616279
1.624932
1.921171
1.811065
1.922967
1.565048
1.991526
1.418833
1.945799
1.743291
1.518504
1.586899
1.488173
1.546636
1.980703
1.671612
1.958355
1.970089
1.560308
1.553489
1.354717
1.592033
1.750606
1.633403
1.471241
1.847436
1.972127
1.339461
