1.874414
1.734176
1.806258
1.980630
1.525227
1.453545
1.618087
1.322855
1.965725
1.821620
1.895329
1.949401
1.990287
1.940611
1.953980
1.583449
1.612787
1.836006
1.892530
1.578313
1.285675
1.986951
1.625464
1.892353
1.720715
1.959698
1.629303
1.201288
1.789534
1.617034
1.799859
1.559685
1.898060
1.735405
1.936519
1.991977
1.373247
1.851286
1.987026
1.745887
1.830725
1.778062
1.896480
1.550595
1.823108
1.649657
1.796548
1.496569
1.450336
1.469707
1.925955
1.488952
1.628889
1.900398
1.813602
1.881711
1.950279
1.861990
1.801058
1.762960
1.507844
1.711312
1.172972
