1.895850
1.912277
1.943751
1.992344
1.835767
1.826542
1.533677
1.618783
1.975528
1.891375
1.955640
1.705468
1.905301
1.415610
1.989480
1.772892
1.581913
1.316575
1.720267
1.859132
1.874842
1.713712
1.988592
1.731965
1.844777
1.857404
1.986844
1.916451
1.868516
1.943541
1.868415
1.804543
1.783603
1.493287
1.608894
1.592013
1.899054
1.656117
1.985602
1.472901
1.502470
1.716958
1.337050
1.648842
1.856944
1.663388
1.698287
1.792823
1.595808
1.759013
1.651532
1.747674
1.805488
1.990597
1.746060
1.934150
1.747087
1.193618
