1.734101
1.588203
1.793867
1.984112
1.984999
1.723530
1.830705
1.896286
1.959019
1.986855
1.987471
1.975387
1.832256
1.771751
1.874619
1.916526
1.898097
1.868062
1.880769
1.761192
1.918561
1.877325
1.980574
1.897877
1.983835
1.833232
1.972081
1.768438
1.673097
1.849223
1.855078
1.822236
1.552561
1.720316
1.540749
1.915371
1.887746
1.916868
1.873877
1.917053
1.778292
1.664395
1.910029
1.885643
1.805475
1.884817
1.697813
1.436125
1.980565
1.924193
1.959517
1.855792
1.845640
1.927088
1.892250
1.595144
1.448891
1.803866
1.684539
1.854385
1.821128
1.623165
1.582410
1.543564
1.618024
1.767543
1.897404
1.815902
1.468017
1.350260
1.920266
1.630212
1.515334
1.601522
1.841387
1.470293
1.815339
1.843794
1.539730
1.949905
1.351462
1.270462
1.743949
1.545489
1.905371
1.818692
1.787835
1.845830
1.548694
1.307118
1.955473
