1.983048
1.795866
1.989030
1.824355
1.928960
1.915961
1.647913
1.687800
1.702112
1.785507
1.890939
1.863589
1.744048
1.826701
1.582641
1.965167
1.666808
1.809490
1.998217
1.956131
1.712564
1.898517
1.642177
1.663708
1.696738
1.967491
1.982625
1.846303
1.838665
1.618645
1.832495
1.898932
1.943581
1.920237
1.837821
1.738718
1.574192
1.947393
1.994927
1.963831
1.525356
1.979874
1.980051
1.973784
1.892271
1.650008
1.730134
1.773957
1.999069
1.547755
1.770084
1.765910
1.896185
1.548254
1.939292
1.690297
1.930130
1.577257
1.843385
1.851468
1.760370
1.916371
1.909038
1.789464
1.614387
1.764239
1.631609
1.915863
1.999988
1.539907
1.629257
1.630834
1.934962
1.572242
1.505956
1.858665
1.557048
1.836925
1.507986
1.456370
1.603338
1.643940
1.529544
1.744803
1.565762
1.870074
1.557305
1.589317
