1.771978
1.998942
1.932261
1.924379
1.855250
1.974993
1.997655
1.933468
1.996474
1.832808
1.998642
1.934664
1.445249
1.949976
1.951252
1.897706
1.942162
1.706475
1.823115
1.867056
1.459365
1.860726
1.883175
1.682187
1.851300
1.786807
1.707323
1.883909
1.885744
1.691078
1.912769
1.646675
1.621767
1.658240
1.515795
1.812874
1.855232
1.755582
1.632526
1.993265
1.817385
1.672380
1.820623
1.439366
1.808909
1.977476
1.654581
1.591177
1.663725
1.722439
1.957600
1.715918
1.954243
1.675865
1.855686
1.486102
1.242183
1.909217
1.665190
1.593556
1.930807
1.487176
1.365151
1.306611
1.963199
1.644446
1.741195
1.885872
1.831322
1.211835
1.331131
1.365590
1.416275
1.941090
1.966442
1.766449
1.586334
1.698812
1.951644
1.763705
1.952694
1.489088
1.450290
1.993364
1.268147
1.508987
