1.947151
1.956207
1.986564
1.925505
1.951771
1.750570
1.763191
1.961350
1.666336
1.976240
1.762304
1.744959
1.999136
1.984218
1.773458
1.881971
1.780523
1.407903
1.926846
1.965109
1.828861
1.645058
1.962668
1.751311
1.628117
1.944026
1.897372
1.943065
1.653131
1.442617
1.977126
1.696001
1.886526
1.683309
1.926892
1.977361
1.439811
1.877220
1.978233
1.570535
1.478388
1.956366
1.900922
1.868104
1.852913
1.830974
1.883211
1.934753
1.563151
1.940308
1.363866
1.949654
1.978209
1.965459
1.428484
1.838293
1.870595
1.843023
1.499144
1.906978
1.707409
1.953551
1.979557
1.958511
