1.920822
1.817190
1.713956
1.844290
1.945898
1.905148
1.993072
1.899550
1.625530
1.665104
1.913026
1.875479
1.794079
1.937796
1.809830
1.881968
1.850351
1.670098
1.749345
1.730115
1.961182
1.962910
1.915291
1.787657
1.890544
1.671053
1.965883
1.711593
1.440246
1.821075
1.988812
1.987437
1.820916
1.725457
1.768811
1.767831
1.429625
1.865495
1.970149
1.985063
1.567599
1.445236
1.637826
1.770254
1.563925
1.726105
1.984914
1.700689
1.845800
1.775030
1.980287
1.976205
1.958288
1.842611
1.858689
1.947502
1.953811
1.735747
1.685239
1.483204
1.656260
1.767656
1.817549
1.979433
1.386063
1.538749
1.930406
1.567675
1.274820
1.962287
1.487649
1.999491
1.456517
1.691842
1.421107
1.617664
1.427023
1.531958
1.422810
1.800011
1.724383
1.709682
1.782548
1.654437
1.628115
1.765518
