1.968579
1.878497
1.691749
1.965557
1.924013
1.990453
1.931672
1.563189
1.979083
1.749251
1.580048
1.587334
1.779145
1.886139
1.783245
1.983943
1.769305
1.825360
1.915218
1.865156
1.751903
1.872453
1.815069
1.803873
1.980505
1.668975
1.963845
1.911431
1.813343
1.909679
1.860054
1.978901
1.805745
1.862192
1.933529
1.700340
1.781995
1.981859
1.732046
1.687965
1.557642
1.925257
1.813203
1.858512
1.548594
1.648732
1.972427
1.824387
1.595183
1.714158
1.922662
1.840420
1.759791
1.875440
1.803598
1.865845
1.490631
1.450932
1.919827
1.627863
1.888773
1.841053
1.946094
1.713506
1.811690
1.526701
1.905059
1.869689
1.988502
1.976641
1.563784
1.597425
1.828284
1.409522
1.742280
1.969143
1.752183
1.353515
1.969987
1.939478
1.651335
1.713677
