1.934723
1.652366
1.602271
1.927948
1.884714
1.697362
1.962434
1.741765
1.755700
1.909436
1.927211
1.958416
1.901071
1.702336
1.979729
1.739020
1.938891
1.868228
1.758521
1.920255
1.753482
1.574307
1.850729
1.833777
1.986959
1.648740
1.897701
1.992902
1.612333
1.929595
1.313635
1.668228
1.298990
1.625906
1.700629
1.954561
1.539468
1.561138
1.981382
1.932976
1.991362
1.994693
1.386724
1.858453
1.752043
1.686743
1.705802
1.693095
1.562395
1.472168
1.465467
1.967354
1.392184
1.893323
1.782776
1.789613
1.161527
1.810990
1.988349
1.275950
1.922668
1.767937
1.687765
1.857233
1.914204
1.531359
1.627749
1.854154
1.940122
1.709950
1.733757
1.622873
1.886732
1.537271
1.635960
1.446566
1.245391
1.915281
