1.857390
1.879576
1.850690
1.881633
1.888097
1.949595
1.967273
1.700760
1.911566
1.828160
1.880726
1.744460
1.857573
1.688314
1.925385
1.790102
1.865386
1.678445
1.767895
1.812641
1.949753
1.742404
1.556736
1.890433
1.867869
1.712288
1.409828
1.901502
1.890505
1.950306
1.724099
1.816714
1.704978
1.996154
1.706523
1.925840
1.446420
1.573278
1.869470
1.839338
1.782458
1.942021
1.849332
1.778374
1.511223
1.754948
1.895116
1.242533
1.784227
1.311276
1.690984
1.642054
1.838462
1.945881
1.966296
1.848272
1.763142
1.541324
1.960422
1.801338
1.882492
1.640627
1.815743
1.268330
1.487337
1.955534
1.978196
1.851775
1.950350
1.316229
