1.923306
1.969253
1.965975
1.913312
1.961284
1.861188
1.827329
1.947288
1.741078
1.857675
1.835213
1.889735
1.986795
1.779633
1.948367
1.813731
1.905940
1.802196
1.911861
1.770043
1.902936
1.776454
1.753089
1.550028
1.934090
1.638300
1.769999
1.989535
1.996123
1.708644
1.810406
1.610628
1.962461
1.756979
1.790408
1.966011
1.948739
1.826561
1.477120
1.854368
1.704054
1.904016
1.903272
1.588087
1.893756
1.845383
1.729136
1.271815
1.870616
1.614226
1.535237
1.450042
1.829451
1.704217
1.798739
1.445026
1.786626
1.572395
1.710751
1.389010
1.358510
1.566942
1.759887
1.354105
1.765593
1.333723
1.966567
1.556047
1.673811
1.580003
1.700432
1.738925
1.570535
