1.902535
1.910706
1.745685
1.794075
1.896772
1.995592
1.971644
1.794957
1.902801
1.979918
1.965605
1.692563
1.851829
1.937070
1.824870
1.995425
1.891585
1.722411
1.751961
1.570754
1.711084
1.747153
1.911939
1.767166
1.591336
1.730798
1.738791
1.735183
1.646295
1.762036
1.905988
1.637193
1.954510
1.656006
1.742699
1.745020
1.876815
1.922045
1.890561
1.895441
1.329531
1.715424
1.886661
1.669235
1.534993
1.750922
1.708962
1.588420
1.558801
1.630528
1.912405
1.475327
1.635796
1.995893
1.298922
1.604746
1.632858
1.978478
1.769201
1.609701
1.626232
1.546208
1.940927
1.975859
1.560107
1.696996
1.645569
1.678270
1.500957
1.946661
1.903254
