1.806693
1.928273
1.983615
1.608093
1.994094
1.778281
1.914429
1.536727
1.999226
1.928443
1.772262
1.808871
1.950940
1.651435
1.892708
1.768622
1.937837
1.656332
1.864609
1.604154
1.739440
1.903280
1.933402
1.787427
1.838182
1.871782
1.631992
1.726512
1.999781
1.801973
1.983315
1.830605
1.916735
1.552134
1.607994
1.816580
1.864886
1.553381
1.967500
1.792076
1.774227
1.577371
1.897057
1.864227
1.824322
1.745365
1.878594
1.910332
1.766488
1.362309
1.819886
1.910501
1.675210
1.572028
1.689206
1.780255
1.967447
1.878207
1.571817
1.806339
1.865530
1.900035
1.468179
1.889613
1.796350
1.861103
1.826229
1.954429
1.703120
1.769130
1.391431
1.778888
1.681301
1.790031
1.749791
1.891731
1.876687
1.974906
1.718718
1.314792
1.775487
1.970476
1.784553
1.800490
1.585319
1.469207
