1.929697
1.911187
1.786464
1.959667
1.988645
1.939179
1.977399
1.897256
1.833620
1.845189
1.769990
1.686745
1.775530
1.804381
1.407001
1.753583
1.529899
1.805901
1.991808
1.471698
1.602804
1.682138
1.619689
1.910755
1.799214
1.894817
1.800009
1.755862
1.949443
1.528616
1.658270
1.996660
1.551370
1.816445
1.558190
1.807950
1.871759
1.581975
1.645885
1.701237
1.612959
1.568312
1.956345
1.977452
1.543094
1.515378
1.834577
1.439176
1.951842
1.951239
1.663728
1.848375
1.857510
1.996878
1.610919
1.889288
1.698307
1.864088
1.916611
1.908573
1.941941
1.612092
1.803591
1.681934
1.612924
1.685404
1.800786
1.738318
1.555853
1.506063
1.574836
1.970608
1.574915
1.627731
1.967599
1.928151
1.955852
1.947143
1.679916
1.683793
1.736535
1.442762
1.644864
1.675484
1.448347
1.963355
1.798613
1.733967
1.894639
1.772715
1.996940
1.986698
1.794357
1.914023
1.371329
