1.988070
1.875539
1.870932
1.877540
1.831271
1.958083
1.930944
1.844111
1.764910
1.971533
1.975451
1.993224
1.744880
1.985814
1.956840
1.755503
1.929304
1.925830
1.593805
1.754301
1.837843
1.905308
1.891460
1.787344
1.884586
1.790902
1.993748
1.653113
1.906023
1.692213
1.838648
1.882546
1.724111
1.835700
1.916724
1.682324
1.836860
1.969899
1.975792
1.667888
1.776836
1.840079
1.930821
1.787492
1.930763
1.802690
1.650118
1.820604
1.990215
1.855443
1.982409
1.483198
1.940874
1.916075
1.948483
1.979993
1.884504
1.765706
1.941924
1.959317
1.940465
1.758880
1.577931
1.819071
1.508330
1.620083
1.922887
1.877627
1.799926
1.642378
1.173868
1.654355
1.553332
1.747651
1.795684
1.673098
