1.898018
1.953565
1.803487
1.889837
1.943006
1.721004
1.790405
1.965414
1.930032
1.865720
1.798295
1.953622
1.885277
1.843839
1.924013
1.889458
1.756454
1.851404
1.909738
1.855891
1.866807
1.919722
1.750869
1.586267
1.382600
1.918584
1.989069
1.833044
1.630129
1.828887
1.851895
1.915104
1.680734
1.978863
1.970078
1.927387
1.604488
1.720318
1.613732
1.631794
1.899849
1.863074
1.526846
1.960940
1.995823
1.878029
1.440155
1.605650
1.690024
1.714739
1.781531
1.727706
1.829650
1.950069
1.873026
1.923940
1.569985
1.853608
1.464470
1.989328
1.497225
1.389180
1.489674
1.661660
1.879109
1.728565
1.329127
1.907981
1.556402
