1.932747
1.890225
1.882084
1.867227
1.984557
1.844968
1.751711
1.991882
1.900108
1.897931
1.976032
1.889970
1.770757
1.700290
1.780964
1.973878
1.758801
1.823504
1.857553
1.608745
1.994811
1.886042
1.849765
1.557655
1.871164
1.808061
1.738416
1.854480
1.898059
1.691180
1.851786
1.527888
1.957028
1.930298
1.457452
1.739023
1.922464
1.563186
1.582387
1.912635
1.644723
1.672457
1.954294
1.687210
1.883927
1.831364
1.691113
1.857874
1.924925
1.989050
1.605594
1.976436
1.814989
1.694346
1.947923
1.558140
1.613919
1.489124
1.951994
1.785112
1.620846
1.633970
1.594499
1.521805
1.748636
1.713721
1.760373
1.923717
1.459005
1.401108
1.585212
1.606565
1.891763
1.319919
1.769887
1.798159
1.414238
1.869941
