1.980413
1.954250
1.800806
1.981458
1.845705
1.916096
1.934581
1.869812
1.722074
1.838910
1.852784
1.980431
1.943433
1.915084
1.703981
1.471498
1.681801
1.948207
1.748338
1.824527
1.808216
1.632654
1.763267
1.964368
1.822001
1.976040
1.729570
1.833899
1.989634
1.944471
1.693558
1.964193
1.937116
1.660424
1.512057
1.615409
1.691900
1.712879
1.507923
1.764312
1.456421
1.898447
1.993586
1.964162
1.404909
1.469736
1.692161
1.687132
1.635392
1.835602
1.883887
1.923851
1.977390
1.676486
1.605256
1.714645
1.575209
1.944881
1.525721
1.441211
1.885087
1.771427
1.608259
1.907726
1.718193
1.955845
1.606792
1.634344
1.929097
1.744723
1.467654
1.492926
1.593506
1.756968
1.965124
1.808066
1.910283
1.630450
1.572166
1.980238
1.861422
1.493730
1.702316
1.716794
1.516136
1.253655
1.438290
1.463346
1.590223
1.714647
1.543671
1.493820
1.555820
1.806351
1.952344
1.280713
1.712086
1.839897
1.397220
1.935970
1.540706
