1.938578
1.991392
1.869997
1.857075
1.828622
1.780563
1.891012
1.652104
1.984214
1.865172
1.740232
1.798042
1.867846
1.913779
1.847943
1.789685
1.923363
1.803368
1.658566
1.938949
1.801193
1.870294
1.665080
1.777225
1.884833
1.637350
1.946806
1.970610
1.830183
1.917482
1.917083
1.830597
1.658797
1.566281
1.827288
1.867285
1.716635
1.963227
1.705231
1.650502
1.530170
1.905529
1.949600
1.690171
1.753186
1.795373
1.548757
1.714628
1.647436
1.804385
1.676546
1.884198
1.937952
1.562255
1.575111
1.838995
1.505670
1.984352
1.976019
1.935108
1.879376
1.462584
1.906011
1.754803
1.718478
1.993862
1.965256
1.785461
1.685587
1.480539
1.828935
1.380703
1.797398
1.733806
1.593035
1.991407
1.467023
1.454650
1.167836
1.867201
