1.897033
1.967417
1.977048
1.997797
1.972329
1.894872
1.961712
1.953843
1.685546
1.963278
1.875138
1.955621
1.991369
1.931563
1.918782
1.699891
1.893513
1.830275
1.866120
1.933232
1.844836
1.686574
1.864844
1.973057
1.470387
1.618619
1.815131
1.800800
1.716488
1.683957
1.716501
1.873020
1.961734
1.961359
1.899626
1.640930
1.941722
1.482655
1.836647
1.897709
1.815209
1.948515
1.866169
1.612956
1.764833
1.712018
1.535637
1.946649
1.528514
1.922417
1.845916
1.691910
1.749782
1.915551
1.933287
1.663752
1.870733
1.821911
1.619205
1.847993
1.947705
1.534218
1.533516
1.968672
1.311422
1.650824
1.913637
1.886495
1.905256
1.605610
1.741209
1.463366
