1.960154
1.682654
1.986045
1.738888
1.629374
1.571345
1.456984
1.899724
1.830299
1.803581
1.985823
1.731250
1.742421
1.892123
1.667526
1.821730
1.945584
1.884674
1.886159
1.884544
1.780791
1.782239
1.791909
1.962339
1.685822
1.999340
1.831601
1.915878
1.765800
1.858039
1.620749
1.738360
1.984132
1.742134
1.599547
1.795597
1.783765
1.677191
1.991744
1.938646
1.923593
1.860456
1.625700
1.408563
1.693260
1.925265
1.952823
1.810559
1.627129
1.837779
1.683093
1.899441
1.731946
1.982619
1.927714
1.625047
1.873191
1.807003
1.363196
1.728237
1.158172
1.649185
1.353138
1.559245
1.777302
1.669864
1.833319
1.372985
1.630823
1.419258
1.821811
1.425770
1.979134
1.321171
1.684981
1.415683
1.338161
1.792835
1.192256
1.601934
1.954229
