1.727247
1.968056
1.926629
1.993091
1.543259
1.903952
1.608614
1.745677
1.648899
1.938163
1.708165
1.999986
1.902658
1.921645
1.591663
1.562091
1.509870
1.784047
1.905706
1.726219
1.829188
1.926612
1.633542
1.769826
1.783208
1.864081
1.562837
1.875671
1.986250
1.863334
1.423899
1.866242
1.644392
1.475347
1.811065
1.552146
1.878187
1.761703
1.835424
1.944095
1.749439
1.563343
1.798902
1.298847
1.807952
1.642079
1.882136
1.551269
1.893458
1.404470
1.807064
1.784353
1.820730
1.698895
1.662426
1.794855
1.959722
1.996371
1.911728
1.563528
1.395191
1.530486
1.441096
1.849977
1.669138
1.964615
1.279638
1.689250
