1.902393
1.792602
1.961370
1.886984
1.692563
1.930811
1.936450
1.909056
1.843410
1.749954
1.718941
1.673851
1.580890
1.875487
1.875069
1.835890
1.984375
1.867563
1.952336
1.704352
1.870835
1.597686
1.981936
1.721429
1.964253
1.954020
1.881682
1.836649
1.828773
1.508782
1.819629
1.965951
1.829791
1.971534
1.672295
1.475895
1.722014
1.890005
1.860161
1.997866
1.615824
1.495420
1.958927
1.788069
1.720588
1.865227
1.624623
1.799902
1.873273
1.747957
1.674729
1.583844
1.994331
1.488996
1.588369
1.948388
1.402052
1.761582
1.609865
1.945415
1.820585
1.633919
1.827324
1.349263
1.641491
1.703875
1.875291
1.434788
1.500671
1.547870
1.354045
1.837312
1.218966
1.173905
