1.709705
1.841078
1.831109
1.873105
1.938448
1.843330
1.830946
1.570625
1.941161
1.843492
1.755661
1.791970
1.858789
1.872716
1.786431
1.991445
1.697635
1.861362
1.921681
1.914584
1.482668
1.771696
1.824709
1.415486
1.843344
1.778010
1.945471
1.370133
1.752815
1.715427
1.600771
1.801376
1.997998
1.720648
1.525021
1.709658
1.432363
1.637343
1.852378
1.957046
1.913250
1.384754
1.810637
1.649690
1.935385
1.443945
1.843591
1.379903
1.642210
1.650781
1.949390
1.755156
1.634063
1.571699
1.999730
1.992865
1.940227
1.806925
1.753572
1.779200
1.768726
1.614675
1.895418
1.472988
1.545688
1.951609
1.929038
1.939093
1.612683
1.306020
1.980471
1.770918
1.523282
1.521615
1.794503
1.637637
1.775023
1.558789
1.992387
1.906420
1.851480
1.761599
1.724298
1.617627
1.979124
1.815371
1.930813
1.466732
1.620446
1.463107
