1.733692
1.946561
1.952746
1.777561
1.887852
1.784756
1.981895
1.860737
1.676236
1.902327
1.586780
1.785088
1.847806
1.960606
1.805975
1.958260
1.704556
1.988823
1.778503
1.803050
1.789752
1.523032
1.944637
1.524815
1.938431
1.741559
1.861480
1.933622
1.981647
1.859778
1.809162
1.454838
1.562047
1.913562
1.843643
1.824643
1.901432
1.885333
1.972094
1.843100
1.693498
1.792208
1.909263
1.822812
1.853538
1.948567
1.717884
1.656720
1.782683
1.978270
1.693853
1.797443
1.911899
1.830759
1.647249
1.567357
1.625358
1.587926
1.698883
1.579910
1.591550
1.959835
1.622933
1.689300
1.670016
1.977907
1.828387
1.854653
1.594890
1.530906
1.951927
1.970873
1.581341
1.565400
1.606342
1.957870
1.914972
1.565341
1.667438
1.653447
1.302141
1.571808
1.939270
1.872022
1.898321
1.854550
1.488595
1.761934
1.569323
1.692211
1.297264
1.598359
1.417854
1.870087
1.979248
