1.826111
1.819551
1.685850
1.932718
1.985108
1.928443
1.897445
1.983493
1.919054
1.941001
1.658612
1.785094
1.782552
1.685481
1.584488
1.982377
1.619883
1.884018
1.761271
1.923994
1.794659
1.791386
1.964911
1.979933
1.750227
1.718620
1.653451
1.323453
1.980142
1.465126
1.490482
1.954137
1.971187
1.893748
1.425218
1.906010
1.758216
1.644782
1.786138
1.823599
1.774264
1.948331
1.990898
1.964536
1.815763
1.424984
1.910884
1.886437
1.691588
1.792946
1.910233
1.500862
1.851309
1.699361
1.904401
1.784416
1.860951
1.603100
1.338613
1.690833
1.963263
1.964577
1.672360
1.839409
1.717301
1.845637
1.795523
1.749712
1.841414
1.645560
1.901886
1.646864
1.608576
1.862165
1.931430
1.950733
1.802751
1.770372
1.640728
1.566795
1.706471
1.850318
1.963726
1.877491
1.812260
1.636851
1.918070
1.472765
1.990897
1.197702
1.790524
1.901537
