1.708709
1.572202
1.752453
1.859557
1.652071
1.854425
1.651030
1.892078
1.888514
1.796461
1.664566
1.987619
1.982958
1.891012
1.908389
1.870622
1.602019
1.993098
1.950318
1.954831
1.899967
1.948048
1.970471
1.789168
1.937511
1.639340
1.870591
1.661636
1.718016
1.772692
1.849878
1.910756
1.753682
1.488915
1.993879
1.875535
1.874243
1.868575
1.452788
1.772417
1.543046
1.962589
1.928724
1.997289
1.609281
1.793512
1.946732
1.766892
1.761479
1.910277
1.913751
1.725905
1.815026
1.761607
1.763175
1.650043
1.830835
1.617196
1.936391
1.687082
1.926610
1.992225
1.700109
1.762225
1.968034
1.693369
1.770076
1.884036
1.923567
1.659000
1.801690
1.992745
1.345984
1.624495
1.301335
1.712575
