1.929755
1.944340
1.919851
1.957680
1.949544
1.816930
1.891953
1.861559
1.806219
1.780457
1.881834
1.848335
1.992040
1.997749
1.911835
1.938343
1.889794
1.835635
1.832595
1.709010
1.826277
1.912211
1.577614
1.663601
1.742838
1.696765
1.717036
1.845548
1.446973
1.689773
1.897588
1.942652
1.976176
1.854584
1.705195
1.758372
1.523012
1.513441
1.767303
1.990670
1.732419
1.947140
1.917571
1.723431
1.682621
1.394895
1.959429
1.936083
1.735516
1.887563
1.956861
1.565762
1.706264
1.921993
1.966370
1.763779
1.788609
1.929157
1.672250
1.877850
1.952658
1.819397
1.701755
1.792055
1.624171
1.858404
1.903107
1.753862
1.931660
1.977670
1.406912
1.400267
1.780593
1.907542
1.835864
1.879464
1.447396
1.945044
1.928547
1.851102
1.901304
1.880576
1.478563
1.966444
1.391998
1.745462
1.596351
1.623248
1.850681
1.190885
1.941599
1.949514
1.717868
1.383942
1.341972
1.854735
1.440425
