1.616112
1.874611
1.759044
1.983866
1.930435
1.829114
1.978784
1.594002
1.765441
1.820904
1.652802
1.931327
1.713379
1.898584
1.860007
1.768256
1.791912
1.736188
1.906983
1.989665
1.791962
1.821622
1.632351
1.744436
1.702648
1.860545
1.703054
1.950947
1.924183
1.760964
1.918497
1.688563
1.652111
1.607296
1.955296
1.881675
1.629272
1.767884
1.961146
1.906546
1.441014
1.972003
1.707192
1.779901
1.963156
1.815910
1.634634
1.849407
1.501000
1.776047
1.805791
1.865963
1.553715
1.723893
1.762905
1.940895
1.615566
1.820402
1.743562
1.728939
1.387538
1.926057
1.482704
1.355025
1.482014
1.541566
1.891900
1.696212
1.954124
1.948282
1.542372
1.662716
1.553872
1.325231
1.747558
1.751067
1.675246
1.985024
1.786971
1.293999
1.955353
1.565621
1.322804
