1.931012
1.958435
1.988191
1.809477
1.920418
1.892389
1.989406
1.944251
1.468212
1.822568
1.946964
1.521146
1.945836
1.715282
1.745257
1.958700
1.963332
1.555852
1.862817
1.926573
1.845890
1.427254
1.912192
1.925479
1.932059
1.795898
1.917206
1.687966
1.880258
1.964205
1.738645
1.745959
1.707826
1.868375
1.806572
1.743029
1.896798
1.770043
1.843600
1.853634
1.767170
1.868559
1.973789
1.707449
1.899810
1.979010
1.961531
1.531310
1.928354
1.984047
1.923923
1.464165
1.836653
1.745428
1.408179
1.372355
1.606700
1.316296
1.845912
1.935047
1.994245
1.586103
1.796147
1.319075
1.938000
1.399309
1.419332
1.993159
1.973144
1.525275
1.429225
1.577684
1.876938
1.978854
1.828375
1.421990
1.808319
1.956958
1.506960
1.651633
1.640343
1.586294
1.451274
1.905597
1.249993
1.857329
1.620285
1.856543
