1.858307
1.963288
1.955001
1.944210
1.917475
1.841458
1.924791
1.877859
1.534234
1.790147
1.723623
1.893577
1.851769
1.956345
1.869263
1.829324
1.831615
1.760554
1.756491
1.620371
1.844140
1.886772
1.803780
1.807010
1.981461
1.887718
1.806109
1.978394
1.748657
1.876361
1.766207
1.671743
1.935069
1.488566
1.861934
1.947378
1.927542
1.653200
1.694137
1.936947
1.959961
1.605701
1.909844
1.864444
1.783441
1.729464
1.796423
1.837547
1.964822
1.802896
1.482920
1.977652
1.461532
1.594281
1.759627
1.559676
1.614194
1.840679
1.968738
1.555701
1.602053
1.950647
1.875192
1.750709
1.712656
1.545765
1.454267
1.856966
1.913444
1.582488
1.872379
1.494480
1.962281
1.792534
1.566908
1.845260
1.463853
