1.754322
1.969336
1.724914
1.960010
1.984016
1.835695
1.933452
1.951419
1.997171
1.803397
1.867140
1.607469
1.688000
1.989549
1.694418
1.957013
1.585799
1.955565
1.817034
1.979015
1.795242
1.521278
1.955196
1.999811
1.951854
1.973697
1.913992
1.659217
1.994251
1.645999
1.755212
1.469525
1.938199
1.497791
1.486476
1.840594
1.925851
1.964538
1.898641
1.993106
1.876836
1.839869
1.958814
1.957920
1.491897
1.990687
1.793800
1.889334
1.740182
1.662357
1.472443
1.770181
1.641146
1.850742
1.787463
1.605360
1.731467
1.588262
1.819738
1.727605
1.832865
1.643317
1.615601
1.875425
1.836997
1.640182
1.954852
1.385366
1.915641
1.531639
1.906876
1.794577
1.886186
1.984953
1.660090
1.903252
1.960496
1.668780
1.780996
1.704157
1.736575
1.974181
1.650819
1.750181
1.779108
1.345460
1.827500
1.445052
1.889516
1.417751
1.993091
1.520887
1.339775
1.463127
1.805229
1.760216
1.738875
1.548285
