1.944392
1.728418
1.701245
1.879087
1.745117
1.887265
1.877939
1.882962
1.964496
1.591946
1.994660
1.709071
1.845562
1.819728
1.608123
1.968733
1.749786
1.800790
1.972027
1.778578
1.884148
1.628432
1.817043
1.874555
1.701065
1.918785
1.499258
1.739198
1.759327
1.926138
1.757180
1.581285
1.843028
1.389679
1.998148
1.681382
1.917850
1.548042
1.656572
1.787301
1.942338
1.824086
1.807002
1.759705
1.883822
1.663221
1.895964
1.743626
1.571024
1.885132
1.643171
1.564550
1.380857
1.949024
1.469128
1.961655
1.700077
1.517214
1.774251
1.950589
1.778540
1.460076
1.812671
1.710272
1.681875
1.862813
1.776939
1.483351
1.205641
1.902578
1.986905
1.546658
1.588368
1.889006
1.481459
1.991389
1.808635
