1.860929
1.824237
1.835008
1.776353
1.873420
1.937074
1.532378
1.908521
1.810838
1.859316
1.887204
1.678145
1.923887
1.915953
1.996762
1.964927
1.973975
1.780216
1.620219
1.959416
1.724992
1.879519
1.965777
1.907782
1.775527
1.684512
1.753462
1.835789
1.959605
1.897590
1.821213
1.738141
1.700058
1.932379
1.882172
1.720354
1.698410
1.863041
1.892399
1.200001
1.840335
1.953579
1.902719
1.881269
1.724368
1.791079
1.991880
1.975123
1.668609
1.502969
1.943671
1.672810
1.830405
1.696506
1.729566
1.844597
1.873384
1.845435
1.650250
1.870396
1.853541
1.958285
1.755388
1.935681
1.360926
1.878383
1.407013
1.821560
1.611523
1.690665
1.561445
1.979020
1.846728
1.679303
1.958839
1.415286
1.789537
1.886632
1.780824
1.666361
1.912694
1.637833
1.891628
1.876360
1.704444
1.960752
1.644066
1.933871
1.840924
1.950340
1.828544
1.759335
1.939727
1.940760
1.880717
1.307888
1.533311
1.915693
