1.833489
1.934863
1.853753
1.981591
1.807152
1.883522
1.880213
1.832711
1.988631
1.862319
1.817054
1.831717
1.940682
1.745096
1.698784
1.749671
1.763713
1.801033
1.947520
1.603890
1.678780
1.771773
1.664838
1.714221
1.897512
1.831143
1.482291
1.381447
1.813515
1.644847
1.638650
1.962119
1.837297
1.979804
1.728710
1.959837
1.832541
1.783177
1.989212
1.814989
1.639702
1.898924
1.542809
1.951966
1.885716
1.734083
1.525365
1.977397
1.557366
1.650547
1.684019
1.581660
1.870150
1.959370
1.892572
1.976736
1.546110
1.485296
1.830143
1.193669
1.495571
1.451688
1.822536
1.982193
1.280698
1.692868
1.155095
