1.777777
1.899498
1.881528
1.839835
1.919541
1.821959
1.993476
1.503755
1.832070
1.852769
1.889948
1.811015
1.876007
1.999723
1.967783
1.664802
1.661522
1.893533
1.744184
1.853008
1.943937
1.937522
1.597692
1.996416
1.963116
1.826460
1.758400
1.836843
1.732729
1.990219
1.994785
1.574894
1.456436
1.938242
1.282976
1.422731
1.561940
1.834478
1.974431
1.799316
1.888012
1.695350
1.926313
1.584371
1.708273
1.902203
1.768023
1.933461
1.956382
1.559428
1.482196
1.382524
1.593024
1.547990
1.941778
1.940734
1.603061
1.953692
1.758590
1.551418
1.502665
1.791684
1.982706
1.947425
1.724199
1.625073
1.688794
1.849841
1.770498
1.522052
1.783469
1.809062
1.504117
1.543917
1.705683
1.940776
1.445423
1.362472
