1.821471
1.996433
1.659654
1.986291
1.939454
1.849119
1.824628
1.908949
1.700816
1.921312
1.625765
1.968058
1.691773
1.774959
1.767314
1.713169
1.960745
1.860222
1.910801
1.869444
1.533168
1.625115
1.955539
1.949737
1.813003
1.788576
1.838888
1.927034
1.414109
1.612232
1.351712
1.650600
1.846905
1.925528
1.834325
1.988105
1.892188
1.883915
1.443743
1.976254
1.820689
1.973564
1.965070
1.691740
1.962272
1.816430
1.789304
1.608172
1.939214
1.993001
1.653701
1.912182
1.717135
1.991368
1.589634
1.784462
1.890652
1.634947
1.983744
1.945686
1.401688
1.579164
1.882951
1.748036
1.952051
1.387405
1.905008
1.686824
1.928635
1.639465
1.916218
1.753983
1.737335
1.328545
1.557459
