1.707473
1.627897
1.990048
1.933199
1.714250
1.830525
1.907002
1.897512
1.921550
1.708778
1.820769
1.582119
1.996836
1.990328
1.734613
1.821271
1.521150
1.631449
1.939638
1.676640
1.362900
1.592568
1.954023
1.860614
1.876729
1.980607
1.563010
1.557296
1.883237
1.896317
1.913946
1.598478
1.389161
1.857282
1.669759
1.734984
1.676590
1.912623
1.936593
1.490460
1.797067
1.967217
1.755630
1.619010
1.809349
1.938955
1.752949
1.965628
1.633270
1.759462
1.839123
1.794433
1.676654
1.529848
1.941156
1.777069
1.696210
1.567081
1.981859
1.239281
1.954690
1.530724
1.704938
1.994510
1.903151
1.516986
1.988436
1.366176
1.785555
1.945457
1.905208
1.951427
1.988091
1.739803
1.619233
