1.929918
1.914573
1.868763
1.851612
1.724412
1.459599
1.847606
1.966879
1.802871
1.920354
1.959487
1.994623
1.461967
1.887062
1.936284
1.988005
1.707047
1.932186
1.849208
1.646797
1.686685
1.793540
1.895824
1.971266
1.968708
1.802599
1.846441
1.728145
1.750262
1.753541
1.857144
1.786773
1.633673
1.910985
1.836660
1.637365
1.734618
1.775002
1.514583
1.826204
1.966729
1.986736
1.510308
1.666357
1.687463
1.579783
1.728292
1.936506
1.339891
1.704909
1.527905
1.805333
1.449109
1.865916
1.719297
1.926099
1.849993
1.816370
1.942483
1.848950
1.759427
1.561562
1.717050
1.514998
1.816563
1.396679
1.825208
1.643675
1.373381
1.818119
1.982970
1.216745
1.708300
1.858804
1.940870
1.777744
1.211781
