1.995075
1.936001
1.726590
1.781498
1.954866
1.922845
1.949393
1.740027
1.928816
1.984529
1.774556
1.878861
1.943431
1.996280
1.877056
1.919917
1.441885
1.830222
1.928448
1.740704
1.920238
1.583400
1.665741
1.843028
1.923964
1.930501
1.794635
1.691694
1.580101
1.789557
1.961570
1.525227
1.813345
1.901612
1.696420
1.887511
1.990802
1.650443
1.566571
1.783918
1.736095
1.942179
1.454150
1.651793
1.850077
1.951321
1.786618
1.747967
1.968451
1.675567
1.837054
1.677290
1.297398
1.773401
1.725333
1.683506
1.930368
1.557716
1.975648
1.823718
1.546404
1.866898
1.308071
1.864889
1.717430
1.637604
1.928608
1.906396
1.916644
1.598605
1.574189
1.499778
1.978230
1.674805
1.832676
