1.828762
1.993843
1.897831
1.953746
1.942591
1.505192
1.789831
1.812825
1.795892
1.873417
1.847948
1.974046
1.842758
1.805928
1.893294
1.872709
1.832531
1.982508
1.586806
1.896861
1.920222
1.829435
1.471184
1.829650
1.861706
1.885344
1.886655
1.868677
1.766913
1.277175
1.587463
1.998898
1.674839
1.823001
1.839209
1.955036
1.762863
1.463868
1.918644
1.543670
1.809241
1.978878
1.540271
1.601252
1.688157
1.651520
1.863582
1.938002
1.973091
1.461113
1.328343
1.753501
1.706466
1.815464
1.761096
1.965901
1.639433
1.703962
1.815716
1.680288
1.766945
1.637146
1.869150
1.501436
1.706803
1.669037
1.796513
1.526673
1.988051
1.662246
1.931891
1.767567
1.252837
1.978078
1.224930
1.389489
1.824765
1.510075
