1.629890
1.654264
1.899843
1.784232
1.694585
1.798746
1.845583
1.677637
1.656594
1.877267
1.713846
1.925424
1.866933
1.954045
1.650732
1.864947
1.677049
1.983905
1.745108
1.759098
1.942428
1.964684
1.856318
1.939687
1.998879
1.845478
1.804268
1.492900
1.729383
1.883324
1.847737
1.883738
1.955721
1.567634
1.959402
1.693215
1.629868
1.943064
1.508898
1.938692
1.407719
1.936909
1.993081
1.920302
1.858951
1.305097
1.498115
1.792375
1.594244
1.717272
1.746133
1.398476
1.822887
1.942369
1.671342
1.618681
1.897256
1.581334
1.802076
1.701913
1.434605
1.838663
1.983853
1.543171
1.591446
1.302822
1.855386
1.581214
1.746019
1.857560
1.727827
1.622763
1.513853
1.671253
1.548832
1.683833
1.266995
1.702262
