1.704711
1.904900
1.846709
1.870440
1.983651
1.975989
1.848364
1.986485
1.740099
1.837257
1.973195
1.905483
1.954272
1.952718
1.764517
1.767563
1.860879
1.938546
1.152722
1.602019
1.815788
1.896266
1.692229
1.924138
1.981809
1.900781
1.890696
1.952321
1.795395
1.925618
1.887598
1.840059
1.749994
1.837583
1.970041
1.829892
1.351168
1.931516
1.902186
1.724271
1.496254
1.964587
1.996105
1.727988
1.392601
1.889283
1.973734
1.575088
1.814120
1.909076
1.468082
1.603044
1.774183
1.948304
1.689179
1.381377
1.483252
1.307338
1.820141
1.884882
1.854759
1.903390
1.725297
1.616076
1.829419
1.718575
1.658278
1.393489
