1.972081
1.994807
1.973543
1.724880
1.794984
1.759099
1.958050
1.517734
1.943797
1.672556
1.751094
1.986320
1.700220
1.872027
1.745111
1.926899
1.960168
1.738943
1.495923
1.436365
1.850029
1.956676
1.602922
1.938592
1.917062
1.796453
1.538475
1.583284
1.615429
1.588114
1.533049
1.589034
1.529769
1.848324
1.627393
1.744609
1.763230
1.810300
1.663032
1.712900
1.884117
1.700831
1.813967
1.910122
1.968456
1.859384
1.960299
1.973806
1.925567
1.981962
1.699521
1.849961
1.866120
1.353029
1.835379
1.971126
1.886084
1.638571
1.460276
1.649144
1.843220
1.989150
1.873182
1.990082
1.865487
1.647478
1.745808
1.321077
1.957026
1.917960
1.501651
1.377912
1.771464
1.956477
