1.803374
1.876259
1.885664
1.814830
1.731464
1.866962
1.851105
1.576899
1.908841
1.955242
1.952370
1.960207
1.896250
1.963016
1.893476
1.929201
1.814449
1.840079
1.967939
1.601821
1.998532
1.927553
1.869719
1.410765
1.418439
1.786108
1.779626
1.487994
1.585178
1.939022
1.790864
1.985232
1.891824
1.669844
1.894446
1.954914
1.898770
1.703355
1.877960
1.929931
1.784239
1.952486
1.929389
1.438720
1.917833
1.818846
1.878387
1.631593
1.648486
1.525990
1.702316
1.524108
1.527931
1.848323
1.720593
1.895233
1.691778
1.410679
1.914671
1.699353
1.240845
1.711331
1.185468
1.949817
