1.748953
1.727968
1.859887
1.620690
1.926547
1.982106
1.904869
1.890329
1.909378
1.856321
1.836000
1.909984
1.829078
1.991991
1.980436
1.947614
1.856137
1.976023
1.495800
1.933521
1.811381
1.580887
1.831853
1.898100
1.676900
1.560551
1.679004
1.540054
1.660114
1.859497
1.690397
1.888870
1.984990
1.687705
1.954956
1.732553
1.845071
1.787451
1.895490
1.862207
1.785919
1.974531
1.891786
1.384277
1.839951
1.499399
1.745681
1.855646
1.478872
1.556288
1.735523
1.619024
1.473412
1.589630
1.668975
1.661109
1.426974
1.979973
1.948972
1.982258
1.349250
1.982100
1.861137
1.593009
1.568239
1.981262
1.979678
1.502317
1.724404
1.918644
1.806494
1.976333
1.807567
1.446018
1.802396
