1.664459
1.980527
1.991419
1.860617
1.912287
1.881409
1.911275
1.930699
1.963267
1.916073
1.825787
1.948778
1.977504
1.930477
1.907639
1.699648
1.993442
1.811798
1.934611
1.846017
1.982940
1.987223
1.688808
1.757540
1.991562
1.753412
1.945387
1.889863
1.927382
1.943889
1.835068
1.853797
1.697938
1.882239
1.705796
1.624401
1.655128
1.758658
1.904677
1.712820
1.991460
1.720149
1.809228
1.772316
1.711017
1.874999
1.877632
1.686005
1.895725
1.882648
1.853551
1.934812
1.759378
1.555344
1.827628
1.945214
1.968545
1.643275
1.789845
1.664824
1.963886
1.957638
1.580675
1.715971
1.594625
1.710385
1.656372
1.501840
1.801212
1.947403
1.834001
1.775745
1.691709
1.827404
1.388367
1.926974
1.773871
1.553975
1.576359
1.935822
1.783846
1.981643
1.672544
1.995619
1.837354
1.719315
