1.948582
1.965689
1.743874
1.852631
1.792879
1.817868
1.945065
1.591973
1.693435
1.950282
1.891732
1.672845
1.741363
1.329790
1.787653
1.904417
1.789831
1.987283
1.499996
1.622350
1.937829
1.986408
1.736419
1.864308
1.831284
1.929407
1.997588
1.957119
1.633315
1.800782
1.923393
1.910605
1.852194
1.470551
1.964507
1.754709
1.866135
1.816044
1.452551
1.719321
1.752172
1.946993
1.978818
1.905981
1.947831
1.580749
1.756721
1.815930
1.949042
1.387394
1.503964
1.919361
1.972920
1.884381
1.521912
1.834455
1.366619
1.809651
1.815229
1.836087
1.618701
1.879008
1.465984
1.563938
1.554170
1.506971
1.898921
1.930816
1.891121
1.851334
1.850989
1.718375
1.972400
