1.946555
1.962445
1.727396
1.985291
1.759953
1.692903
1.676616
1.973027
1.940303
1.793417
1.638312
1.856268
1.921994
1.727342
1.980404
1.813722
1.977155
1.984373
1.755477
1.755763
1.758712
1.924591
1.975791
1.930692
1.932551
1.880667
1.962870
1.655616
1.910650
1.761974
1.824236
1.599784
1.936092
1.778958
1.586383
1.801002
1.687755
1.519649
1.354171
1.466906
1.754175
1.992499
1.421432
1.728825
1.672114
1.860689
1.994431
1.554193
1.878100
1.749941
1.824001
1.673346
1.917376
1.779389
1.957960
1.905518
1.844419
1.561570
1.745065
1.896156
1.807919
1.316989
1.654846
1.684515
1.678207
1.715716
1.548015
1.739135
1.906375
1.909022
1.507561
1.424527
1.751067
1.549524
1.720446
1.561627
1.862928
1.997379
1.922310
1.913844
1.746689
1.913544
1.768904
1.907577
1.631261
1.789712
1.486407
1.822009
1.655346
1.750802
1.269016
1.894092
1.849859
1.396921
