1.746297
1.652117
1.459195
1.961084
1.892651
1.876243
1.869461
1.838675
1.927083
1.601231
1.901390
1.895633
1.888913
1.681389
1.492370
1.655580
1.670394
1.740745
1.560351
1.936175
1.648575
1.746740
1.492959
1.797271
1.979869
1.791164
1.685340
1.965951
1.697625
1.897595
1.633305
1.696763
1.790937
1.848302
1.808898
1.951061
1.865298
1.850928
1.808055
1.964542
1.823591
1.995586
1.566782
1.821630
1.955983
1.704599
1.722303
1.773697
1.995241
1.660942
1.988866
1.790892
1.682219
1.713067
1.912242
1.872426
1.845070
1.945119
1.515127
1.588559
1.554017
1.939596
1.640799
1.547995
1.588119
1.782666
1.463485
1.515170
1.587204
1.927296
1.916364
1.375064
1.763425
1.407331
1.661472
1.900945
