1.739739
1.775805
1.883754
1.999769
1.961147
1.610143
1.978820
1.972881
1.605362
1.752121
1.635338
1.726468
1.748839
1.769225
1.841220
1.825263
1.815394
1.987731
1.780867
1.862517
1.766072
1.906328
1.788590
1.727000
1.909404
1.640191
1.404543
1.955087
1.565232
1.947219
1.915084
1.841242
1.892605
1.968155
1.667724
1.845266
1.512656
1.747096
1.780348
1.672013
1.950488
1.984634
1.968767
1.599141
1.930580
1.968497
1.729319
1.489814
1.453373
1.647774
1.913394
1.593178
1.807161
1.831377
1.644995
1.585767
1.768476
1.435407
1.739224
1.931846
1.379918
1.357777
1.885465
1.924138
1.362371
1.752467
1.383600
1.812940
1.947489
1.868671
1.833580
1.723714
1.580156
1.858370
1.997195
1.232286
1.819139
