1.925042
1.839499
1.840426
1.735126
1.981139
1.877883
1.950696
1.966066
1.900766
1.822957
1.682051
1.760737
1.900239
1.759297
1.841721
1.860538
1.555538
1.899245
1.946925
1.343540
1.863991
1.949667
1.816763
1.875324
1.719110
1.819182
1.597234
1.891730
1.857592
1.850282
1.737391
1.926422
1.790275
1.575272
1.466532
1.943809
1.654371
1.688350
1.797208
1.890947
1.678906
1.991616
1.604581
1.746682
1.868205
1.396970
1.387410
1.916911
1.883139
1.417427
1.448312
1.511722
1.819809
1.921403
1.309489
1.526186
1.579515
1.752730
1.732904
1.407693
1.898190
1.719482
1.691460
1.804567
1.601305
1.772884
1.501276
1.588961
1.645166
1.739530
1.367971
1.704053
1.811808
1.238738
1.828173
