1.926687
1.881090
1.933619
1.924419
1.630051
1.827237
1.989829
1.878104
1.769602
1.710117
1.792458
1.691019
1.491029
1.954987
1.870086
1.895406
1.927512
1.701529
1.785498
1.780249
1.899236
1.838978
1.997431
1.771831
1.483757
1.926051
1.849410
1.785867
1.908552
1.626818
1.651343
1.258980
1.971911
1.936416
1.797179
1.960626
1.768187
1.807758
1.664402
1.763966
1.889148
1.968332
1.961875
1.979196
1.621336
1.751222
1.362546
1.916139
1.647140
1.865951
1.750394
1.954579
1.724557
1.884588
1.746818
1.666549
1.613007
1.483812
1.651278
1.861217
1.480914
1.672707
1.698554
1.854385
1.968375
1.569839
1.630601
1.551302
1.914783
1.974887
1.308777
1.974923
1.672400
1.180872
1.713139
