1.977928
1.988788
1.999420
1.625004
1.933268
1.806509
1.925166
1.994503
1.932637
1.880777
1.726626
1.864862
1.854859
1.669042
1.991483
1.865900
1.863045
1.667820
1.843620
1.772800
1.976042
1.823775
1.843437
1.896146
1.513633
1.846769
1.875197
1.838812
1.952397
1.769278
1.863825
1.658345
1.589954
1.914819
1.998130
1.816583
1.994841
1.769184
1.881112
1.698572
1.698707
1.944869
1.978312
1.589371
1.922750
1.590946
1.836479
1.752163
1.956853
1.788848
1.858167
1.978159
1.778102
1.580786
1.701526
1.951274
1.651530
1.560488
1.820211
1.950390
1.521884
1.542975
1.337561
1.697043
1.983105
1.733616
1.933462
1.856751
1.219465
1.328374
1.693919
