1.849006
1.930984
1.767414
1.830979
1.481243
1.967179
1.916938
1.749897
1.891867
1.949934
1.731415
1.990620
1.991626
1.646795
1.846772
1.928939
1.804375
1.934929
1.513268
1.869281
1.457063
1.606606
1.888539
1.880957
1.827130
1.557297
1.527036
1.977549
1.862116
1.948722
1.856284
1.877881
1.954805
1.836042
1.995131
1.726095
1.490246
1.982389
1.724350
1.674434
1.399032
1.613234
1.951691
1.828777
1.466948
1.975369
1.797194
1.558772
1.745042
1.901515
1.401762
1.677402
1.840663
1.800958
1.906985
1.750839
1.892319
1.505620
1.649858
1.914334
1.877518
1.579926
1.700642
1.772148
1.805213
1.893527
1.930401
1.982533
1.912445
1.603968
1.930007
1.885457
1.531335
1.365117
1.928645
1.627134
1.906447
1.992056
1.530614
1.532007
1.817820
1.774777
1.875393
1.957614
1.500043
1.879778
1.092118
1.613091
1.785195
1.723449
1.864193
1.947896
1.239105
1.464570
