1.950112
1.930299
1.870100
1.840145
1.794413
1.946860
1.957235
1.832472
1.976239
1.818138
1.955494
1.749264
1.918158
1.772628
1.939345
1.860788
1.615066
1.995736
1.764481
1.950341
1.837296
1.884962
1.894424
1.481666
1.920051
1.815903
1.805855
1.660703
1.450348
1.797866
1.823295
1.908759
1.928182
1.622988
1.728799
1.949402
1.785396
1.983784
1.961942
1.681564
1.965257
1.668409
1.960558
1.875533
1.442598
1.965252
1.597633
1.742205
1.690431
1.516645
1.520991
1.924411
1.683420
1.720509
1.764856
1.865199
1.660091
1.993693
1.691024
1.846188
1.865939
1.718007
1.593271
1.650233
1.857750
1.859274
1.372364
1.609076
1.820670
1.294410
1.814860
1.692165
1.856920
1.582253
1.519146
1.995406
