1.956183
1.996977
1.863900
1.716472
1.909185
1.893434
1.979537
1.838105
1.670492
1.721196
1.797042
1.801478
1.806791
1.760466
1.775222
1.841172
1.881703
1.766271
1.826273
1.741531
1.885906
1.635073
1.681292
1.491926
1.795216
1.757125
1.987790
1.673835
1.625889
1.950671
1.805571
1.940109
1.899851
1.548077
1.956052
1.852597
1.358713
1.683873
1.751761
1.485491
1.949068
1.921259
1.470177
1.895273
1.373491
1.998392
1.454446
1.450393
1.720110
1.544828
1.912065
1.835853
1.948521
1.667589
1.865070
1.957504
1.679342
1.185862
1.461418
1.835993
1.662179
