1.923305
1.871758
1.980748
1.965280
1.980843
1.974944
1.990718
1.904438
1.921191
1.771289
1.939503
1.951503
1.982639
1.942585
1.735126
1.621638
1.925231
1.896238
1.641023
1.960882
1.839888
1.581167
1.937187
1.832442
1.829671
1.955188
1.691906
1.883466
1.693713
1.819469
1.582230
1.717120
1.949918
1.973510
1.968743
1.683447
1.535111
1.814988
1.986067
1.924995
1.674017
1.987070
1.388866
1.735320
1.886297
1.667713
1.619596
1.968147
1.763688
1.976074
1.523884
1.922998
1.806333
1.976717
1.865903
1.879037
1.801920
1.501518
1.734814
1.447191
1.568049
1.851682
1.973892
1.958206
1.671253
1.955040
1.693256
1.410463
1.965347
1.826286
1.943415
1.776679
1.694314
1.286140
1.204174
1.739825
1.375277
1.624401
1.887984
