1.939370
1.788816
1.969808
1.432732
1.832928
1.929047
1.789730
1.791402
1.732032
1.751300
1.629872
1.796030
1.807393
1.592643
1.306357
1.833174
1.885005
1.995246
1.535220
1.716022
1.656526
1.405323
1.972053
1.923186
1.773262
1.770692
1.704221
1.978768
1.701042
1.685415
1.738844
1.523912
1.832005
1.868501
1.913264
1.746085
1.947038
1.937527
1.918533
1.855686
1.753248
1.977750
1.659607
1.685417
1.846323
1.447294
1.981987
1.785658
1.580099
1.896236
1.803564
1.484312
1.759456
1.514679
1.900235
1.593498
1.304815
1.409860
1.824873
1.769670
1.994425
1.895255
1.727659
1.285978
1.748165
1.591127
1.840129
1.640568
1.763178
1.677470
1.867316
1.968157
1.968686
1.397714
1.416895
1.930815
1.890589
1.932504
1.751816
1.724811
1.874500
1.850214
1.621863
1.810456
1.983287
1.828644
1.820981
