1.955219
1.874837
1.913251
1.591684
1.653297
1.951362
1.787749
1.947689
1.861799
1.867529
1.605665
1.976328
1.832648
1.894907
1.824518
1.924978
1.501517
1.797156
1.848901
1.743538
1.785538
1.984484
1.750993
1.800712
1.701317
1.523293
1.784166
1.888468
1.925923
1.435178
1.517551
1.682066
1.811020
1.810950
1.642677
1.876063
1.713065
1.599867
1.904543
1.608977
1.801714
1.926186
1.739966
1.970494
1.996861
1.758825
1.548627
1.698573
1.995597
1.842146
1.837003
1.773408
1.353956
1.677308
1.632933
1.994250
1.657271
1.223396
1.483637
1.804197
1.751295
1.729948
1.436385
1.569766
1.691393
1.835529
