1.838799
1.804842
1.688013
1.999237
1.631106
1.963800
1.857876
1.889890
1.917844
1.904612
1.905171
1.982207
1.766624
1.872991
1.675126
1.934622
1.988429
1.968295
1.458704
1.884603
1.442335
1.785770
1.560866
1.702490
1.906761
1.626439
1.892231
1.708699
1.900983
1.868291
1.713534
1.835110
1.722385
1.593141
1.824232
1.968457
1.950945
1.909498
1.919623
1.225795
1.962844
1.997611
1.893024
1.928577
1.503800
1.936284
1.679235
1.560303
1.332000
1.822841
1.781831
1.935336
1.649012
1.777022
1.590726
1.925899
1.894449
1.777623
1.973455
1.569448
1.638478
1.413736
1.920409
1.728444
1.674406
1.610073
1.693551
1.521688
1.771144
1.399414
1.263626
1.992163
1.842443
1.354771
1.686383
1.801209
1.969280
1.863444
