1.935854
1.917578
1.962742
1.877183
1.909400
1.993035
1.842798
1.892354
1.759326
1.794031
1.974534
1.984731
1.949356
1.716982
1.856329
1.881396
1.489496
1.845248
1.771951
1.859040
1.913394
1.710532
1.971400
1.881269
1.492269
1.803766
1.829096
1.816092
1.639495
1.720056
1.911304
1.955601
1.902861
1.570408
1.769228
1.896858
1.807968
1.811998
1.884589
1.435495
1.835793
1.920856
1.618762
1.834534
1.855768
1.821259
1.629172
1.574986
1.985138
1.943984
1.796176
1.806177
1.875785
1.979657
1.608232
1.665638
1.568381
1.624939
1.771612
1.691309
1.830342
1.697784
1.611367
1.316850
1.824346
1.768182
1.943515
1.531899
1.412197
1.430105
1.899085
1.775018
1.850650
1.730263
1.384156
1.818217
1.716835
1.659442
1.547611
1.650936
1.762368
1.327383
1.634229
1.878547
1.619183
1.630969
1.966322
1.525018
1.408379
1.777937
1.547466
1.430020
