1.927375
1.979693
1.693241
1.949244
1.870565
1.782293
1.715655
1.723208
1.761152
1.869739
1.752551
1.732380
1.622189
1.959155
1.877639
1.859721
1.516671
1.936174
1.991975
1.845878
1.781814
1.605556
1.684317
1.798441
1.990359
1.679403
1.485417
1.839076
1.800869
1.987845
1.770779
1.925284
1.922185
1.888589
1.745361
1.822739
1.927757
1.909919
1.998996
1.759442
1.902768
1.505467
1.783489
1.957070
1.532328
1.629936
1.763473
1.805685
1.534515
1.887862
1.670466
1.852776
1.909109
1.681795
1.509668
1.801443
1.794594
1.723820
1.504506
1.789207
1.854299
1.955300
1.508070
1.810858
1.826345
1.475058
1.823560
1.829166
1.978940
1.797573
1.500621
1.680717
1.726327
1.774967
1.613255
1.710746
1.961672
1.580492
1.796686
1.570027
1.538160
1.942835
1.298453
1.901656
1.210014
