1.808142
1.896523
1.855599
1.737313
1.642553
1.591176
1.927625
1.872361
1.971549
1.699796
1.778701
1.757432
1.966910
1.875356
1.954376
1.888211
1.865575
1.839161
1.997937
1.803251
1.983698
1.541505
1.578689
1.953577
1.827749
1.656835
1.758348
1.749639
1.896816
1.492180
1.800245
1.680235
1.975239
1.852760
1.850103
1.528257
1.781947
1.692642
1.935999
1.956744
1.976067
1.981587
1.967210
1.913307
1.669240
1.782834
1.902281
1.918332
1.563596
1.943318
1.888507
1.789977
1.547532
1.797049
1.713765
1.951833
1.675730
1.458937
1.926126
1.981262
1.473935
1.866823
1.802901
1.631153
1.787043
1.332609
1.459915
1.676224
1.329355
1.283351
1.766109
1.972109
1.846770
1.521822
1.483920
1.828589
1.891524
1.681610
1.976806
1.759649
1.331796
1.375301
1.903649
1.641428
1.943215
1.207356
1.215511
1.624096
1.891197
1.548101
1.918168
