1.941177
1.567278
1.722259
1.959237
1.646537
1.675466
1.995342
1.915609
1.979808
1.646011
1.909556
1.987849
1.926566
1.733649
1.821724
1.692745
1.829416
1.928193
1.940210
1.997889
1.952358
1.700115
1.809061
1.675734
1.799386
1.975067
1.948870
1.829484
1.873291
1.731993
1.970622
1.524188
1.822660
1.872133
1.416790
1.907031
1.581712
1.921380
1.621284
1.525304
1.868544
1.791160
1.719994
1.757863
1.934479
1.674053
1.815379
1.618622
1.586167
1.847182
1.700893
1.799665
1.538540
1.710227
1.634344
1.999499
1.926787
1.921854
1.842597
1.886596
1.897260
1.515431
1.836198
1.431544
1.996397
1.987135
1.694697
1.627725
1.436855
1.792995
1.640059
1.909252
1.906882
1.403468
1.887604
1.663274
1.958088
1.428450
1.956655
1.817346
1.481988
1.465218
1.732834
1.948598
1.466311
1.654734
1.947276
1.679738
1.835734
1.921268
1.544878
