1.892691
1.882323
1.949186
1.635176
1.802607
1.965967
1.924008
1.946382
1.921520
1.981563
1.967410
1.863448
1.439317
1.943462
1.966050
1.872711
1.647466
1.631328
1.822095
1.963604
1.644380
1.843240
1.885685
1.512995
1.613997
1.706753
1.979099
1.678542
1.874663
1.844091
1.477846
1.901114
1.609071
1.474160
1.688426
1.924383
1.772551
1.925529
1.888157
1.654374
1.924297
1.793332
1.587224
1.933441
1.973035
1.797970
1.846051
1.729491
1.962276
1.802800
1.966374
1.844176
1.954769
1.890960
1.484806
1.899255
1.725881
1.846857
1.582457
1.675230
1.780847
1.801185
1.843015
1.601816
1.728933
1.567680
1.858383
1.727135
1.852160
1.886541
1.929419
1.734286
1.602066
1.579121
1.272832
1.603048
1.820470
