1.953318
1.708797
1.448088
1.845847
1.997182
1.919089
1.685269
1.600334
1.890075
1.858990
1.874994
1.983327
1.419609
1.789339
1.763317
1.775864
1.803010
1.929143
1.819724
1.877975
1.979688
1.902174
1.623080
1.541008
1.881243
1.911063
1.494698
1.631090
1.873508
1.768663
1.940008
1.966630
1.803944
1.873736
1.912779
1.992126
1.498569
1.611613
1.956627
1.970600
1.914867
1.661187
1.777220
1.696656
1.813890
1.793301
1.905510
1.762611
1.975598
1.797297
1.806798
1.785515
1.897446
1.662926
1.992953
1.905404
1.985973
1.622281
1.903093
1.666018
1.994480
1.999041
1.893534
1.757861
1.799700
1.772650
1.885107
1.585635
1.709509
1.973815
1.661435
1.987827
1.992639
1.399016
1.482697
1.790385
1.585418
1.727623
1.495477
1.507614
1.509195
1.540781
1.708114
1.981369
1.284180
1.866681
1.320028
