1.957881
1.990497
1.872611
1.792226
1.967314
1.895064
1.879736
1.871946
1.838299
1.947806
1.896383
1.898338
1.962151
1.822467
1.476875
1.687778
1.688559
1.811180
1.944109
1.646634
1.611634
1.837701
1.781000
1.892870
1.933101
1.636639
1.790710
1.725891
1.578732
1.556922
1.710617
1.992272
1.970311
1.731428
1.341991
1.758235
1.491825
1.551735
1.871992
1.677051
1.725841
1.507536
1.669124
1.421206
1.759952
1.916619
1.809832
1.984952
1.692656
1.693177
1.448427
1.667585
1.836750
1.900375
1.997279
1.652843
1.851220
1.942589
1.761737
1.902008
1.738910
1.648742
1.889344
1.564676
1.919731
1.918772
1.540477
1.921343
1.603216
1.834808
1.671644
1.883144
1.975231
1.908749
1.595246
1.908530
1.757985
1.688858
1.984578
1.833799
1.777649
1.963597
1.841485
1.284582
1.638359
1.919946
1.603352
1.420781
1.395444
1.917176
1.579032
1.979774
