1.936351
1.883047
1.625866
1.764979
1.672851
1.954250
1.835886
1.833830
1.978852
1.966573
1.911003
1.707357
1.929774
1.781508
1.629434
1.818991
1.680578
1.952278
1.775431
1.799059
1.673744
1.667502
1.953156
1.959080
1.704636
1.831734
1.960560
1.643238
1.832490
1.970006
1.783548
1.905957
1.860509
1.665044
1.968926
1.829483
1.728608
1.850719
1.803891
1.922507
1.942441
1.774809
1.821044
1.883827
1.456925
1.665042
1.498835
1.853462
1.900450
1.661678
1.379041
1.760872
1.968805
1.700208
1.954936
1.811136
1.830213
1.732197
1.954968
1.574759
1.807784
1.355800
1.961478
1.891916
1.771321
1.937972
1.791788
1.611043
1.968360
1.626243
1.981307
1.399538
1.461093
1.377179
1.813078
1.799357
1.907983
1.455487
1.847669
