1.859525
1.908255
1.640062
1.845069
1.890051
1.768398
1.902489
1.835514
1.930918
1.991863
1.818375
1.752112
1.895973
1.987382
1.905663
1.981150
1.885820
1.979709
1.833735
1.865833
1.792210
1.756434
1.339746
1.460395
1.977549
1.979848
1.507419
1.661585
1.857524
1.858703
1.942386
1.642038
1.854277
1.754658
1.891092
1.943473
1.952563
1.837925
1.731443
1.935895
1.872724
1.923126
1.716285
1.946868
1.851858
1.934588
1.858190
1.479106
1.891726
1.946269
1.740565
1.759179
1.892284
1.255855
1.809222
1.904922
1.787238
1.974966
1.743368
1.987835
1.892608
1.332575
1.902262
1.963443
1.948505
1.651338
1.399132
1.495888
1.702698
1.945666
1.982075
1.564072
1.802020
1.827904
1.402119
1.681687
1.980192
1.733577
1.808034
1.860150
1.735330
1.644874
1.730597
1.782258
1.886382
1.440567
1.408483
1.405296
1.899090
1.935981
1.506902
1.716847
1.884631
1.692817
1.356185
1.739515
1.400315
1.218382
1.584949
1.761936
1.702157
1.846595
1.796498
1.743287
1.315995
1.440728
