1.949329
1.816130
1.747216
1.983331
1.869851
1.996930
1.949717
1.985125
1.775204
1.610169
1.890028
1.858565
1.982094
1.878954
1.556472
1.677165
1.782278
1.570071
1.869933
1.787614
1.704474
1.771765
1.838382
1.611259
1.703250
1.685776
1.950665
1.951352
1.914271
1.968620
1.925104
1.669480
1.802151
1.747490
1.970747
1.962978
1.785074
1.881071
1.984164
1.909520
1.764784
1.835660
1.896488
1.869688
1.727051
1.977904
1.679990
1.699021
1.737768
1.605689
1.632914
1.507667
1.858834
1.842585
1.846781
1.844556
1.729019
1.925639
1.689163
1.809187
1.824451
1.986573
1.932199
1.926903
1.746308
1.904785
1.468656
1.859524
1.693458
1.965372
1.765386
1.839381
1.984079
1.483062
1.920817
1.447113
1.438826
1.661102
1.451902
1.980745
1.708923
1.433669
1.705269
1.528324
1.365264
1.672754
1.757410
1.313500
1.810065
1.845416
1.987194
1.794680
1.373794
