1.911653
1.881489
1.905250
1.822030
1.939773
1.897889
1.694758
1.939894
1.953308
1.907042
1.959524
1.897505
1.800062
1.931644
1.854977
1.864607
1.648313
1.740521
1.979958
1.688088
1.872143
1.707464
1.802104
1.903751
1.837708
1.859134
1.780264
1.911568
1.937281
1.754423
1.946106
1.587558
1.901212
1.484260
1.852944
1.685845
1.497959
1.640969
1.991641
1.822024
1.763387
1.937038
1.563103
1.994625
1.869499
1.670175
1.581769
1.845730
1.750603
1.861114
1.674354
1.776534
1.775858
1.689032
1.984346
1.957119
1.951609
1.269191
1.989395
1.664786
1.907618
1.626070
1.573332
1.981616
1.467140
1.758043
1.280711
1.498574
1.936746
1.859081
1.793865
1.563791
1.691791
1.666378
1.998764
1.901698
1.451372
1.675556
1.889564
1.969408
