1.761119
1.785272
1.698742
1.533452
1.863641
1.684635
1.902310
1.621898
1.815921
1.835165
1.425484
1.979782
1.857505
1.778354
1.827090
1.818642
1.711246
1.661548
1.824573
1.840014
1.974623
1.830407
1.393486
1.957729
1.956901
1.638585
1.887162
1.784157
1.863616
1.654743
1.941839
1.674581
1.640532
1.932342
1.740048
1.694596
1.838901
1.907312
1.951982
1.883520
1.723926
1.631054
1.685024
1.797650
1.947878
1.886352
1.771431
1.851501
1.795237
1.740653
1.750537
1.697909
1.854073
1.952338
1.803981
1.864886
1.541294
1.561316
1.790265
1.484759
1.937671
1.406839
1.885865
1.985175
1.658827
1.869049
1.973610
1.718743
1.503860
1.768706
1.993285
1.788860
1.824474
1.945744
1.892608
1.711288
1.882243
1.979244
1.785870
1.961677
1.764399
1.399573
1.978121
1.905132
1.730907
1.282858
1.833506
1.489787
1.702190
1.969578
