1.891032
1.990274
1.904192
1.770360
1.699334
1.794744
1.964237
1.627195
1.882713
1.717995
1.983024
1.894167
1.762889
1.915382
1.970645
1.947718
1.829120
1.939009
1.765269
1.756203
1.843922
1.972422
1.981472
1.986892
1.725513
1.769012
1.794041
1.766464
1.574948
1.719121
1.959061
1.752149
1.913503
1.993125
1.454436
1.368595
1.967329
1.893352
1.403618
1.841922
1.591464
1.577480
1.589898
1.945810
1.622739
1.934844
1.538825
1.816883
1.888297
1.711536
1.708417
1.908795
1.852065
1.374640
1.888787
1.637764
1.973241
1.513419
1.887150
1.497661
1.794582
1.645904
1.860431
1.899412
1.548863
1.622085
1.866071
1.716352
1.543807
1.943597
1.567759
1.943444
1.504740
1.458570
1.965045
1.955422
