1.804458
1.858188
1.978195
1.890176
1.826230
1.890454
1.644081
1.987605
1.953841
1.944207
1.934466
1.542563
1.783708
1.991913
1.789541
1.924487
1.755265
1.942854
1.870126
1.384051
1.804850
1.855716
1.847779
1.967853
1.942478
1.940729
1.612370
1.669293
1.832121
1.563956
1.999460
1.490777
1.534133
1.962726
1.813950
1.938393
1.640516
1.953927
1.806120
1.930771
1.714091
1.617737
1.828845
1.948568
1.720795
1.684858
1.856878
1.821396
1.661057
1.589066
1.902263
1.525072
1.954804
1.503636
1.857179
1.957031
1.590105
1.891902
1.650988
1.673411
1.940935
1.580913
1.938175
1.854035
1.926294
1.768953
1.914528
1.713897
1.790793
1.394005
1.989750
1.529868
1.631362
1.679873
1.581743
1.512482
1.917550
1.927572
1.888872
1.617357
1.786718
1.918999
1.930529
