1.900555
1.878506
1.820862
1.836875
1.983451
1.847735
1.533783
1.750329
1.937240
1.895935
1.767781
1.806906
1.882218
1.712980
1.805464
1.782570
1.706410
1.853989
1.943973
1.902968
1.935259
1.461406
1.995216
1.859705
1.872577
1.659996
1.866003
1.947733
1.991985
1.566036
1.922109
1.945263
1.961418
1.491308
1.368472
1.920887
1.622955
1.861550
1.867845
1.544723
1.886050
1.918160
1.775568
1.737145
1.943519
1.774107
1.976500
1.519867
1.851590
1.931623
1.661239
1.693406
1.640560
1.678502
1.586283
1.782465
1.554242
1.828590
1.901205
1.797317
1.865262
1.588085
1.735019
1.464018
1.533204
1.776144
1.864299
1.416158
1.826033
1.696448
1.946774
1.754389
1.684849
1.975240
1.399313
1.741586
1.712514
1.777164
1.640467
1.806806
1.421215
1.762240
