1.943449
1.900194
1.944408
1.931865
1.634294
1.923067
1.722587
1.961954
1.865638
1.583003
1.981869
1.859980
1.942545
1.922627
1.882229
1.801482
1.728638
1.658729
1.758732
1.607060
1.565128
1.656862
1.964101
1.956680
1.981690
1.791785
1.876285
1.616553
1.830119
1.823211
1.508466
1.848473
1.825292
1.773541
1.743267
1.659362
1.989842
1.858535
1.636828
1.964391
1.933822
1.781545
1.879360
1.934105
1.801550
1.901024
1.941026
1.787839
1.606693
1.946248
1.980250
1.670909
1.361454
1.471627
1.927431
1.504391
1.996792
1.902854
1.594581
1.877687
1.615974
1.596259
1.348044
1.697345
1.649552
1.716220
1.252334
1.537704
1.989931
1.927720
1.688864
1.509685
1.729622
1.951783
1.906734
1.809956
1.752030
1.517362
1.600785
1.990924
1.908696
1.604294
1.782553
1.647800
1.678372
1.528719
1.669112
