1.990926
1.647870
1.942958
1.596294
1.705577
1.978627
1.374235
1.590425
1.813666
1.696389
1.872225
1.980896
1.970194
1.674943
1.656283
1.660983
1.872690
1.749735
1.692377
1.708650
1.621741
1.881380
1.714994
1.570565
1.783249
1.772810
1.743204
1.771791
1.691076
1.673821
1.924049
1.845935
1.737290
1.915850
1.776399
1.518362
1.971420
1.857036
1.738449
1.627996
1.823640
1.432180
1.857892
1.436246
1.746599
1.773997
1.939776
1.721629
1.560030
1.467532
1.971932
1.564714
1.409110
1.878006
1.837142
1.978241
1.608354
1.572045
1.959167
1.784511
1.706609
1.779469
1.440454
