1.734716
1.531286
1.962614
1.992902
1.994918
1.943526
1.803714
1.878724
1.972129
1.757748
1.956982
1.898680
1.998441
1.969414
1.798324
1.915555
1.868466
1.732020
1.982002
1.656765
1.601173
1.629555
1.517215
1.971342
1.633860
1.960312
1.866944
1.983277
1.927791
1.873602
1.766755
1.866654
1.855901
1.579863
1.620802
1.880696
1.863219
1.361214
1.533654
1.790833
1.708858
1.585035
1.493949
1.609879
1.984015
1.354805
1.880780
1.563410
1.496695
1.956183
1.535817
1.517557
1.826266
1.643093
1.921091
1.577080
1.511577
1.526120
1.979768
1.852640
1.723673
1.340076
1.868955
1.588798
1.872442
1.847684
1.678920
1.523741
1.673057
1.711643
1.425789
1.818547
1.527521
1.494515
1.481815
