1.696611
1.979870
1.775426
1.657200
1.857591
1.699305
1.608359
1.665200
1.875115
1.812161
1.836007
1.692669
1.776172
1.850682
1.864827
1.850047
1.793358
1.815430
1.861381
1.548314
1.832351
1.604267
1.806382
1.737555
1.981366
1.861831
1.762025
1.998534
1.879678
1.603058
1.886710
1.671059
1.778184
1.640828
1.841670
1.601624
1.885575
1.667488
1.565687
1.985749
1.911350
1.987806
1.714537
1.990850
1.623352
1.588506
1.726941
1.985291
1.892425
1.976068
1.853251
1.961742
1.872707
1.744408
1.642401
1.852993
1.545544
1.794553
1.926383
1.851986
1.931181
1.678865
1.374446
1.745702
1.977131
1.827519
1.673437
1.980629
1.913781
1.266057
1.651623
1.955245
1.558190
1.495949
1.654603
1.777088
1.477264
1.875789
1.705207
1.734504
1.828755
1.986137
1.998359
1.561170
1.753983
1.778807
1.951724
1.887672
1.590792
1.761202
1.441475
1.453885
1.979042
1.603205
1.853948
1.867059
1.892842
1.837538
1.689415
1.951765
1.896192
1.398216
1.705347
