1.975129
1.959258
1.876360
1.847577
1.764017
1.844135
1.924221
1.747196
1.856430
1.858000
1.990386
1.985543
1.796992
1.647732
1.986405
1.880913
1.993091
1.953596
1.889941
1.797237
1.953282
1.850448
1.858211
1.533897
1.895646
1.949276
1.787795
1.787185
1.626945
1.824271
1.766822
1.994177
1.809061
1.997586
1.897611
1.893756
1.710644
1.757419
1.690246
1.429671
1.781225
1.883129
1.812241
1.868655
1.516069
1.797415
1.502161
1.410892
1.737706
1.795852
1.956616
1.763178
1.981531
1.594526
1.742110
1.828544
1.882589
1.820983
1.815260
1.954003
1.734386
1.734290
1.482095
1.861271
1.982387
1.932360
1.696822
1.529083
1.836139
1.705658
1.987288
1.575003
1.620463
1.801630
1.602001
1.743767
1.482060
1.763252
1.618726
1.887093
1.609439
