1.977821
1.962379
1.938876
1.967821
1.942094
1.910551
1.650015
1.745418
1.856504
1.867841
1.849394
1.853015
1.866038
1.799345
1.915435
1.976550
1.785768
1.962858
1.761486
1.761798
1.797160
1.853093
1.877943
1.521951
1.792394
1.885408
1.921620
1.809620
1.754082
1.943180
1.950087
1.464289
1.927954
1.910194
1.862530
1.816583
1.909841
1.939689
1.832718
1.912107
1.862406
1.754954
1.750530
1.805430
1.487149
1.884151
1.994021
1.899256
1.477503
1.497072
1.683693
1.632056
1.915077
1.548550
1.846014
1.893508
1.760867
1.870192
1.637136
1.648560
1.934177
1.905500
1.620164
1.600967
1.997350
1.466737
1.412148
1.964725
1.982667
1.555807
1.800433
1.595892
1.870741
1.733437
1.277512
1.734935
1.839612
1.870245
1.968216
1.313361
1.338727
1.477567
1.292251
1.902328
1.745110
1.747946
1.608274
1.737809
1.624751
