1.769244
1.966902
1.946921
1.583663
1.865780
1.993906
1.910422
1.884829
1.553239
1.785575
1.873120
1.904544
1.972653
1.781397
1.848746
1.827935
1.836243
1.858208
1.732067
1.765077
1.589002
1.997578
1.731292
1.985487
1.971820
1.761231
1.661897
1.891907
1.671840
1.956593
1.591282
1.986018
1.881356
1.977564
1.957207
1.825478
1.750537
1.758123
1.375958
1.860044
1.812678
1.751076
1.726144
1.870849
1.349451
1.730995
1.500647
1.592198
1.778339
1.655613
1.668854
1.898118
1.998394
1.690551
1.997634
1.950706
1.650660
1.480430
1.859138
1.953278
1.519529
1.519333
1.963116
1.643826
1.722965
1.974137
1.480002
1.750991
1.832032
1.473909
1.577235
1.575354
1.969251
1.971476
1.469917
1.729570
1.917859
1.740501
1.711042
1.632376
1.983098
1.510294
1.936235
1.815233
1.850314
