1.968347
1.791432
1.964831
1.883882
1.968879
1.902357
1.975228
1.665964
1.720492
1.885466
1.953304
1.918183
1.688848
1.955400
1.831349
1.616799
1.607047
1.923446
1.946728
1.804439
1.819254
1.606306
1.950959
1.939302
1.855725
1.933221
1.949320
1.745088
1.801926
1.974817
1.776751
1.775214
1.947705
1.701150
1.870677
1.646877
1.877555
1.965765
1.998921
1.528397
1.777571
1.692352
1.914326
1.750249
1.718876
1.604048
1.638570
1.835369
1.880246
1.919650
1.858947
1.949780
1.823399
1.903656
1.808880
1.918288
1.985861
1.725341
1.748290
1.849732
1.993834
1.963189
1.785247
1.832957
1.873118
1.856539
1.761943
1.649657
1.671507
1.822553
1.940788
1.785737
1.451166
1.848055
1.700471
1.748097
1.554154
1.654461
1.818157
1.664256
1.931532
1.387677
1.904652
1.701351
1.952717
1.790382
1.936834
1.783074
1.480668
1.327239
1.923438
1.754185
1.487771
1.908609
1.793130
1.666311
1.613567
1.633677
1.373564
1.868521
