1.934339
1.896377
1.913340
1.620446
1.998781
1.905086
1.791930
1.547237
1.712823
1.931647
1.860014
1.999878
1.896809
1.948492
1.915783
1.630287
1.706691
1.602119
1.731751
1.951666
1.619942
1.819113
1.923434
1.824678
1.476548
1.924050
1.825038
1.642295
1.922826
1.879836
1.951466
1.357701
1.981746
1.958113
1.566734
1.707320
1.948684
1.616882
1.586806
1.831207
1.724350
1.791850
1.924146
1.717514
1.930760
1.699295
1.961312
1.406954
1.685996
1.763035
1.798980
1.631678
1.875836
1.833414
1.852257
1.572640
1.965848
1.858333
1.750053
1.823558
1.838047
1.965532
1.513631
1.489916
1.531420
1.786556
1.948202
1.568411
1.396101
1.455886
1.850261
1.440123
1.805532
1.824693
1.419238
