1.917155
1.925251
1.805466
1.911090
1.796585
1.808144
1.998437
1.796841
1.853859
1.730343
1.888970
1.917763
1.876151
1.844493
1.876727
1.681151
1.733641
1.651858
1.784932
1.980895
1.940344
1.967953
1.651589
1.991637
1.801587
1.644166
1.957751
1.628746
1.964311
1.980443
1.940679
1.524668
1.751869
1.949524
1.765350
1.989669
1.594062
1.955658
1.810594
1.809189
1.408289
1.896606
1.973216
1.839323
1.938338
1.787896
1.613653
1.494911
1.652329
1.904600
1.992797
1.500544
1.877020
1.465012
1.619659
1.752109
1.770065
1.920797
1.563691
1.895726
1.604507
1.872283
1.893986
1.927580
1.582579
1.594950
1.339105
1.887978
1.320241
1.958120
1.737277
1.393521
1.722077
1.618153
1.622460
