1.970138
1.968137
1.951769
1.795499
1.791893
1.945691
1.958588
1.880253
1.884481
1.575488
1.481256
1.844715
1.540417
1.731558
1.995983
1.608903
1.961400
1.953042
1.996416
1.528635
1.765182
1.881518
1.943414
1.677555
1.835634
1.643190
1.903359
1.933960
1.956181
1.926664
1.932113
1.405243
1.880854
1.953411
1.904510
1.433065
1.652659
1.973178
1.797763
1.922200
1.873082
1.736430
1.865133
1.779059
1.537445
1.641951
1.590113
1.950872
1.944260
1.762416
1.678419
1.358448
1.695660
1.512432
1.991901
1.461723
1.824410
1.930423
1.766111
1.787928
1.545254
1.854184
1.905748
1.564314
1.891925
1.719987
1.862992
1.957771
1.955106
1.862930
1.800051
1.755579
1.788684
1.663827
1.608540
1.862792
1.948749
1.609603
1.732913
1.978049
1.679822
1.531729
1.726795
1.863309
1.626512
1.953898
1.621533
1.684452
1.650255
1.657294
1.712690
1.736472
1.751854
1.640237
1.974774
1.321933
1.910489
1.768759
1.716364
