1.968799
1.969608
1.962263
1.988929
1.955707
1.810357
1.732914
1.847333
1.756259
1.581449
1.559476
1.937066
1.890411
1.507493
1.922790
1.976218
1.734626
1.573952
1.940948
1.943254
1.914190
1.933591
1.662054
1.992835
1.623704
1.963296
1.916098
1.820891
1.880647
1.834544
1.907523
1.897805
1.599256
1.577276
1.764700
1.973243
1.956857
1.868256
1.689619
1.838485
1.683090
1.979057
1.919924
1.983335
1.972571
1.729479
1.537298
1.712784
1.630553
1.795066
1.682676
1.918619
1.840665
1.722997
1.637774
1.826059
1.974157
1.906296
1.770635
1.763791
1.591450
1.425943
1.462015
1.857225
1.476429
1.567658
1.995275
1.582457
1.634632
1.808045
1.706757
1.663740
1.464673
1.998511
1.838258
1.249164
1.469422
