1.940343
1.937629
1.842952
1.769634
1.884481
1.994613
1.782396
1.940844
1.952997
1.775903
1.873462
1.924656
1.942426
1.941412
1.564048
1.746691
1.697373
1.797936
1.996330
1.841798
1.829390
1.711197
1.797515
1.523670
1.999467
1.725578
1.514125
1.883454
1.963986
1.524167
1.979643
1.555697
1.736146
1.644795
1.961038
1.478194
1.892456
1.909303
1.979465
1.947749
1.594588
1.808431
1.926219
1.992227
1.908170
1.717495
1.841868
1.827337
1.611104
1.458806
1.907347
1.792932
1.726871
1.625797
1.661440
1.523934
1.848983
1.740890
1.750521
1.326015
1.999774
1.588107
1.825358
1.608353
1.597051
1.917950
1.718882
1.456733
1.827156
1.453720
1.733972
1.929909
1.532079
1.936916
1.770385
1.966120
1.203542
1.362371
1.948884
1.570421
1.969432
1.518319
1.488176
1.784705
1.630761
1.942105
1.933657
1.444499
1.644572
1.529826
1.804926
1.966249
