1.918817
1.717272
1.785079
1.833076
1.619826
1.889525
1.807091
1.957235
1.989168
1.886723
1.874358
1.836082
1.957541
1.810309
1.766180
1.938340
1.844236
1.518643
1.823795
1.852683
1.986576
1.734229
1.915667
1.950412
1.806248
1.532823
1.940202
1.640215
1.967055
1.958443
1.996638
1.727750
1.755748
1.884064
1.444154
1.909304
1.943510
1.967833
1.777462
1.746572
1.894682
1.912875
1.920219
1.597506
1.906882
1.882851
1.810372
1.799647
1.704913
1.997873
1.641360
1.933637
1.854564
1.964766
1.638893
1.595072
1.785206
1.627883
1.780975
1.860162
1.426928
1.872353
1.794037
1.991243
1.703160
1.758581
1.831065
1.991365
1.837729
1.949252
1.692586
1.900693
1.785986
1.572956
1.606368
1.982344
1.799124
1.552036
1.408279
1.469353
1.753913
1.832462
1.465413
1.848230
1.826744
1.508179
1.541872
1.751932
1.843216
1.515219
1.805987
1.183043
