1.793036
1.920136
1.941311
1.815002
1.993339
1.989261
1.746559
1.646993
1.604178
1.576246
1.747344
1.626038
1.580068
1.859360
1.926474
1.993340
1.736002
1.892640
1.830655
1.689185
1.942476
1.879346
1.849056
1.984647
1.914639
1.975745
1.978737
1.764061
1.963823
1.834372
1.796774
1.999677
1.966915
1.612272
1.738574
1.929495
1.958040
1.841786
1.394525
1.792948
1.868563
1.494411
1.852623
1.825801
1.890781
1.807774
1.973575
1.935004
1.985595
1.665208
1.562424
1.582535
1.541896
1.532628
1.846473
1.997606
1.714945
1.490644
1.684587
1.977128
1.915558
1.922551
1.839132
1.783787
1.807495
1.385701
1.937853
1.812311
1.363290
1.583860
1.937682
1.866186
1.935076
1.630197
1.988256
1.647177
1.655856
1.843502
1.840171
1.726174
1.870159
