1.809068
1.936684
1.827842
1.599918
1.769381
1.927264
1.993530
1.734509
1.949199
1.922653
1.908147
1.962600
1.867176
1.906317
1.608981
1.598206
1.531122
1.883945
1.907525
1.898529
1.980330
1.917411
1.916236
1.971633
1.759804
1.896973
1.433781
1.831264
1.740904
1.947484
1.823804
1.894621
1.951087
1.775295
1.539448
1.929998
1.976926
1.817043
1.681734
1.953063
1.674691
1.733663
1.927099
1.933961
1.715757
1.935542
1.518135
1.870471
1.470951
1.932254
1.970572
1.761617
1.946245
1.865039
1.875013
1.771708
1.904523
1.694729
1.467478
1.617098
1.921426
1.789265
1.642862
1.968242
1.745517
1.603631
1.765224
1.763141
1.629797
1.989363
1.987405
1.610671
1.719974
1.943931
1.551323
1.660728
1.530772
1.247796
1.900051
1.480890
1.985861
1.925768
1.629916
1.472831
1.284305
1.997883
1.618677
1.762981
