1.864646
1.944039
1.945222
1.760943
1.883416
1.821709
1.754134
1.980553
1.961074
1.893541
1.725874
1.789058
1.829976
1.835949
1.959840
1.869284
1.699752
1.919801
1.827335
1.824989
1.801869
1.992930
1.454419
1.984861
1.967593
1.855856
1.747371
1.791473
1.919593
1.701406
1.928276
1.835203
1.924060
1.729584
1.835913
1.758054
1.724446
1.566080
1.722112
1.869869
1.720462
1.876661
1.597662
1.969437
1.993263
1.388643
1.428941
1.927483
1.910043
1.520485
1.659818
1.843136
1.389804
1.765689
1.559556
1.748065
1.792383
1.842414
1.521703
1.664078
1.662629
1.421741
