1.978906
1.942400
1.773657
1.987303
1.869627
1.696272
1.773156
1.984814
1.714681
1.936547
1.827573
1.940102
1.564814
1.959998
1.849901
1.912259
1.922606
1.713331
1.935788
1.921072
1.750870
1.608989
1.826232
1.826045
1.922390
1.872942
1.543070
1.750684
1.930811
1.496331
1.914674
1.850427
1.941799
1.871202
1.807404
1.975801
1.877720
1.907243
1.870290
1.993347
1.872966
1.611043
1.557016
1.658960
1.877118
1.826177
1.942411
1.999155
1.695110
1.788188
1.840107
1.739194
1.784408
1.716798
1.466381
1.434361
1.683233
1.692182
1.740684
1.903197
1.779908
1.694029
1.931789
1.945606
1.865380
1.620445
1.627044
1.854937
1.867618
1.480190
1.650483
1.332264
1.993467
1.800717
1.541365
1.527745
1.850620
1.685472
1.695388
1.410440
1.221832
1.971020
1.613517
1.437045
1.987441
1.997772
