1.965493
1.969250
1.771480
1.913883
1.985316
1.984630
1.935919
1.952280
1.976249
1.995868
1.745702
1.934173
1.931166
1.604769
1.801905
1.778497
1.817745
1.864344
1.648591
1.639110
1.457665
1.750579
1.783143
1.712422
1.795084
1.946442
1.277963
1.715006
1.753913
1.749515
1.773620
1.896203
1.897636
1.967056
1.558566
1.965209
1.734309
1.594143
1.442188
1.769567
1.831089
1.797964
1.830650
1.937873
1.754399
1.838235
1.641153
1.874741
1.797058
1.795729
1.660252
1.660654
1.606295
1.849893
1.553870
1.797950
1.680379
1.669536
1.956295
1.699850
1.468896
1.744268
1.542193
1.579556
1.787951
1.877430
