1.947929
1.805820
1.951534
1.862572
1.873849
1.996076
1.882189
1.905184
1.874272
1.900288
1.606424
1.797400
1.843546
1.880814
1.897791
1.986589
1.914657
1.878931
1.798614
1.716972
1.676065
1.986827
1.978504
1.942345
1.881737
1.841576
1.903106
1.984455
1.336262
1.718345
1.759509
1.984883
1.907914
1.692120
1.522126
1.854943
1.547858
1.611221
1.646527
1.814143
1.907651
1.986420
1.758316
1.516400
1.989329
1.734591
1.888741
1.878408
1.753650
1.958792
1.939560
1.593942
1.733371
1.753867
1.862689
1.492377
1.877893
1.869856
1.802587
1.862102
1.851677
1.885073
1.633236
1.774761
1.633238
1.723607
1.419746
1.771007
1.405799
1.699756
1.594577
1.442988
1.781442
1.470826
1.519962
1.656877
1.367597
