1.981359
1.796123
1.980020
1.901538
1.991481
1.682516
1.872818
1.959535
1.828444
1.953027
1.917902
1.899915
1.962107
1.929370
1.799343
1.701770
1.855567
1.684826
1.699501
1.923509
1.994505
1.868309
1.995615
1.780895
1.905787
1.903385
1.759967
1.883627
1.554452
1.963750
1.816861
1.663939
1.598772
1.703356
1.546853
1.934215
1.638412
1.733290
1.966450
1.892012
1.805688
1.837253
1.892293
1.749511
1.759414
1.872421
1.889135
1.863664
1.981149
1.855902
1.649049
1.639848
1.883091
1.672856
1.613983
1.540896
1.972214
1.956648
1.744571
1.829976
1.886625
1.524528
1.956228
1.880268
1.411965
1.907258
1.766147
1.783830
1.873166
1.413935
1.892373
1.791132
1.279415
