1.860434
1.977867
1.869564
1.989771
1.757498
1.835513
1.926961
1.956827
1.976443
1.685567
1.948480
1.844662
1.930476
1.944554
1.592109
1.836028
1.717801
1.771489
1.975717
1.927514
1.955820
1.752353
1.785418
1.400012
1.961704
1.888348
1.422663
1.785693
1.696951
1.946555
1.830955
1.957559
1.797458
1.756298
1.919396
1.794523
1.639039
1.851738
1.851729
1.692896
1.918953
1.898631
1.504273
1.878185
1.818589
1.518448
1.772541
1.924007
1.580407
1.568117
1.532672
1.940023
1.985053
1.755877
1.560723
1.749081
1.991820
1.782055
1.497233
1.397055
1.743667
1.673926
1.515117
1.798058
1.836355
1.785414
1.468630
1.885430
1.501941
1.736881
1.617717
1.611934
1.749499
1.355444
1.455432
1.731617
