1.795962
1.919840
1.794085
1.973778
1.891661
1.907677
1.798322
1.594937
1.876597
1.909842
1.926470
1.984516
1.696524
1.832003
1.957684
1.942021
1.802041
1.987718
1.945676
1.662364
1.842996
1.828478
1.687538
1.894819
1.906875
1.933712
1.494082
1.513833
1.760224
1.980799
1.760483
1.926944
1.663228
1.725028
1.457465
1.966203
1.782277
1.815625
1.858697
1.697118
1.979913
1.646557
1.298599
1.774880
1.977611
1.491912
1.910673
1.989283
1.878585
1.490223
1.874823
1.952971
1.611432
1.990389
1.492268
1.880828
1.946777
1.869002
1.689172
1.999775
1.743061
1.984787
1.859667
1.791185
1.633559
1.575486
1.661683
1.321640
1.833034
1.941585
1.311400
1.728273
1.971654
1.408624
1.405009
1.632922
1.603804
1.830493
1.811536
1.642759
1.612521
1.984989
1.887864
1.761017
1.808909
1.923532
1.751368
1.198030
