1.941290
1.952341
1.968694
1.774713
1.823440
1.514587
1.792503
1.865762
1.973253
1.788054
1.668742
1.843899
1.877907
1.643292
1.929899
1.546624
1.962149
1.971052
1.673464
1.519349
1.641312
1.883581
1.998338
1.701765
1.919450
1.995468
1.521561
1.429649
1.959124
1.899982
1.925414
1.882332
1.538914
1.658557
1.484299
1.989350
1.952146
1.818200
1.595208
1.727884
1.434633
1.736697
1.750189
1.516328
1.542979
1.969033
1.956715
1.847776
1.529211
1.996030
1.538714
1.892241
1.890491
1.891287
1.990901
1.663105
1.806701
1.656059
1.947212
1.512844
1.769665
1.538859
1.516410
1.942775
1.662852
1.561536
1.774437
1.259484
1.466275
1.857851
1.824093
1.535869
1.795483
1.842751
