1.967955
1.882761
1.857933
1.793929
1.895432
1.895391
1.938071
1.633564
1.791975
1.713396
1.654013
1.913929
1.918561
1.806987
1.554275
1.889438
1.937349
1.911741
1.998842
1.758744
1.892406
1.842393
1.640902
1.612369
1.821680
1.609176
1.997335
1.928875
1.640482
1.856415
1.504028
1.773565
1.947326
1.781595
1.997904
1.992369
1.992663
1.935382
1.982939
1.893313
1.817572
1.446698
1.971926
1.825479
1.546600
1.893100
1.802817
1.430867
1.560800
1.950979
1.897463
1.327925
1.952038
1.993970
1.991952
1.853806
1.987863
1.888289
1.867823
1.999085
1.620254
1.880977
1.281519
1.665140
1.829359
1.803321
1.577555
1.785515
1.695026
1.760816
1.239334
1.932142
1.640636
1.427739
1.506464
