1.752704
1.949706
1.884196
1.829347
1.938531
1.745663
1.891489
1.881296
1.785048
1.972668
1.872080
1.730779
1.723855
1.925856
1.853494
1.849132
1.888304
1.692944
1.907734
1.690848
1.982143
1.714470
1.703925
1.841941
1.987929
1.977020
1.872523
1.931463
1.739806
1.889199
1.739451
1.942677
1.691408
1.949141
1.538020
1.763902
1.918687
1.810832
1.965713
1.925095
1.682676
1.550646
1.774932
1.686625
1.547084
1.364905
1.804060
1.538129
1.993672
1.762189
1.452163
1.797118
1.776470
1.818974
1.950051
1.962249
1.812048
1.295080
1.773640
1.774556
1.755973
1.786269
1.716769
1.908370
1.858486
1.981183
1.976977
1.691584
1.651382
1.574971
1.507668
1.851476
1.288499
1.472752
1.664364
1.983713
1.752533
1.588695
1.986044
1.384374
1.616128
1.882004
1.852746
1.712448
1.586973
1.524751
1.833536
