1.677509
1.809205
1.999601
1.493091
1.671028
1.942283
1.761626
1.829568
1.604454
1.998937
1.685909
1.901262
1.878725
1.862047
1.960962
1.711308
1.850722
1.563973
1.802948
1.595294
1.869904
1.758827
1.964960
1.866637
1.743531
1.651488
1.954918
1.895158
1.860106
1.917918
1.760533
1.837393
1.596905
1.471275
1.627375
1.771120
1.995216
1.776396
1.834778
1.763126
1.653621
1.668347
1.594675
1.661782
1.595047
1.560447
1.948897
1.469796
1.788702
1.999977
1.957120
1.677174
1.813822
1.951924
1.798251
1.802663
1.856938
1.586588
1.876616
1.836472
1.619799
1.564606
1.466341
1.609600
1.664091
1.859503
1.544879
1.497931
1.912575
1.889502
1.730833
1.919479
1.756569
1.421919
1.860115
1.602945
1.786105
1.487364
1.626125
1.751914
1.513849
1.631914
1.716127
1.475470
