1.838352
1.956943
1.758506
1.989896
1.770535
1.941687
1.929642
1.598056
1.959234
1.652126
1.884200
1.496481
1.667795
1.967334
1.813830
1.958409
1.938755
1.882860
1.809568
1.849589
1.834705
1.799420
1.883874
1.922929
1.697992
1.866817
1.987343
1.476673
1.730783
1.866043
1.965936
1.643664
1.734046
1.554538
1.848584
1.904079
1.923012
1.731102
1.858888
1.589796
1.584786
1.540477
1.440450
1.760387
1.854143
1.689855
1.787571
1.661113
1.995282
1.784109
1.875406
1.878504
1.999910
1.947856
1.798744
1.981570
1.410949
1.686434
1.523839
1.942245
1.920357
1.511580
1.361331
1.762199
1.972901
1.630708
1.648583
1.959728
1.818265
1.711946
1.925252
1.805743
1.558639
1.786969
1.891890
1.718997
1.978785
1.916097
