1.955694
1.970644
1.791813
1.847435
1.861737
1.992603
1.817456
1.993100
1.996055
1.985383
1.883223
1.907800
1.910481
1.943211
1.900061
1.999719
1.793779
1.901740
1.798726
1.993172
1.764232
1.915781
1.949507
1.599150
1.959153
1.559735
1.401420
1.845114
1.579769
1.931940
1.768733
1.923972
1.951692
1.719198
1.973700
1.497210
1.842280
1.682970
1.759271
1.716901
1.972321
1.760414
1.712632
1.968606
1.643961
1.989404
1.876013
1.946957
1.797738
1.682755
1.596454
1.521941
1.626017
1.695994
1.879649
1.659520
1.771269
1.759362
1.668720
1.803869
1.587853
1.675913
1.915496
1.843411
1.422323
1.875092
1.712525
