1.999143
1.960955
1.573181
1.757625
1.850863
1.953547
1.932411
1.545431
1.886601
1.796974
1.870248
1.869563
1.945086
1.894841
1.914529
1.925955
1.611607
1.955256
1.817589
1.717852
1.692513
1.914309
1.520804
1.464596
1.939507
1.937679
1.936951
1.544484
1.426078
1.930939
1.235192
1.942076
1.897183
1.963877
1.946329
1.816634
1.790673
1.960268
1.435074
1.761425
1.349246
1.930107
1.745934
1.929605
1.984738
1.519452
1.853499
1.444226
1.908292
1.606870
1.813831
1.915744
1.825513
1.774054
1.642732
1.709242
1.854982
1.540752
1.619092
1.849633
1.738230
1.852325
1.851223
1.737576
1.827136
1.651224
1.552582
1.730050
1.991512
1.743004
1.888619
1.753427
1.505983
1.824221
1.816968
1.975275
1.754077
1.497640
1.771017
1.690330
1.892175
1.610533
1.834297
1.354048
1.799682
