1.836068
1.884979
1.749192
1.847198
1.799415
1.783052
1.993079
1.917874
1.840566
1.936111
1.796312
1.735128
1.985990
1.926087
1.784267
1.888652
1.797482
1.818229
1.786677
1.733703
1.496713
1.895148
1.740916
1.952227
1.965891
1.973205
1.584453
1.762422
1.994586
1.640696
1.959854
1.866654
1.861948
1.964461
1.723108
1.480135
1.761399
1.528111
1.967016
1.382835
1.600063
1.719118
1.761592
1.850722
1.703300
1.783862
1.641009
1.941040
1.720502
1.784962
1.850279
1.298882
1.940685
1.678281
1.933649
1.872226
1.976680
1.543988
1.806673
1.896252
1.495933
1.476825
1.823697
1.732578
1.793773
1.730437
1.843428
1.746647
1.524296
1.992934
1.819841
1.933387
1.376111
1.647741
1.846998
1.362919
