1.896140
1.920339
1.883948
1.731286
1.908480
1.725509
1.940788
1.964871
1.718746
1.935512
1.992186
1.730712
1.917697
1.936287
1.874098
1.801903
1.856976
1.847182
1.723277
1.936689
1.921053
1.960989
1.852598
1.885973
1.664946
1.519862
1.650686
1.848569
1.618251
1.961590
1.756936
1.852241
1.686447
1.999337
1.862452
1.786229
1.637320
1.786856
1.858585
1.928543
1.687480
1.921714
1.373300
1.906097
1.690163
1.268512
1.782080
1.830920
1.470689
1.315463
1.637590
1.499186
1.934140
1.683273
1.974444
1.984469
1.497004
1.852837
1.728340
1.493398
1.570399
1.946141
1.377625
1.878623
1.532714
1.734279
1.754785
1.941641
1.354635
1.868106
1.745692
1.975443
1.881204
1.682033
1.706984
1.448140
1.411280
1.523285
1.707633
1.519617
1.556324
1.868906
1.641264
1.958253
1.806726
1.768800
1.930763
1.370989
1.722631
1.591116
1.683965
1.860600
1.980529
1.949081
1.457797
