1.879615
1.902396
1.871676
1.710672
1.702279
1.681509
1.978008
1.954218
1.888210
1.997787
1.940474
1.967932
1.861441
1.973673
1.784030
1.711140
1.907677
1.731214
1.848910
1.634631
1.751119
1.921724
1.777684
1.840353
1.588221
1.871673
1.506345
1.962528
1.815330
1.477348
1.949155
1.878064
1.708961
1.955113
1.489601
1.712415
1.740119
1.605706
1.882636
1.858825
1.537875
1.708755
1.486915
1.764768
1.792007
1.521381
1.449191
1.819087
1.950331
1.750767
1.917372
1.591015
1.419580
1.329337
1.402778
1.796044
1.996693
1.804603
1.753945
1.761003
1.569096
1.905182
1.951873
1.628912
1.928940
1.264462
1.998217
1.992095
1.573019
