1.743009
1.867288
1.800091
1.900292
1.680818
1.736784
1.746752
1.693141
1.950996
1.915776
1.861952
1.964012
1.993437
1.744170
1.883727
1.620662
1.703937
1.842575
1.831807
1.796595
1.986392
1.887779
1.587059
1.796582
1.972418
1.747464
1.701801
1.783452
1.897034
1.700691
1.627178
1.705793
1.686057
1.654916
1.798201
1.780259
1.717383
1.977967
1.810204
1.444847
1.457267
1.672400
1.744280
1.949973
1.942168
1.617138
1.816307
1.642297
1.627383
1.997406
1.548673
1.839372
1.746567
1.917705
1.599178
1.948590
1.922090
1.397879
1.714269
1.655556
1.859923
1.607261
1.844285
1.517197
1.836886
1.805060
1.606958
1.725765
1.466114
1.944663
1.836841
1.474489
1.440545
1.622043
1.776239
1.904649
1.375467
1.955721
1.442725
1.477114
1.403740
1.192665
1.754109
1.783014
1.876053
