1.906700
1.927094
1.929708
1.886400
1.926908
1.673974
1.998228
1.861583
1.953623
1.987343
1.627008
1.436786
1.972258
1.918657
1.810210
1.769626
1.892767
1.852223
1.738770
1.724450
1.816243
1.906776
1.936583
1.729146
1.778556
1.710847
1.395976
1.661229
1.892660
1.812924
1.825738
1.888608
1.688889
1.977682
1.921037
1.720432
1.711937
1.710068
1.840402
1.846801
1.896670
1.580416
1.869489
1.947961
1.930282
1.557411
1.893209
1.440125
1.520933
1.725628
1.565316
1.426956
1.996742
1.846650
1.990536
1.755587
1.880627
1.596915
1.458511
1.532076
1.859889
1.529622
1.901061
1.652264
1.996031
1.787841
1.858500
1.838286
1.446916
1.441329
1.787127
1.614152
1.413642
