1.844070
1.905080
1.876371
1.881982
1.990180
1.968200
1.854991
1.901552
1.739332
1.937345
1.904371
1.961149
1.462778
1.714272
1.996558
1.895114
1.534843
1.648857
1.978902
1.902284
1.907652
1.973921
1.778067
1.440239
1.588223
1.804892
1.579143
1.574811
1.562813
1.987278
1.873952
1.620752
1.587355
1.956189
1.536667
1.642370
1.769022
1.741135
1.595338
1.902852
1.801475
1.584455
1.508234
1.892219
1.824273
1.932861
1.869854
1.764314
1.809897
1.745855
1.393921
1.862605
1.543856
1.594663
1.558911
1.666166
1.774768
1.496069
1.834291
1.793099
1.782188
1.651659
1.960479
1.673791
1.980148
1.864152
1.625770
