1.849128
1.845626
1.869849
1.733677
1.891661
1.934981
1.941343
1.733071
1.829594
1.604832
1.824316
1.604121
1.857757
1.962096
1.688930
1.881665
1.712917
1.782174
1.672896
1.996468
1.634754
1.995940
1.930454
1.834818
1.992888
1.835345
1.802195
1.655077
1.862329
1.887994
1.868289
1.964828
1.946607
1.517982
1.960359
1.539574
1.721679
1.854741
1.995978
1.827230
1.894103
1.799788
1.616137
1.660865
1.667661
1.515018
1.868907
1.559828
1.771597
1.956145
1.922260
1.917854
1.865607
1.771980
1.953462
1.940867
1.604529
1.506575
1.983092
1.813796
1.749266
1.787150
1.756624
1.491362
1.499772
1.751002
1.935892
1.588556
1.712645
1.689830
1.862636
1.860335
1.986101
1.971823
1.692020
1.709825
1.494198
1.976381
1.404460
1.423822
1.669085
1.491921
