1.959973
1.797702
1.852261
1.988324
1.871144
1.781197
1.987931
1.853229
1.899700
1.837431
1.990241
1.704677
1.910791
1.603960
1.843868
1.968806
1.747749
1.821657
1.763807
1.693879
1.861464
1.807969
1.863999
1.787449
1.384558
1.843074
1.945422
1.567830
1.790254
1.878377
1.996828
1.677175
1.814050
1.668519
1.461301
1.656277
1.781391
1.691893
1.831774
1.674906
1.882449
1.848216
1.689929
1.986245
1.974965
1.657402
1.778378
1.486066
1.920498
1.657460
1.628525
1.834201
1.673261
1.809200
1.454211
1.945597
1.713500
1.875884
1.902094
1.656252
1.931576
1.564062
1.670453
1.489646
1.659387
1.950677
1.592437
1.624434
1.790132
1.248750
1.670606
1.826800
