1.858958
1.836973
1.969525
1.831834
1.956033
1.727365
1.840975
1.972664
1.925348
1.962102
1.803548
1.882236
1.855912
1.681921
1.675755
1.768139
1.964618
1.970423
1.846552
1.504946
1.868126
1.527338
1.948053
1.603369
1.868863
1.622638
1.790956
1.770569
1.915928
1.164336
1.481811
1.901302
1.906982
1.964586
1.799732
1.676438
1.996978
1.468663
1.256908
1.781815
1.804309
1.773096
1.647031
1.853408
1.981182
1.349396
1.465875
1.578145
1.586739
1.607943
1.738896
1.802318
1.887453
1.811530
1.535314
1.607117
1.630969
1.880150
1.449473
1.613957
1.823475
1.610975
1.776104
1.771425
1.606144
1.927275
1.929929
1.719196
1.533034
1.865119
1.984148
1.720088
1.618758
1.091258
1.619761
1.730045
1.577183
1.507691
1.689293
1.547307
1.555583
1.651944
1.949743
1.869352
1.796031
1.644782
1.661219
1.937229
