1.918178
1.917092
1.800831
1.994096
1.771300
1.966027
1.818305
1.919598
1.749745
1.557129
1.997446
1.991606
1.865002
1.940358
1.933195
1.719420
1.986221
1.989962
1.997509
1.869669
1.908855
1.778066
1.821394
1.883768
1.959909
1.592066
1.879597
1.870179
1.801281
1.962856
1.998426
1.779459
1.802657
1.751453
1.924125
1.765765
1.771209
1.478746
1.466209
1.734347
1.445497
1.632138
1.908260
1.689696
1.938926
1.995875
1.959634
1.772214
1.553441
1.830138
1.904173
1.663100
1.525012
1.482513
1.707819
1.477851
1.673562
1.810982
1.740463
1.815385
1.461178
1.677130
1.582101
1.780173
1.722293
1.609572
1.840229
1.926211
1.977302
1.416314
1.981853
1.634462
