1.858821
1.936753
1.951221
1.989600
1.776659
1.959030
1.984430
1.854817
1.824027
1.957712
1.909826
1.873157
1.943742
1.536313
1.827505
1.843600
1.461608
1.951180
1.634747
1.783048
1.935923
1.928488
1.574647
1.878133
1.769479
1.796317
1.893665
1.747082
1.863956
1.809169
1.905514
1.922480
1.937798
1.971102
1.991640
1.768247
1.537008
1.405451
1.802860
1.855273
1.802269
1.834662
1.979952
1.947476
1.686628
1.961808
1.703175
1.998306
1.515241
1.803767
1.577823
1.821414
1.840180
1.845021
1.716069
1.881735
1.495761
1.997690
1.719632
1.882497
1.866943
1.835659
1.894260
1.821123
1.670102
1.506850
1.395847
1.571203
1.567963
1.789736
1.968262
1.676602
1.752638
1.505527
1.396706
1.880061
1.839028
