1.959129
1.858073
1.952948
1.947518
1.759140
1.953467
1.827560
1.981221
1.857783
1.873832
1.852476
1.891464
1.848847
1.987207
1.823263
1.772683
1.864772
1.875929
1.794329
1.915116
1.955229
1.791078
1.882798
1.919638
1.958145
1.979672
1.803340
1.710624
1.855690
1.917209
1.397453
1.938621
1.828881
1.946294
1.916258
1.844338
1.981230
1.882132
1.982910
1.885025
1.590008
1.811879
1.717156
1.951663
1.461221
1.844650
1.973042
1.949387
1.563769
1.879069
1.892595
1.917013
1.803856
1.904652
1.715037
1.755043
1.489836
1.705865
1.677583
1.896748
1.597516
1.899160
1.339573
1.518399
1.496779
1.982724
1.775157
1.250859
1.720392
1.633938
1.686829
1.479282
1.271176
1.643896
1.335047
