1.806069
1.954116
1.586458
1.782475
1.801304
1.614645
1.862256
1.832330
1.884767
1.969863
1.629993
1.624349
1.802397
1.486214
1.641718
1.975011
1.497337
1.914921
1.895390
1.837968
1.781932
1.945963
1.754888
1.923340
1.929030
1.827264
1.948487
1.904830
1.742788
1.731588
1.798024
1.702144
1.688437
1.858784
1.711521
1.974750
1.923742
1.742886
1.753959
1.453249
1.624171
1.922893
1.868369
1.887371
1.957865
1.776450
1.656904
1.543865
1.797342
1.828236
1.691203
1.825767
1.693750
1.946811
1.731824
1.775735
1.570613
1.922943
1.577041
1.964894
1.705516
1.853038
1.912293
1.861738
1.748925
1.587820
1.933101
1.808931
1.585295
1.553274
1.947031
1.425353
1.580940
1.418807
1.878537
1.387176
1.809502
1.204062
1.729901
1.934357
