1.876946
1.877294
1.807832
1.827007
1.783356
1.792045
1.996009
1.896971
1.814225
1.978739
1.761115
1.681267
1.910701
1.740061
1.945767
1.674119
1.943782
1.940806
1.789941
1.939558
1.965352
1.789893
1.495270
1.943461
1.883760
1.756193
1.825559
1.909802
1.841097
1.671332
1.924263
1.701675
1.858182
1.418862
1.971155
1.995118
1.889959
1.943514
1.420509
1.971018
1.815499
1.340491
1.518621
1.279118
1.554366
1.836942
1.615715
1.564896
1.982809
1.750082
1.894511
1.384014
1.851776
1.654007
1.790390
1.977147
1.749073
1.440983
1.999709
1.757828
1.705973
1.894507
1.577918
1.790999
1.512146
1.674425
1.806544
1.663973
1.933912
