1.812021
1.963591
1.839975
1.956026
1.839976
1.977266
1.969936
1.943478
1.805565
1.519837
1.964806
1.611312
1.871077
1.949036
1.948095
1.874440
1.703031
1.924513
1.610434
1.739311
1.895551
1.746819
1.822753
1.858942
1.919665
1.942691
1.897823
1.901931
1.849333
1.859284
1.767019
1.609865
1.635553
1.972397
1.859756
1.917048
1.677065
1.967965
1.974995
1.915993
1.800859
1.791588
1.359447
1.834281
1.879078
1.883615
1.858820
1.625711
1.792355
1.965270
1.619031
1.443349
1.461375
1.825190
1.892080
1.602342
1.983782
1.941357
1.766126
1.934408
1.729809
1.568202
1.651405
1.950740
1.909728
1.923999
1.712867
1.872663
1.465410
1.754952
1.506784
1.687480
1.362334
