1.801839
1.946955
1.677782
1.629189
1.596483
1.849738
1.877728
1.806792
1.926311
1.627353
1.962624
1.730166
1.729928
1.905536
1.761337
1.899208
1.961400
1.599706
1.961108
1.576050
1.805167
1.882862
1.616556
1.730780
1.874083
1.731318
1.911513
1.954198
1.936780
1.771259
1.804119
1.601880
1.865303
1.334350
1.707264
1.961783
1.523674
1.681132
1.592205
1.571337
1.883190
1.548556
1.806930
1.858021
1.689570
1.716114
1.523333
1.982286
1.788185
1.911475
1.912000
1.503603
1.820250
1.703012
1.482090
1.999966
1.787494
1.906574
1.854585
1.825319
1.816667
1.763864
1.945095
1.825014
1.946263
1.541702
1.917525
1.951840
1.690088
1.468921
1.441732
1.718322
