1.863003
1.968004
1.975467
1.703806
1.942870
1.685963
1.812079
1.873976
1.869010
1.841689
1.772153
1.931773
1.535309
1.564661
1.967885
1.965234
1.850298
1.953456
1.901154
1.954759
1.755572
1.378797
1.833507
1.855656
1.824946
1.616149
1.857630
1.628879
1.826445
1.868442
1.771216
1.925237
1.960434
1.882092
1.821304
1.676713
1.881405
1.769363
1.909362
1.675113
1.503004
1.873090
1.696220
1.838945
1.585153
1.659557
1.584484
1.783087
1.590787
1.645725
1.901419
1.718744
1.693412
1.931812
1.509963
1.437231
1.613202
1.808020
1.729448
1.535450
1.631377
1.589141
1.873037
1.585584
1.638851
1.588512
1.458963
1.799241
1.628628
1.771140
1.333292
1.895073
1.979175
1.291830
1.591394
1.736515
1.202259
1.214060
1.913964
1.649871
1.862958
1.410361
1.994353
