1.670808
1.998977
1.926056
1.847594
1.915101
1.931626
1.777314
1.875765
1.715212
1.695675
1.804087
1.886770
1.753778
1.789301
1.890605
1.756257
1.848275
1.834109
1.523742
1.986068
1.551603
1.983231
1.910488
1.778116
1.700972
1.885660
1.869939
1.807186
1.828931
1.965933
1.763086
1.796229
1.665025
1.620058
1.714934
1.672757
1.522930
1.837794
1.940650
1.914677
1.683624
1.674089
1.770466
1.578316
1.535882
1.855899
1.857332
1.636145
1.611171
1.440358
1.528809
1.713190
1.439607
1.949566
1.979723
1.837106
1.850287
1.957085
1.671831
1.946216
1.929290
1.917059
1.741286
1.739139
1.737736
1.409542
1.563423
1.888403
1.971628
1.294697
1.905563
1.870243
1.619048
1.820244
1.553729
1.477397
1.970726
1.534441
1.588640
1.646284
1.316943
1.667823
1.822310
1.387033
