1.941470
1.937182
1.937507
1.630995
1.927578
1.954851
1.977944
1.834938
1.735678
1.983071
1.843711
1.629731
1.644077
1.598897
1.794287
1.791271
1.435426
1.571674
1.894538
1.987168
1.986066
1.478077
1.957050
1.997427
1.944645
1.364588
1.880436
1.553104
1.557624
1.719277
1.953535
1.935382
1.968644
1.783812
1.932356
1.550842
1.883242
1.958734
1.967093
1.802281
1.709577
1.432789
1.758815
1.792671
1.930073
1.756919
1.909110
1.357133
1.617603
1.898763
1.867142
1.543282
1.775861
1.582840
1.543612
1.151902
1.583341
1.827350
1.368754
1.949935
1.602724
1.781083
1.393891
1.478219
1.727980
1.784731
1.838040
1.636949
1.566557
1.636964
1.730305
