1.916365
1.766484
1.979515
1.794153
1.998076
1.860061
1.947327
1.927577
1.938580
1.859460
1.571024
1.915476
1.974854
1.644517
1.959143
1.887193
1.976772
1.995361
1.887093
1.908134
1.770977
1.848636
1.971046
1.988350
1.932619
1.633389
1.855489
1.624927
1.443690
1.788238
1.938257
1.969612
1.916594
1.812903
1.966747
1.651079
1.971709
1.947195
1.753396
1.499804
1.814257
1.979518
1.685148
1.661387
1.451682
1.766118
1.803726
1.879025
1.623956
1.665828
1.949076
1.445925
1.814490
1.810435
1.807874
1.750190
1.775652
1.792743
1.564990
1.732296
1.537807
1.348145
1.417302
1.478724
1.927033
1.793916
1.829406
1.991332
1.950742
1.484826
1.759964
1.546072
1.592606
1.774536
1.418985
1.892878
1.808826
1.822658
1.839838
1.429674
1.693074
1.811876
1.663373
1.653346
