1.902893
1.844360
1.878728
1.976236
1.702973
1.764630
1.988567
1.837955
1.679265
1.943169
1.623790
1.813484
1.864938
1.920699
1.933813
1.539241
1.955606
1.763629
1.931260
1.730098
1.879175
1.829323
1.834847
1.716227
1.835606
1.832164
1.780458
1.705229
1.761521
1.639461
1.765522
1.532646
1.526082
1.653946
1.825592
1.854079
1.486352
1.868776
1.672914
1.842802
1.661244
1.549873
1.714040
1.600309
1.980696
1.574313
1.882890
1.918213
1.895523
1.937223
1.955656
1.805112
1.961646
1.580558
1.943584
1.370750
1.992171
1.901304
1.938636
1.618325
1.684036
1.487619
1.950392
1.586450
1.974699
1.740203
1.485994
1.923337
1.599399
1.308448
1.886057
1.871939
1.898154
1.977586
1.921280
1.988965
1.699792
1.436273
1.640926
1.378224
1.323207
1.588043
1.761658
1.567482
1.558158
