1.839547
1.934627
1.821791
1.778788
1.760003
1.960279
1.647117
1.989577
1.800201
1.606211
1.806239
1.944888
1.920618
1.817682
1.927962
1.938865
1.716105
1.735405
1.997379
1.996652
1.598294
1.941793
1.693811
1.996315
1.764460
1.703632
1.799233
1.817607
1.787375
1.796579
1.862336
1.615740
1.977063
1.786613
1.957509
1.795498
1.904588
1.806439
1.665191
1.847670
1.486095
1.911756
1.787464
1.977279
1.923717
1.922568
1.861089
1.573149
1.569282
1.945791
1.286178
1.696588
1.733077
1.624741
1.901625
1.557385
1.892859
1.703926
1.644858
1.484956
1.756507
1.626372
1.822878
1.749504
1.500157
1.291498
1.921253
1.948972
1.685880
1.532190
1.626371
1.579675
1.508589
1.778088
1.644066
1.371918
1.791252
1.983728
1.931601
1.742793
1.609885
