1.834677
1.879848
1.923552
1.900970
1.902547
1.903686
1.808798
1.731910
1.867225
1.759386
1.880767
1.638489
1.952586
1.980011
1.870816
1.990222
1.765674
1.807621
1.675599
1.788957
1.814323
1.514898
1.788165
1.874053
1.494417
1.798273
1.859035
1.912388
1.962650
1.954911
1.590241
1.865302
1.910258
1.564047
1.866734
1.716612
1.982931
1.609194
1.534258
1.910024
1.711835
1.597808
1.892185
1.816721
1.634486
1.359438
1.805923
1.605043
1.811023
1.986666
1.669320
1.469822
1.508149
1.767962
1.878118
1.675854
1.538206
1.690540
1.831606
1.815807
1.718756
1.447758
1.624811
1.917228
1.485125
1.862103
1.540273
1.491934
1.957886
1.333933
1.681731
1.543261
1.861743
