1.962644
1.696107
1.853555
1.775140
1.806984
1.961482
1.978068
1.899167
1.943351
1.827483
1.792655
1.963839
1.789253
1.812884
1.890751
1.594152
1.882357
1.913000
1.990296
1.518371
1.783624
1.690679
1.986732
1.654614
1.981247
1.919785
1.953575
1.771957
1.984638
1.889323
1.960039
1.547642
1.856773
1.964716
1.648053
1.662336
1.857309
1.797447
1.459009
1.895522
1.970199
1.908899
1.911673
1.861964
1.911519
1.594269
1.803307
1.892250
1.826473
1.592262
1.670732
1.778530
1.772575
1.625751
1.613710
1.478859
1.673083
1.604705
1.555376
1.784658
1.953495
1.495756
1.830311
1.868754
1.947977
1.855840
1.713107
1.990818
1.661397
1.924816
1.945071
1.916061
1.582193
1.708567
1.388929
1.992583
1.863939
1.351376
1.947426
1.752613
1.693499
1.805052
1.644022
1.929646
1.623184
1.736623
1.851186
1.723814
1.985340
1.949269
1.600495
1.894089
1.877203
1.790150
1.744487
1.280457
1.579290
1.903977
1.779378
1.903798
1.894635
