1.693997
1.835694
1.961402
1.883880
1.878865
1.683714
1.723499
1.839405
1.859545
1.922225
1.969293
1.721891
1.615635
1.898978
1.983590
1.930741
1.967410
1.935487
1.963628
1.535992
1.883526
1.712034
1.809530
1.871511
1.979282
1.982117
1.817560
1.513335
1.962699
1.957733
1.541148
1.841720
1.489695
1.585877
1.905532
1.701378
1.792239
1.966804
1.785748
1.715576
1.973451
1.692551
1.953990
1.373696
1.852142
1.848244
1.948707
1.728274
1.929504
1.739612
1.838041
1.733016
1.911973
1.934762
1.601916
1.956098
1.609352
1.231150
1.897601
1.737050
1.723326
1.542604
1.483898
1.286735
1.945891
1.880205
1.271381
1.608764
1.860381
1.816244
1.537850
1.683282
1.802816
1.837480
1.849280
1.919087
1.968808
1.987990
1.770603
1.383755
1.873472
1.974718
1.634455
1.763826
1.297425
1.826256
1.828124
1.859802
1.848719
1.417236
1.988138
1.899562
1.990881
1.699196
1.968265
1.798383
1.967623
1.761474
1.198790
1.609753
1.582486
1.387553
1.422751
1.518702
1.364670
1.567242
1.609251
1.841091
1.244605
1.882048
1.687149
1.491954
1.828984
