1.934419
1.942774
1.696691
1.980091
1.991120
1.966709
1.908524
1.822225
1.785406
1.807758
1.681377
1.890388
1.933139
1.757164
1.837007
1.456361
1.978081
1.961127
1.972586
1.617724
1.635319
1.833475
1.940825
1.895319
1.860780
1.703558
1.853849
1.500602
1.927118
1.912680
1.910144
1.666037
1.862306
1.728656
1.889874
1.718908
1.921399
1.565210
1.812934
1.889945
1.829976
1.853090
1.928566
1.276210
1.492324
1.517855
1.512100
1.915821
1.636424
1.366075
1.556241
1.518482
1.807532
1.902481
1.771832
1.407290
1.874527
1.826700
1.999899
1.712709
1.838930
1.856418
1.386728
1.787766
1.971388
1.909379
1.810106
1.761717
1.882422
1.699171
1.503230
1.972499
1.654264
1.478879
1.921397
1.639961
1.580038
1.895498
1.237388
1.697082
1.854099
