1.964932
1.797347
1.906324
1.964767
1.987154
1.964337
1.946799
1.851846
1.790859
1.519899
1.479144
1.759011
1.884204
1.721963
1.983549
1.895582
1.877309
1.950521
1.835543
1.899631
1.965847
1.885629
1.955716
1.854679
1.809303
1.814788
1.508308
1.939072
1.929722
1.785193
1.859798
1.724228
1.857760
1.688608
1.758660
1.600683
1.735544
1.996799
1.805891
1.830641
1.914566
1.986370
1.781336
1.706574
1.766966
1.770853
1.609864
1.732712
1.517575
1.958671
1.809055
1.695655
1.693821
1.775750
1.428974
1.863724
1.626094
1.727554
1.857563
1.673068
1.905233
1.888845
1.944870
1.703867
1.669397
1.765639
1.702175
1.867276
1.968389
1.875854
1.744313
1.765679
1.722721
1.850158
1.976284
1.571773
1.362072
1.650878
1.568879
1.667554
1.939606
1.523335
