1.751968
1.975044
1.878987
1.666896
1.887730
1.978414
1.744368
1.905794
1.680842
1.733300
1.769365
1.861744
1.982107
1.777651
1.990736
1.886742
1.785019
1.967779
1.929969
1.832395
1.641118
1.428060
1.916163
1.616647
1.993275
1.973187
1.832433
1.571658
1.838127
1.602613
1.619524
1.716631
1.840372
1.990738
1.860765
1.933407
1.837675
1.928155
1.377907
1.988337
1.852405
1.845820
1.724160
1.874757
1.934980
1.746967
1.796374
1.520897
1.560947
1.629498
1.644549
1.772539
1.974545
1.878160
1.895282
1.532611
1.720479
1.580953
1.483736
1.480304
1.447056
1.778537
1.698209
1.948415
1.880867
1.926472
1.980391
1.623263
1.796863
1.819877
1.875056
1.912417
1.298116
1.903081
1.796827
1.720812
1.226609
1.452462
1.792264
1.517109
1.694929
1.443037
1.408216
