1.634197
1.958602
1.923491
1.785896
1.996581
1.737208
1.962181
1.727396
1.842433
1.740799
1.732583
1.887960
1.681729
1.904829
1.889561
1.733423
1.719487
1.837011
1.779926
1.941904
1.856631
1.945427
1.546073
1.995338
1.890866
1.900483
1.921834
1.687575
1.760732
1.894411
1.691086
1.706619
1.791131
1.687960
1.696324
1.908093
1.685357
1.844569
1.736826
1.956399
1.733789
1.833866
1.957070
1.945809
1.931733
1.593338
1.498572
1.873020
1.991513
1.937498
1.715211
1.251314
1.572050
1.521157
1.969600
1.899408
1.973083
1.699364
1.919788
1.713241
1.282952
1.912200
1.482635
1.453776
1.892576
1.947290
1.829146
1.523382
1.652626
1.793489
1.693155
1.708448
1.879182
1.704837
1.713754
1.497664
1.768402
1.486834
1.904584
1.716445
1.629704
1.893307
1.716189
1.345193
1.411824
1.548822
1.294184
1.966948
