1.856248
1.967145
1.762264
1.548531
1.849608
1.642704
1.880199
1.991199
1.828356
1.760970
1.827888
1.695996
1.964561
1.818728
1.953085
1.926693
1.973466
1.782687
1.577799
1.754172
1.714366
1.850009
1.695024
1.663930
1.790729
1.736540
1.842102
1.910916
1.890755
1.694237
1.706294
1.981556
1.982677
1.520784
1.800392
1.695739
1.795391
1.779640
1.807173
1.735172
1.785858
1.641621
1.885799
1.832119
1.999902
1.638675
1.505803
1.888047
1.660584
1.690656
1.813489
1.655974
1.878700
1.892227
1.931542
1.588638
1.966744
1.769047
1.938442
1.918791
1.636103
1.755287
1.833353
1.823703
1.730826
1.886853
1.567061
1.985550
1.449918
1.536102
1.400589
1.547508
1.456846
1.986649
1.648988
