1.716245
1.871645
1.890885
1.514493
1.738582
1.857420
1.991541
1.929300
1.945115
1.596898
1.421696
1.908573
1.943250
1.718841
1.958762
1.875138
1.960514
1.966098
1.516749
1.552255
1.675009
1.560215
1.654905
1.842007
1.938615
1.969970
1.634837
1.729751
1.945678
1.626459
1.600943
1.743824
1.846181
1.571817
1.810871
1.750886
1.914502
1.985321
1.846099
1.837114
1.636403
1.605081
1.495007
1.869484
1.534487
1.637556
1.559074
1.934878
1.516802
1.699149
1.821670
1.732083
1.594560
1.636264
1.734621
1.934205
1.494942
1.568890
1.776699
1.598458
1.805496
1.469926
1.871755
1.475912
1.817552
1.647025
1.766951
1.777260
1.976933
1.400661
1.551621
1.586846
