1.923558
1.982406
1.786056
1.933612
1.919912
1.903484
1.990967
1.559297
1.717757
1.984710
1.991449
1.896254
1.977483
1.957474
1.840884
1.980989
1.862473
1.790499
1.932164
1.782284
1.895495
1.923299
1.500686
1.751562
1.607594
1.564973
1.888164
1.614155
1.591159
1.957692
1.732011
1.730708
1.976922
1.958129
1.885303
1.914322
1.938091
1.847802
1.808647
1.840659
1.744450
1.768359
1.908516
1.971443
1.945674
1.725525
1.589702
1.961046
1.874947
1.860975
1.716570
1.742048
1.592473
1.558933
1.858610
1.951087
1.655921
1.635312
1.693318
1.486894
1.857049
1.740363
1.680384
1.693426
1.794189
1.910967
1.289868
1.833120
1.904072
1.949665
1.562141
1.761190
1.744939
1.892353
1.848360
1.961554
1.922697
1.498517
1.753786
1.795066
1.480843
1.867194
1.967750
1.388259
1.610479
1.752201
