1.859586
1.859531
1.922503
1.945083
1.808547
1.959161
1.972884
1.856915
1.808239
1.524071
1.923791
1.981940
1.986671
1.797084
1.922228
1.965357
1.978876
1.875383
1.930426
1.647030
1.917732
1.910395
1.621450
1.640333
1.990249
1.837439
1.998704
1.652302
1.661975
1.749589
1.780773
1.974121
1.996283
1.569401
1.807907
1.960988
1.882734
1.890914
1.655063
1.827909
1.973382
1.971556
1.726072
1.723408
1.940855
1.611634
1.937834
1.473363
1.551782
1.853412
1.860981
1.970967
1.849526
1.717065
1.667677
1.469597
1.754916
1.701494
1.704825
1.746011
1.904646
1.737224
1.960541
1.906762
1.767560
1.783870
1.624256
1.760033
1.613344
1.932707
1.601564
1.857594
1.633039
1.719769
1.639628
1.934724
1.926179
1.915959
1.495971
1.783276
1.939269
1.913344
1.638198
1.867318
1.735058
1.452385
1.996101
1.970211
1.737870
1.725378
1.647441
1.990638
