1.819858
1.875145
1.814738
1.538215
1.955618
1.952337
1.675207
1.933583
1.895734
1.874914
1.999581
1.889521
1.976726
1.811322
1.990572
1.898528
1.930987
1.968522
1.861754
1.486244
1.967690
1.892728
1.943406
1.893423
1.582127
1.767105
1.753802
1.790185
1.780379
1.984624
1.858166
1.602976
1.961901
1.727809
1.609061
1.899844
1.894690
1.432021
1.565756
1.737961
1.970093
1.421062
1.609773
1.856883
1.593367
1.795515
1.957227
1.977813
1.837885
1.722453
1.908202
1.671785
1.744684
1.418096
1.315100
1.642794
1.601009
1.831053
1.593621
1.665838
1.528773
1.942066
1.864456
1.423537
1.547703
1.778990
1.461741
1.685528
1.801412
1.972103
1.626107
1.405094
1.891121
