1.666224
1.828636
1.695296
1.976985
1.897601
1.965752
1.868829
1.894245
1.643379
1.714375
1.819584
1.896557
1.843475
1.868648
1.516510
1.886284
1.713259
1.713112
1.990118
1.860583
1.916405
1.985727
1.766843
1.901022
1.957421
1.852042
1.573247
1.896881
1.965696
1.486315
1.758329
1.686073
1.691435
1.932549
1.627959
1.827193
1.914613
1.855154
1.515808
1.720198
1.967182
1.888999
1.895960
1.719567
1.902538
1.927744
1.684913
1.672678
1.927369
1.477845
1.841322
1.746273
1.996497
1.858548
1.817072
1.872068
1.917114
1.858464
1.984103
1.880195
1.814309
1.619035
1.987106
1.982650
1.890532
1.997115
1.788205
1.830837
1.817063
1.978164
1.632744
1.910335
1.882718
1.936708
1.688582
1.366182
1.387221
1.918011
1.709891
1.702036
1.981170
1.378019
1.440614
1.606785
1.810775
1.748791
1.836010
1.779824
1.869475
1.581457
1.324121
1.525416
