1.985499
1.986121
1.951617
1.887739
1.973102
1.597539
1.849365
1.961241
1.764031
1.854469
1.588930
1.998086
1.669491
1.855460
1.655692
1.958823
1.993734
1.776316
1.931167
1.924507
1.999275
1.719443
1.752947
1.814353
1.751812
1.797314
1.890931
1.590213
1.612382
1.766399
1.915606
1.722156
1.706611
1.806918
1.779836
1.658859
1.254742
1.930485
1.814022
1.671789
1.936894
1.564915
1.874168
1.642166
1.866576
1.690410
1.669119
1.563958
1.894524
1.747251
1.622065
1.457560
1.678183
1.965328
1.503784
1.892354
1.843442
1.723458
1.962520
1.613359
1.743399
1.716866
1.558044
1.897343
1.461905
1.869965
1.810279
1.483713
1.951720
1.790515
1.369918
1.982526
1.934917
1.841983
1.925552
1.768743
