1.892034
1.952515
1.976378
1.985617
1.980195
1.959358
1.754135
1.717622
1.886250
1.632463
1.752099
1.744541
1.821292
1.637237
1.956718
1.478091
1.501103
1.750437
1.718473
1.959922
1.632160
1.798731
1.986953
1.564681
1.909496
1.741722
1.956358
1.985360
1.965318
1.429373
1.606970
1.559303
1.917738
1.375676
1.645952
1.733961
1.766677
1.684302
1.748384
1.588611
1.634552
1.913749
1.400617
1.959038
1.991741
1.413452
1.320681
1.549499
1.889945
1.500400
1.409707
1.614153
1.795114
1.493556
1.419089
1.798707
1.566940
1.319922
1.657319
