1.747227
1.939696
1.952422
1.918833
1.783424
1.676831
1.906075
1.943854
1.930718
1.972694
1.737319
1.892085
1.786284
1.727845
1.927914
1.981422
1.735255
1.802498
1.848707
1.642607
1.745038
1.789469
1.873831
1.964485
1.901819
1.633658
1.953833
1.793848
1.960172
1.783042
1.796467
1.911742
1.898215
1.832365
1.822760
1.913034
1.747743
1.957714
1.879986
1.819014
1.604163
1.982691
1.744284
1.891714
1.892240
1.641594
1.977347
1.729455
1.569942
1.902946
1.883780
1.604354
1.779111
1.785742
1.663038
1.845954
1.434583
1.681820
1.635453
1.784517
1.997523
1.913514
1.831934
1.700345
1.565240
1.587988
1.864748
1.949972
1.570734
1.753939
1.739019
1.411652
1.433860
1.557518
1.433115
1.773321
1.772162
1.895181
1.596059
1.741004
1.569495
1.901920
1.271993
1.748440
