1.990031
1.998158
1.989469
1.731974
1.820435
1.867237
1.954533
1.834090
1.943850
1.979872
1.852282
1.778590
1.700466
1.834598
1.813967
1.850040
1.945634
1.697362
1.920497
1.970320
1.998545
1.822973
1.785691
1.450563
1.981225
1.739237
1.938487
1.794860
1.898141
1.865826
1.966242
1.950220
1.931851
1.512863
1.973343
1.738929
1.698733
1.710259
1.687340
1.892873
1.734826
1.875532
1.540376
1.803346
1.851418
1.493675
1.930790
1.794757
1.994381
1.495089
1.620351
1.949831
1.968042
1.683447
1.831224
1.939159
1.671334
1.809665
1.304877
1.928504
1.552968
1.907012
1.903648
1.725479
1.924691
1.944128
1.486760
1.990324
1.794377
1.797702
1.547444
1.835681
1.918518
1.821423
1.633604
1.874627
1.691568
1.520188
1.984623
1.838473
1.875393
1.911056
1.792616
1.648802
1.602640
1.635685
1.604661
