1.894201
1.850018
1.963065
1.603502
1.936624
1.883892
1.948812
1.989143
1.943633
1.807280
1.689284
1.484465
1.874750
1.470318
1.655764
1.823833
1.501313
1.814135
1.774597
1.977533
1.914813
1.527833
1.944321
1.764533
1.328155
1.797651
1.802692
1.923030
1.973893
1.820136
1.425246
1.898986
1.810128
1.745131
1.922735
1.955588
1.916965
1.999763
1.860693
1.985738
1.908512
1.485478
1.596966
1.947344
1.987407
1.730667
1.733852
1.510957
1.980122
1.476492
1.867340
1.794847
1.698230
1.542281
1.904974
1.725423
1.711512
1.821669
1.734043
1.683711
1.916028
1.622338
1.818826
1.760260
1.792296
1.434850
1.271437
1.491783
1.787578
1.490129
1.970465
1.902287
1.749825
1.824027
1.961120
1.726716
1.528480
1.118433
