1.736857
1.996497
1.954393
1.997705
1.899480
1.948567
1.777390
1.922836
1.847505
1.916759
1.832069
1.960434
1.948776
1.815617
1.960776
1.864337
1.508923
1.993845
1.670998
1.569170
1.707979
1.550522
1.798575
1.692699
1.972220
1.994053
1.816328
1.885984
1.928822
1.759668
1.722966
1.706535
1.790176
1.677576
1.986492
1.816285
1.977295
1.819175
1.659876
1.600058
1.581340
1.617733
1.906574
1.880230
1.990464
1.784577
1.892661
1.542796
1.651862
1.927840
1.993918
1.852577
1.781404
1.643359
1.675054
1.529192
1.417997
1.878815
1.651087
1.920463
1.986366
1.708550
1.891823
1.713556
1.478407
1.657790
1.689811
1.831402
1.926183
1.613109
1.504238
1.864268
1.868498
1.919647
1.813066
1.823193
1.758756
1.742142
1.804316
1.653001
1.721679
1.490099
1.649079
1.497868
1.769885
1.734365
