1.876884
1.855677
1.793087
1.941391
1.867312
1.814933
1.861028
1.847065
1.837550
1.973661
1.714732
1.552977
1.912404
1.899223
1.837193
1.565639
1.956419
1.822056
1.942218
1.853450
1.836347
1.978372
1.975095
1.621164
1.829170
1.769264
1.950081
1.985765
1.815992
1.868377
1.985108
1.939402
1.880484
1.339216
1.803365
1.948542
1.886572
1.902225
1.948632
1.867172
1.482079
1.739094
1.716380
1.705028
1.355379
1.987412
1.856960
1.726833
1.844858
1.780164
1.813336
1.686723
1.682212
1.547193
1.772406
1.670410
1.528307
1.599699
1.541013
1.811238
1.767359
1.517067
1.646305
1.915481
1.679919
1.887085
1.551049
1.994875
1.852179
1.822545
1.922644
1.902105
1.562649
1.694576
1.892805
1.886954
1.693115
1.921942
1.965741
1.774691
1.731283
1.562727
1.526836
1.471541
1.749028
1.860075
1.535043
