1.787839
1.660817
1.771741
1.817899
1.941068
1.913367
1.950006
1.795606
1.975615
1.942200
1.873020
1.993777
1.724571
1.953859
1.677935
1.926388
1.862549
1.563322
1.919414
1.793509
1.892089
1.756228
1.999126
1.953459
1.598029
1.769480
1.840598
1.768947
1.666815
1.905454
1.614760
1.809260
1.979979
1.883147
1.868715
1.809182
1.631321
1.801781
1.822971
1.882949
1.962225
1.839776
1.606538
1.859234
1.879047
1.457759
1.605463
1.647863
1.814765
1.630144
1.689059
1.739445
1.983023
1.939038
1.662109
1.545186
1.596953
1.873470
1.440021
1.898463
1.414272
1.979864
1.651947
1.955164
1.287193
