1.863423
1.797373
1.890217
1.870405
1.976003
1.602870
1.884107
1.881442
1.992951
1.927777
1.619846
1.980352
1.577707
1.546211
1.977213
1.989235
1.835258
1.939798
1.975674
1.995100
1.843750
1.815379
1.950153
1.868046
1.685776
1.917213
1.902229
1.446828
1.667330
1.599670
1.979927
1.859664
1.874501
1.848154
1.781128
1.683250
1.985049
1.934767
1.607325
1.949291
1.514432
1.802639
1.886546
1.699845
1.958117
1.886184
1.793007
1.805830
1.440574
1.492148
1.907811
1.682801
1.786800
1.774517
1.917785
1.782940
1.718600
1.795484
1.593076
1.951533
1.853182
1.702208
1.857887
1.902225
1.840865
1.379926
1.513350
1.922017
1.675116
1.913316
1.948380
1.596979
1.821776
1.857662
1.641157
1.680656
1.478157
1.903797
1.801587
1.873001
1.920912
1.373489
1.624819
1.857841
