1.998209
1.963565
1.577999
1.790658
1.958776
1.752046
1.848001
1.852843
1.888459
1.950519
1.900106
1.846141
1.780285
1.501214
1.675452
1.737383
1.934051
1.869987
1.850476
1.882407
1.594570
1.805070
1.956851
1.811147
1.484679
1.872075
1.652362
1.956964
1.724522
1.940501
1.888885
1.983212
1.818297
1.507584
1.841785
1.631839
1.900337
1.829431
1.732551
1.950617
1.688480
1.713059
1.951983
1.873542
1.988837
1.770757
1.677832
1.985558
1.969003
1.918940
1.506361
1.679707
1.427351
1.430215
1.803019
1.866958
1.929668
1.800885
1.523872
1.998374
1.710250
1.571075
1.998752
1.840793
1.386139
1.992528
1.820974
1.403163
1.492374
1.383004
