1.968925
1.996464
1.982507
1.951114
1.897538
1.821134
1.957484
1.511609
1.757763
1.829741
1.761828
1.706266
1.696257
1.823399
1.952991
1.793660
1.955377
1.899174
1.944641
1.420306
1.693863
1.888835
1.844892
1.961382
1.964406
1.862032
1.744651
1.743388
1.588565
1.785203
1.863407
1.743402
1.907620
1.875481
1.836278
1.799785
1.712233
1.696808
1.919551
1.558054
1.686632
1.709763
1.766690
1.787037
1.749489
1.966412
1.687726
1.982197
1.759033
1.989809
1.744081
1.803637
1.808347
1.790758
1.724804
1.586936
1.935669
1.616781
1.888779
1.967598
1.637792
1.858484
1.855029
1.788666
1.836677
1.468751
1.731319
1.781812
1.985159
1.748000
1.847932
1.574540
1.642961
1.638804
1.895481
1.403132
1.888184
1.987037
1.652978
1.572658
1.684855
1.974592
1.313622
1.783546
1.607350
1.578597
1.657437
1.857449
1.371683
1.370948
1.868832
1.670601
1.513859
1.558958
1.700508
1.524711
1.457915
1.744573
1.564302
1.526901
1.658341
