1.972285
1.968839
1.780177
1.826248
1.865809
1.665466
1.469823
1.947522
1.997771
1.851761
1.922086
1.818065
1.799558
1.963696
1.927592
1.554864
1.692622
1.835541
1.733340
1.424732
1.641899
1.613678
1.906460
1.771324
1.732286
1.608460
1.794841
1.982356
1.668117
1.690047
1.807743
1.954890
1.564127
1.994217
1.880821
1.483913
1.768926
1.662548
1.733745
1.709885
1.984488
1.440077
1.732306
1.663281
1.789116
1.441992
1.711413
1.479738
1.635672
1.701065
1.691552
1.634069
1.997478
1.526732
1.775313
1.899121
1.453398
1.774551
1.353421
