1.939768
1.623734
1.958956
1.879821
1.990386
1.797904
1.828434
1.736147
1.950874
1.934995
1.890532
1.885715
1.830245
1.900984
1.353050
1.970179
1.861057
1.464296
1.919101
1.468292
1.728622
1.921935
1.776800
1.945794
1.988089
1.770518
1.967208
1.853556
1.988876
1.829203
1.907525
1.999446
1.858841
1.777305
1.791417
1.943851
1.960545
1.744019
1.828045
1.888329
1.806539
1.552565
1.730971
1.293248
1.981634
1.949302
1.583335
1.771512
1.694932
1.720776
1.538148
1.412947
1.987046
1.641694
1.623993
1.979517
1.955338
1.451566
1.967017
1.974115
1.923611
1.683601
1.858509
1.552358
1.890227
1.843082
1.876814
1.705591
1.548310
1.663265
1.723884
1.375570
1.298700
1.957369
