1.637027
1.777817
1.977255
1.912390
1.753946
1.944085
1.950006
1.912463
1.991057
1.998854
1.792320
1.628247
1.893287
1.780739
1.444583
1.666754
1.741396
1.843646
1.985606
1.658999
1.917800
1.658315
1.581131
1.787641
1.968092
1.831048
1.581965
1.479301
1.986510
1.944830
1.885146
1.479209
1.914112
1.646020
1.788138
1.930040
1.667238
1.999775
1.988258
1.879071
1.835802
1.809029
1.806452
1.482635
1.840980
1.642335
1.899199
1.840286
1.652502
1.912671
1.705765
1.985862
1.419731
1.979862
1.707274
1.486046
1.984667
1.808080
1.862966
1.926790
1.488431
1.898741
1.957667
1.622160
1.946664
1.622472
1.930970
1.456657
1.834247
1.755056
1.767289
1.992739
1.931183
1.902786
1.866461
1.697169
1.812033
1.949544
1.909612
1.667384
1.526729
1.536583
1.908802
1.711356
1.920457
1.646944
1.675076
1.917153
1.567953
1.884664
1.639126
1.455008
1.945047
1.138754
1.838125
