1.850603
1.936931
1.781272
1.776322
1.835097
1.898862
1.937275
1.698971
1.781045
1.962255
1.893642
1.723337
1.568521
1.877570
1.984650
1.911583
1.940248
1.743638
1.912173
1.999790
1.959590
1.966939
1.852356
1.470027
1.845234
1.941820
1.770918
1.819578
1.671779
1.940071
1.579250
1.947011
1.884844
1.806974
1.857811
1.978458
1.682352
1.935832
1.873045
1.889103
1.954317
1.785994
1.736716
1.971953
1.695787
1.953308
1.779078
1.750762
1.491181
1.692489
1.502713
1.549485
1.957408
1.970056
1.637535
1.964525
1.645163
1.781884
1.641070
1.771375
1.710303
1.478021
1.960643
1.967837
1.731647
1.880463
1.360072
1.596256
1.439477
1.479019
1.420468
1.289061
1.831607
