1.990088
1.821262
1.990149
1.975561
1.927614
1.686870
1.770219
1.979878
1.805057
1.963494
1.992388
1.877903
1.676949
1.871748
1.995878
1.971318
1.871994
1.806510
1.872991
1.858992
1.759148
1.868143
1.950166
1.848075
1.941076
1.971287
1.556201
1.583599
1.732347
1.986727
1.990921
1.605399
1.989288
1.889783
1.650868
1.929815
1.898822
1.931645
1.645797
1.888237
1.604252
1.840571
1.610570
1.992270
1.918951
1.962869
1.637306
1.589532
1.874967
1.879268
1.910346
1.421983
1.671253
1.666890
1.738781
1.596243
1.472751
1.949269
1.856212
1.797948
1.868557
1.903023
1.874323
1.604068
1.954942
1.762158
1.663934
1.586894
1.471335
1.667745
1.709447
1.698903
1.678374
1.402966
1.784666
1.916311
1.965610
1.895520
1.590689
1.674099
1.324063
1.493529
1.472662
1.470948
1.889674
