1.883504
1.919172
1.686656
1.628619
1.983914
1.814202
1.708829
1.918001
1.812377
1.919761
1.852564
1.871164
1.941181
1.909777
1.909664
1.827567
1.866400
1.941033
1.780111
1.551966
1.952282
1.595770
1.537408
1.501626
1.877479
1.888842
1.893548
1.721190
1.792445
1.529093
1.920270
1.926772
1.663489
1.779904
1.897795
1.678845
1.834530
1.654296
1.936988
1.769600
1.971807
1.940808
1.782929
1.776140
1.709132
1.933564
1.704287
1.903810
1.613208
1.843568
1.499785
1.662096
1.415602
1.620355
1.699269
1.895160
1.767447
1.237206
1.831850
1.537233
1.852079
1.489043
1.753028
1.361714
1.819971
1.951349
1.854332
1.939013
1.700007
1.341955
1.331169
