1.967729
1.798950
1.909221
1.690507
1.728221
1.802241
1.943917
1.951068
1.997270
1.743717
1.666436
1.993660
1.717286
1.968774
1.909553
1.699396
1.942937
1.640275
1.972878
1.933869
1.842053
1.535370
1.934804
1.733305
1.621799
1.970453
1.939742
1.959807
1.785881
1.879904
1.758379
1.702142
1.943450
1.975603
1.842150
1.865008
1.646269
1.980592
1.777416
1.775249
1.739122
1.887330
1.732176
1.745977
1.897544
1.823621
1.592663
1.983690
1.851116
1.715589
1.775587
1.800240
1.838845
1.927102
1.428495
1.862029
1.822466
1.704529
1.583202
1.888882
1.563958
1.508123
1.498314
1.729470
1.896801
1.921807
1.598309
1.912657
1.534828
1.991245
1.961007
1.657683
1.849500
1.925139
1.669795
1.565210
1.623375
1.469451
1.649713
1.886321
1.674880
1.746771
1.770354
1.827826
1.876769
1.518147
1.666728
1.810029
1.842954
1.829454
1.851767
1.269719
1.868831
