1.991282
1.990193
1.936974
1.701672
1.808671
1.822930
1.820533
1.813332
1.914051
1.986603
1.866890
1.917258
1.973081
1.959139
1.752860
1.975108
1.738331
1.416346
1.675302
1.665386
1.622676
1.947766
1.834091
1.681851
1.898274
1.958439
1.615823
1.553841
1.787278
1.780555
1.925468
1.977530
1.969520
1.646013
1.587750
1.767696
1.810376
1.818249
1.788522
1.888621
1.571746
1.790261
1.749764
1.992888
1.821483
1.702132
1.510671
1.954652
1.952760
1.937376
1.391714
1.741063
1.804044
1.884712
1.661537
1.879267
1.243893
1.942780
1.991312
1.772585
1.639037
1.397060
1.776668
1.436640
1.847763
1.508457
1.483405
1.804703
1.380916
1.871747
1.455276
1.642477
1.873511
1.303377
1.262444
1.556662
1.642332
1.921346
1.354145
1.651747
1.883397
1.910875
1.751732
1.473268
1.426829
1.767696
1.955192
