1.878197
1.796445
1.900177
1.954221
1.855480
1.974327
1.881319
1.852266
1.606513
1.620144
1.466032
1.840879
1.708746
1.709391
1.467491
1.803489
1.892570
1.993675
1.901107
1.974312
1.906464
1.618471
1.878671
1.865615
1.965620
1.760199
1.797427
1.969756
1.967943
1.583540
1.536439
1.575986
1.747649
1.613452
1.738019
1.734301
1.565179
1.881604
1.821825
1.483610
1.788821
1.802397
1.985737
1.502602
1.678669
1.532604
1.574695
1.594746
1.913250
1.962686
1.997998
1.887300
1.848828
1.564981
1.975965
1.824634
1.454711
1.635995
1.941479
1.918370
1.857245
1.956903
1.956696
1.935005
1.946279
1.948011
1.850959
1.666489
1.521141
1.450908
1.909798
1.553678
1.523709
1.780046
1.339996
1.932673
1.944086
1.473879
1.956954
1.399299
1.868552
