1.971064
1.645868
1.959281
1.968035
1.877647
1.910457
1.522325
1.759061
1.929048
1.722500
1.986952
1.813972
1.633593
1.951374
1.941092
1.521629
1.748766
1.701207
1.766376
1.736709
1.641669
1.749752
1.790118
1.565735
1.992079
1.595542
1.950441
1.935459
1.674535
1.714376
1.973170
1.948841
1.997192
1.849704
1.933139
1.729027
1.813162
1.894606
1.922238
1.767044
1.824777
1.754766
1.783836
1.932549
1.898377
1.720516
1.902148
1.495763
1.999394
1.917773
1.981962
1.757334
1.979793
1.288903
1.695642
1.977660
1.965627
1.520692
1.897357
1.331881
1.840034
1.588546
1.608700
1.691740
1.826339
1.389569
1.936664
1.586337
1.980757
1.375887
1.828059
1.656786
