1.899400
1.808666
1.910414
1.949989
1.905916
1.840526
1.888004
1.611570
1.845895
1.900851
1.962478
1.858263
1.898677
1.753877
1.903901
1.626391
1.816983
1.674386
1.944375
1.953509
1.372851
1.709320
1.867017
1.327709
1.457736
1.874989
1.919340
1.966174
1.917666
1.771636
1.906317
1.803012
1.692199
1.974198
1.727137
1.659634
1.652374
1.780795
1.455222
1.611925
1.833504
1.932194
1.921513
1.457353
1.866827
1.504233
1.572714
1.967381
1.725326
1.861772
1.995680
1.756997
1.752120
1.758124
1.941235
1.497452
1.858152
1.425551
1.457779
1.629618
1.747173
1.972086
1.303236
1.214803
1.850083
1.861893
1.668232
