1.936464
1.950750
1.919521
1.715985
1.805344
1.822006
1.899634
1.866049
1.887384
1.957449
1.884511
1.994743
1.639924
1.980086
1.961496
1.677652
1.591616
1.677607
1.769280
1.973518
1.854501
1.849062
1.778652
1.992099
1.697038
1.937499
1.832667
1.961535
1.818282
1.401824
1.984445
1.701625
1.663843
1.641257
1.880467
1.690084
1.751580
1.874281
1.578617
1.795963
1.737691
1.421881
1.863199
1.906117
1.525707
1.762775
1.721468
1.746753
1.780247
1.957752
1.608616
1.980332
1.992915
1.710473
1.824941
1.836463
1.772809
1.794527
1.846142
1.843744
1.795047
1.714473
1.748289
1.511858
1.611628
1.802395
1.881699
1.778171
1.786773
1.616389
1.554390
1.744567
1.662883
1.991775
1.808241
1.608501
1.388010
1.718511
1.761061
1.457977
1.985839
1.766714
1.982908
1.635105
1.780988
1.619582
1.980960
1.870040
1.625273
1.442232
1.581521
1.748511
1.704960
