1.922561
1.711835
1.734531
1.518054
1.817913
1.958262
1.859219
1.965705
1.860698
1.933384
1.967366
1.739289
1.958990
1.998951
1.612488
1.484003
1.961713
1.860008
1.929515
1.999387
1.772807
1.681315
1.751590
1.993941
1.908307
1.893197
1.908275
1.842075
1.710392
1.628560
1.927404
1.626716
1.846226
1.684109
1.551849
1.891305
1.722851
1.747311
1.710997
1.631972
1.813171
1.682152
1.664351
1.725926
1.652296
1.739745
1.595608
1.980297
1.882328
1.857294
1.881443
1.716479
1.936928
1.536505
1.787648
1.616530
1.934427
1.527251
1.437744
1.723493
1.600536
1.966137
1.558910
1.469559
1.697138
1.710221
1.834879
1.941080
1.950342
1.886320
1.780297
1.931906
1.306862
1.866879
1.535127
1.717961
1.590191
1.674756
1.542184
1.457549
1.709089
1.598557
1.676136
1.540916
1.566853
1.961143
1.629763
1.667769
1.462897
1.662658
1.832833
1.715562
1.476156
1.807956
1.787353
1.901083
1.437696
