1.886321
1.881886
1.836462
1.942636
1.726330
1.783312
1.846983
1.805562
1.796380
1.866163
1.815621
1.879095
1.983129
1.888847
1.663862
1.914021
1.885510
1.940775
1.619121
1.824835
1.758139
1.987776
1.900193
1.816979
1.839577
1.714549
1.772821
1.962050
1.790880
1.954698
1.697694
1.343324
1.755924
1.943652
1.514873
1.670321
1.430596
1.944825
1.791269
1.756601
1.895806
1.847012
1.989509
1.924514
1.753913
1.750109
1.455516
1.641607
1.985874
1.545155
1.661780
1.731561
1.953927
1.803952
1.870757
1.637357
1.624199
1.847493
1.649371
1.525792
1.742900
1.906739
1.711802
1.595532
1.618409
1.485001
1.801646
1.885695
1.498885
1.817282
1.896089
1.526127
1.934066
1.756383
1.360821
1.782928
1.621787
1.932087
1.697947
1.335602
1.704862
1.724021
1.291380
1.486429
1.758003
1.882289
