1.958963
1.752428
1.793094
1.802552
1.834882
1.809071
1.938463
1.923732
1.543147
1.631555
1.929065
1.962263
1.800597
1.915065
1.720365
1.909817
1.933492
1.984643
1.751607
1.868369
1.922821
1.999258
1.642955
1.871443
1.915575
1.869166
1.682778
1.798835
1.855700
1.810779
1.952865
1.521253
1.796479
1.905740
1.944596
1.920242
1.902661
1.974423
1.925081
1.829047
1.737040
1.646845
1.440041
1.567192
1.992308
1.769260
1.522128
1.943982
1.901496
1.992832
1.882835
1.544507
1.709041
1.864690
1.952559
1.934910
1.791544
1.971232
1.873577
1.470645
1.626113
1.474516
1.813149
1.992529
1.720327
1.906458
1.668868
1.588263
1.763279
1.689007
1.583760
1.615478
1.102024
1.703622
1.913330
1.605793
1.486394
