1.998469
1.923683
1.967706
1.918607
1.897891
1.972266
1.986978
1.971600
1.975068
1.699635
1.858730
1.793014
1.940719
1.881261
1.696327
1.735687
1.846413
1.795327
1.715277
1.964122
1.927930
1.845107
1.837040
1.898821
1.610767
1.850286
1.851577
1.793830
1.737054
1.802866
1.890393
1.484268
1.708486
1.767348
1.695870
1.601762
1.709831
1.574449
1.825262
1.954978
1.895615
1.995969
1.896283
1.732708
1.862251
1.413456
1.951258
1.422805
1.492663
1.972111
1.461986
1.726031
1.797485
1.374694
1.894653
1.962519
1.809029
1.962188
1.700541
1.491731
1.654051
1.630323
1.616866
1.548407
1.704028
1.657825
1.974336
1.957693
1.509836
1.977186
1.969219
1.759476
1.899247
1.345130
1.591278
1.871795
1.705811
1.760008
1.503126
1.775797
1.313060
1.929586
1.646309
1.779073
1.705968
1.354458
1.861873
1.418464
1.581960
1.580264
1.865049
1.480669
