1.949952
1.955768
1.758321
1.942368
1.957649
1.821828
1.689006
1.991192
1.962114
1.980375
1.891535
1.749511
1.820543
1.991625
1.583448
1.823052
1.828326
1.949820
1.734814
1.697424
1.779065
1.706308
1.291230
1.836191
1.793809
1.658416
1.974525
1.947679
1.692360
1.895195
1.766980
1.710411
1.936686
1.961587
1.701714
1.930771
1.941154
1.775126
1.999633
1.977112
1.740382
1.737592
1.642475
1.844079
1.747139
1.873844
1.474622
1.786262
1.807490
1.742833
1.637842
1.610944
1.610122
1.537764
1.803120
1.568513
1.784674
1.619981
1.468803
1.885564
1.630934
1.853587
1.760980
1.856412
1.959012
1.874296
1.946565
1.553985
1.582068
