1.975018
1.762102
1.915091
1.978823
1.902410
1.670107
1.973932
1.703778
1.621860
1.739994
1.770136
1.901941
1.978133
1.974139
1.594643
1.736989
1.973701
1.555070
1.677071
1.730200
1.536419
1.586431
1.946735
1.496226
1.655483
1.904790
1.912263
1.880656
1.681585
1.935443
1.679050
1.894534
1.961686
1.961093
1.938487
1.547838
1.884873
1.952022
1.886756
1.850480
1.726724
1.767215
1.829362
1.893025
1.530575
1.851117
1.843594
1.985221
1.687961
1.518726
1.929239
1.395363
1.768750
1.884599
1.574817
1.548659
1.950580
1.709526
1.514462
1.502483
1.620984
1.637188
1.727220
1.837536
1.881053
1.952061
1.772896
1.951559
1.561477
1.944245
1.971026
1.879983
1.935471
1.929102
1.581052
1.973024
1.687312
1.967997
1.828397
1.885562
1.998654
