1.974971
1.926072
1.861798
1.823435
1.725418
1.790528
1.755097
1.947437
1.761651
1.685747
1.870564
1.826709
1.928201
1.962159
1.978407
1.941221
1.954053
1.575275
1.937560
1.934928
1.949850
1.980997
1.469551
1.734987
1.679821
1.839336
1.781955
1.935876
1.827270
1.938508
1.819372
1.817591
1.936849
1.851760
1.988971
1.592663
1.524803
1.862336
1.821492
1.877043
1.898972
1.738693
1.840788
1.831602
1.921311
1.996564
1.706057
1.714217
1.522992
1.771236
1.860527
1.608723
1.835040
1.948207
1.563931
1.563935
1.707617
1.742596
1.477295
1.979231
1.423372
1.513067
1.387516
1.313135
1.829088
