1.989636
1.902387
1.906407
1.882777
1.736654
1.857677
1.692026
1.873036
1.843570
1.991738
1.902884
1.593406
1.842962
1.950042
1.717867
1.957133
1.761358
1.847140
1.643107
1.845839
1.352549
1.987361
1.848877
1.743211
1.704310
1.592445
1.949638
1.980583
1.894949
1.989014
1.504216
1.894890
1.937528
1.981928
1.554597
1.747724
1.851611
1.809258
1.748985
1.692167
1.813736
1.679107
1.761854
1.736289
1.843781
1.789512
1.904418
1.909657
1.672419
1.862728
1.980033
1.861068
1.498930
1.555130
1.783593
1.274921
1.950266
1.955176
1.282070
1.802830
1.909347
1.957185
1.848044
1.918115
1.707420
1.712420
1.687022
1.965193
1.539083
1.797640
1.781281
1.476009
1.371976
1.415488
1.803573
1.562993
1.406924
1.917009
1.300264
1.793818
1.713832
1.893263
1.976593
1.604179
1.536751
1.446276
1.655600
1.922808
1.922819
