1.999941
1.865813
1.897581
1.839909
1.775846
1.963010
1.920164
1.634075
1.973603
1.899925
1.996865
1.706230
1.756653
1.826335
1.809443
1.994552
1.897405
1.548468
1.605784
1.848661
1.932842
1.793817
1.822987
1.936302
1.997200
1.871675
1.695932
1.607067
1.915630
1.688616
1.923879
1.754220
1.913135
1.720123
1.628149
1.810323
1.896379
1.902841
1.914348
1.819182
1.748290
1.694471
1.661821
1.544938
1.691937
1.997156
1.965895
1.727197
1.415065
1.899679
1.948432
1.732662
1.750555
1.505977
1.933981
1.788053
1.478397
1.791368
1.864576
1.340339
1.707707
1.634313
1.493479
1.408639
1.773205
1.603346
1.978195
1.452545
1.662319
1.577801
1.593440
1.796123
1.891889
1.625810
1.864264
1.716691
1.643032
1.752646
1.956415
1.517137
1.273621
1.668013
1.969124
1.402109
1.512754
