1.991448
1.998278
1.942482
1.515441
1.851376
1.993311
1.894294
1.993313
1.967496
1.580505
1.691677
1.907963
1.813677
1.930789
1.994780
1.856971
1.795554
1.748393
1.893159
1.624479
1.867434
1.810153
1.889440
1.951235
1.789892
1.882237
1.590555
1.820194
1.771013
1.991422
1.917087
1.782747
1.707945
1.958060
1.989819
1.742651
1.833623
1.727854
1.530225
1.934992
1.770003
1.775071
1.874050
1.909461
1.876227
1.607593
1.628267
1.814356
1.762142
1.702329
1.976796
1.907987
1.556460
1.435942
1.778917
1.801032
1.901363
1.535156
1.971082
1.728357
1.421353
1.959394
1.783469
1.769622
1.877236
1.717686
1.972137
1.654372
1.803475
1.391311
1.512304
1.249393
1.726008
1.332834
1.585635
1.802990
1.342190
1.626065
1.425752
