1.831892
1.940322
1.748960
1.847109
1.964703
1.906135
1.999101
1.895590
1.938159
1.881588
1.836883
1.735046
1.811127
1.908259
1.886613
1.983402
1.647566
1.909682
1.731732
1.997104
1.918279
1.588133
1.875437
1.956758
1.698976
1.740378
1.947629
1.757744
1.974097
1.710491
1.941143
1.910317
1.672079
1.772333
1.886584
1.625598
1.822861
1.959400
1.662287
1.995920
1.965690
1.734558
1.638980
1.554195
1.794748
1.931848
1.726810
1.976393
1.871938
1.472846
1.830934
1.324991
1.352516
1.492828
1.877386
1.757638
1.803858
1.950274
1.733522
1.572131
1.280418
1.803396
1.618678
1.992992
1.517675
1.445872
1.907355
1.376973
1.997903
1.973273
1.660048
1.813519
1.319174
1.867631
1.258323
1.338002
1.782757
1.606678
1.974848
1.791099
1.660176
1.831651
1.968550
1.622703
1.802355
1.328232
1.996131
1.888264
