1.890746
1.745483
1.990290
1.735721
1.863752
1.993031
1.767007
1.899016
1.695110
1.876353
1.994611
1.923054
1.636151
1.921908
1.924819
1.923786
1.611479
1.918827
1.827286
1.810214
1.583182
1.918133
1.858635
1.874029
1.674942
1.999436
1.760608
1.996655
1.650564
1.898804
1.681078
1.972744
1.863885
1.969068
1.741509
1.993920
1.713350
1.931468
1.659080
1.689110
1.839483
1.830664
1.654785
1.872925
1.993854
1.904876
1.647141
1.507729
1.798244
1.610250
1.797837
1.871586
1.365231
1.823121
1.947538
1.973740
1.956710
1.643001
1.924411
1.694713
1.997415
1.920466
1.559358
1.792018
1.980297
1.923640
1.772023
1.724714
1.828941
1.870665
1.955815
1.656046
1.924035
1.868610
1.721602
1.582992
1.943010
1.665853
1.765195
1.529465
1.882361
1.544618
1.769586
1.690809
1.997586
1.967030
1.297404
1.772626
1.569885
1.642073
1.412267
1.915208
1.688422
1.883454
1.672347
1.979935
1.751571
1.791322
1.657643
1.791387
1.878446
