1.869493
1.992716
1.777083
1.730614
1.763926
1.833403
1.639717
1.758012
1.927001
1.976342
1.518352
1.717637
1.380518
1.872099
1.933905
1.934081
1.756122
1.952513
1.661450
1.929732
1.912556
1.918605
1.877387
1.766969
1.940594
1.677397
1.550232
1.558422
1.959135
1.528162
1.658177
1.918370
1.971220
1.829709
1.548001
1.476736
1.676623
1.700224
1.843536
1.943377
1.439499
1.784357
1.924569
1.846084
1.882777
1.988666
1.779945
1.502471
1.900748
1.880543
1.787692
1.691462
1.849443
1.771288
1.988558
1.871273
1.592709
1.950250
1.448538
1.930382
1.975557
1.892668
1.944556
1.524780
1.669435
1.719329
1.767460
1.680569
1.963784
1.990774
1.527473
1.527293
1.759531
1.763776
1.785932
1.690773
1.375751
1.704412
