1.941270
1.905314
1.811057
1.923036
1.793956
1.723782
1.762517
1.875226
1.829864
1.706323
1.967792
1.715386
1.704005
1.726745
1.901241
1.685762
1.818083
1.784066
1.610720
1.782092
1.624531
1.890540
1.702205
1.774011
1.867876
1.898040
1.970936
1.551095
1.717488
1.601806
1.782136
1.487764
1.992305
1.723153
1.828235
1.634282
1.439177
1.987324
1.864965
1.935849
1.793212
1.824004
1.862149
1.997151
1.530078
1.602708
1.543621
1.575551
1.673447
1.383138
1.903859
1.571733
1.372941
1.561213
1.638495
1.487125
1.548904
1.932987
1.654872
1.666647
1.658010
1.920100
1.488026
1.688495
1.768043
1.842869
1.990159
1.692303
1.803584
1.602622
1.888141
1.637021
1.464697
1.992803
1.918954
1.212369
1.670576
1.503805
1.405691
1.611456
1.533868
1.941464
1.955055
