1.757629
1.985824
1.772501
1.907860
1.875318
1.960840
1.938351
1.661864
1.999584
1.779140
1.852233
1.990689
1.553116
1.956236
1.771911
1.780490
1.888329
1.698734
1.940108
1.964800
1.733195
1.969100
1.723467
1.654613
1.921393
1.800827
1.893189
1.918422
1.498387
1.890545
1.979398
1.730392
1.638088
1.957795
1.714903
1.921033
1.943182
1.818202
1.829432
1.592606
1.925398
1.943074
1.879336
1.996883
1.684805
1.464399
1.711059
1.367196
1.752133
1.989759
1.990974
1.870902
1.538183
1.429269
1.838639
1.737918
1.594582
1.873632
1.216793
1.937593
1.844028
1.819675
1.533758
1.620764
1.689645
1.958760
1.566052
1.712150
1.543715
1.522262
1.771920
1.938292
1.454478
1.533267
1.244588
1.765136
1.994261
1.796949
1.879766
1.756748
1.996662
1.476464
