1.901725
1.791809
1.841404
1.973618
1.920178
1.431390
1.513056
1.943055
1.967388
1.774726
1.474167
1.993611
1.932412
1.985454
1.905037
1.673446
1.785367
1.748505
1.966688
1.982594
1.518119
1.849331
1.696266
1.998220
1.951631
1.894086
1.970189
1.877727
1.727765
1.946892
1.795593
1.633131
1.868501
1.999218
1.551257
1.838957
1.797881
1.578036
1.836091
1.767387
1.958573
1.908177
1.747084
1.612785
1.631728
1.602852
1.827920
1.728804
1.968017
1.849810
1.922435
1.693948
1.855086
1.871783
1.611486
1.864771
1.659493
1.630968
1.378332
1.786503
1.531423
1.465541
1.510580
1.640309
1.668938
1.670509
1.915738
1.407901
1.988936
1.580367
1.711568
1.703409
1.499029
1.923852
1.304317
1.382642
1.743001
1.716975
1.539397
1.241416
