1.950332
1.883749
1.919100
1.851416
1.907337
1.736505
1.964910
1.978203
1.990308
1.682745
1.968889
1.928266
1.792395
1.970829
1.918243
1.875071
1.785985
1.673745
1.782081
1.885563
1.799120
1.740878
1.937165
1.872311
1.998422
1.733524
1.966708
1.806085
1.905118
1.871937
1.710871
1.947869
1.922167
1.826867
1.927248
1.799833
1.642753
1.874068
1.816072
1.878136
1.874548
1.660921
1.873132
1.491789
1.500145
1.826579
1.888859
1.762277
1.976378
1.870863
1.951376
1.983221
1.508582
1.969103
1.558553
1.861524
1.934374
1.716581
1.973463
1.883002
1.466497
1.898608
1.852825
1.798027
1.566994
1.782736
1.995779
1.949673
1.423394
1.381186
1.360681
1.705643
1.701294
1.542602
1.575374
1.642346
1.988316
1.344315
1.516180
1.973378
1.336298
1.948834
1.773449
1.762615
1.544947
1.609422
1.750865
1.513798
1.759511
1.388456
