1.883236
1.818981
1.938187
1.962800
1.926927
1.922820
1.916039
1.963855
1.885614
1.953512
1.814455
1.962183
1.749928
1.923560
1.786357
1.915405
1.792345
1.893106
1.544296
1.672137
1.983903
1.956663
1.836926
1.681858
1.780193
1.760098
1.849319
1.724756
1.686225
1.707682
1.642199
1.976477
1.629095
1.718628
1.903522
1.589353
1.991573
1.873067
1.977953
1.515335
1.664165
1.402044
1.682811
1.574536
1.630799
1.835751
1.851699
1.359276
1.717263
1.630881
1.762137
1.621764
1.970334
1.843029
1.518938
1.841804
1.958781
1.545668
1.661301
1.979436
1.898220
1.751573
1.947397
1.910387
1.443952
1.567291
1.743144
1.911853
1.515569
1.958997
1.687012
1.851221
1.652451
1.544370
1.913350
1.854879
1.516016
1.687855
1.860608
1.974702
1.648975
1.645116
1.856085
