1.910176
1.893437
1.908694
1.918201
1.999687
1.816450
1.837655
1.914200
1.850085
1.945170
1.941691
1.993006
1.720903
1.887357
1.710746
1.627391
1.991350
1.697809
1.737284
1.894838
1.501568
1.911186
1.969441
1.772705
1.908633
1.971478
1.871697
1.680809
1.662704
1.663477
1.954098
1.895233
1.555900
1.697735
1.840950
1.457853
1.884724
1.702804
1.788182
1.488563
1.754424
1.979592
1.884273
1.744487
1.955151
1.655836
1.813459
1.641452
1.837206
1.956752
1.852065
1.777936
1.927859
1.796215
1.872587
1.943007
1.821646
1.979654
1.838499
1.978161
1.905419
1.353792
1.698158
1.931683
1.653157
1.888530
1.953935
1.806402
1.451372
1.884158
1.611274
1.611960
1.850494
1.883994
1.427500
1.704945
1.764102
1.535451
1.367700
1.968048
1.730765
1.486025
1.970381
1.349598
1.749742
1.865486
1.635222
1.562536
1.848508
1.869063
1.672768
1.740381
1.911972
1.691691
