1.866831
1.866584
1.990090
1.768458
1.896618
1.910117
1.720206
1.971696
1.922974
1.817575
1.692623
1.856750
1.731839
1.980463
1.995323
1.816561
1.923413
1.793599
1.662766
1.743828
1.431490
1.863854
1.842517
1.790106
1.683206
1.945871
1.699858
1.598926
1.972060
1.680823
1.934029
1.646667
1.986788
1.786208
1.572249
1.707585
1.181122
1.782098
1.809081
1.937315
1.881032
1.586312
1.700774
1.755822
1.976589
1.914029
1.708525
1.742018
1.868729
1.718444
1.878166
1.441333
1.758564
1.824653
1.915149
1.740064
1.797921
1.690237
1.475447
1.967217
1.498178
1.591724
1.829312
1.485653
1.901016
1.680494
1.667556
1.931855
1.962287
1.635624
1.363373
1.530286
1.622121
1.886273
1.860673
1.667955
1.565821
1.808665
1.662968
1.720142
1.268980
1.738150
