1.839515
1.689850
1.972280
1.650138
1.909080
1.867732
1.821821
1.634913
1.733590
1.697085
1.741483
1.795479
1.985072
1.975592
1.805327
1.835867
1.747136
1.612806
1.918436
1.869938
1.910915
1.942847
1.837334
1.506077
1.869626
1.861834
1.630843
1.906706
1.733331
1.638372
1.872984
1.803882
1.924612
1.634742
1.970844
1.904067
1.842317
1.554490
1.949395
1.737701
1.885374
1.930671
1.297633
1.633718
1.517731
1.794496
1.687397
1.651997
1.498603
1.766218
1.960138
1.639341
1.694125
1.424567
1.601277
1.889608
1.732010
1.908396
1.990286
1.576864
1.287037
1.617318
1.917861
1.414529
1.483041
1.964117
1.627310
1.192360
1.847977
1.562119
1.859894
1.719662
1.498232
1.963445
1.544818
1.773485
