1.866975
1.759141
1.978894
1.904126
1.952848
1.756108
1.961770
1.888983
1.921637
1.787308
1.925874
1.722310
1.811892
1.814718
1.887166
1.862548
1.997582
1.937447
1.911221
1.947600
1.834586
1.999073
1.599427
1.988795
1.832662
1.999805
1.881220
1.962538
1.899913
1.694962
1.793397
1.773144
1.891465
1.516845
1.699963
1.813279
1.704787
1.688492
1.392816
1.627129
1.979417
1.818384
1.729192
1.663407
1.549605
1.921138
1.558345
1.967481
1.696977
1.986287
1.599868
1.842210
1.645970
1.845622
1.488968
1.703411
1.623485
1.967746
1.939057
1.884805
1.838852
1.747521
1.848527
1.485552
1.695991
1.382319
1.797032
1.808293
1.325643
1.443804
1.649629
1.392943
1.687264
1.579556
1.930586
1.910316
1.973124
1.668399
1.890275
1.120534
1.572375
1.821124
1.809789
