1.948901
1.990682
1.981652
1.680703
1.882857
1.891945
1.953122
1.932723
1.471439
1.923439
1.766637
1.912151
1.541430
1.993347
1.853568
1.558613
1.584802
1.767012
1.920655
1.683906
1.828049
1.631852
1.790268
1.750421
1.956207
1.944440
1.429224
1.605573
1.849604
1.908072
1.435803
1.854870
1.273074
1.381505
1.958941
1.798075
1.740278
1.950990
1.881695
1.457394
1.828245
1.343929
1.472134
1.940827
1.902444
1.609455
1.850693
1.896286
1.728023
1.689648
1.840899
1.931110
1.940958
1.411526
1.760587
1.826911
1.969788
1.809821
1.657473
1.363318
1.891433
1.577260
1.960180
1.723573
1.589430
1.467760
1.862676
1.677043
1.908509
1.881726
1.594162
1.596271
1.800434
1.485681
1.935589
1.489275
1.984283
1.812256
1.869964
1.409050
1.694590
1.613923
1.960867
1.902048
1.547970
1.360207
1.743770
1.294984
1.370216
1.788933
