1.954512
1.898248
1.790781
1.918273
1.916280
1.789602
1.939567
1.897268
1.685046
1.904810
1.924269
1.605952
1.765216
1.672450
1.687704
1.714410
1.639888
1.827202
1.857594
1.855504
1.968115
1.526753
1.872261
1.976893
1.795545
1.976246
1.687428
1.965997
1.998336
1.709636
1.614588
1.881783
1.708496
1.740802
1.853575
1.905000
1.721892
1.875280
1.786073
1.658346
1.460998
1.738677
1.671292
1.997953
1.959500
1.740918
1.772169
1.965224
1.598172
1.800435
1.874476
1.786663
1.819764
1.428062
1.816391
1.968650
1.918176
1.963661
1.596247
1.898927
1.875241
1.715552
1.983664
1.835202
1.407590
1.611390
1.174908
1.619062
1.988457
1.598530
1.955994
1.609654
1.910370
1.742214
1.766686
1.329830
1.965437
1.877597
1.840430
1.937190
1.291277
1.859030
