1.849940
1.782293
1.873094
1.998596
1.779692
1.936312
1.957939
1.749439
1.873425
1.780296
1.996677
1.928684
1.944127
1.808240
1.863515
1.995709
1.796990
1.893022
1.881145
1.848633
1.955210
1.666115
1.959366
1.779110
1.954582
1.983586
1.914098
1.740132
1.946863
1.994475
1.983214
1.898168
1.877427
1.734441
1.681085
1.980305
1.812417
1.687592
1.746745
1.870664
1.947576
1.847418
1.966560
1.991986
1.478221
1.950102
1.952311
1.935663
1.948298
1.885765
1.776809
1.532470
1.676721
1.678445
1.607826
1.522049
1.585903
1.695639
1.648206
1.909715
1.775602
1.705291
1.522064
1.754413
1.970098
1.472236
1.821956
1.493112
1.956097
1.948331
1.889181
1.543389
1.805707
1.874109
1.850007
1.380434
1.670521
1.437277
1.532562
1.480059
1.870762
1.507994
1.717827
1.646077
1.573461
1.828877
1.696057
1.440570
1.880114
