1.863712
1.874830
1.938931
1.759911
1.865907
1.902106
1.951829
1.856148
1.546673
1.927400
1.970010
1.855155
1.921974
1.953060
1.878828
1.772653
1.974079
1.813952
1.657304
1.427633
1.953193
1.846553
1.582373
1.990086
1.985688
1.978586
1.917409
1.682955
1.903936
1.271346
1.995587
1.765150
1.897179
1.921766
1.970928
1.858753
1.566420
1.404499
1.782075
1.833541
1.805301
1.994287
1.957867
1.850971
1.790010
1.519147
1.935399
1.771442
1.489021
1.864044
1.951349
1.892940
1.876980
1.693762
1.939256
1.215870
1.838492
1.803601
1.960714
1.915565
1.708379
1.491859
1.546227
1.858589
1.551356
