1.994435
1.892767
1.922610
1.969496
1.939928
1.948427
1.952930
1.810148
1.740771
1.954516
1.883515
1.780656
1.959423
1.660060
1.985820
1.762311
1.743171
1.963194
1.711844
1.788359
1.668859
1.838863
1.797936
1.542512
1.976369
1.708728
1.646609
1.874343
1.674135
1.827859
1.545289
1.806628
1.813085
1.675214
1.662228
1.892717
1.852839
1.711072
1.922035
1.691828
1.954566
1.664322
1.934079
1.700318
1.669140
1.815063
1.755356
1.881359
1.513389
1.687155
1.849055
1.752354
1.578409
1.506588
1.544630
1.934778
1.810650
1.784170
1.713139
1.764502
1.952568
1.905254
1.555926
1.874347
1.679699
1.382604
1.831961
1.919504
1.826559
1.870226
1.335140
1.621997
1.482240
1.861678
1.730826
1.590704
1.477556
1.478355
1.923915
1.496630
1.475732
1.327167
