1.648548
1.814791
1.900040
1.821729
1.989998
1.985960
1.863367
1.976693
1.897517
1.764986
1.461304
1.733392
1.864499
1.634743
1.989233
1.665468
1.841031
1.710348
1.830725
1.851756
1.848496
1.832504
1.402519
1.923729
1.954973
1.987262
1.780492
1.867592
1.619532
1.813401
1.920984
1.750678
1.833373
1.807306
1.891349
1.516314
1.575886
1.952990
1.817504
1.693078
1.767602
1.541759
1.758474
1.884118
1.571999
1.767753
1.773160
1.769112
1.739537
1.701390
1.737851
1.590798
1.774105
1.534312
1.695480
1.985709
1.542126
1.751335
1.769040
1.938349
1.514229
1.714752
1.853784
1.937708
1.899010
1.685508
1.770980
1.824345
1.998799
1.905199
1.450879
1.725733
1.599898
1.979717
1.647133
1.972485
1.841989
1.932301
1.650101
1.714955
1.509172
1.659216
1.698139
1.379741
1.291193
1.918938
1.948857
