1.762869
1.720218
1.859554
1.624102
1.953913
1.874759
1.952568
1.737132
1.986950
1.842949
1.689495
1.728616
1.987957
1.826279
1.735182
1.955334
1.727816
1.788804
1.666638
1.920513
1.724146
1.621156
1.954507
1.688230
1.983305
1.977230
1.665806
1.599326
1.799932
1.666312
1.778221
1.965878
1.910985
1.355174
1.643037
1.838595
1.875093
1.786050
1.726733
1.570991
1.920008
1.805927
1.805085
1.851620
1.825454
1.839098
1.652551
1.824266
1.848163
1.999468
1.935433
1.496968
1.440944
1.894651
1.806686
1.714761
1.762824
1.708712
1.879872
1.504179
1.628136
1.834689
1.776537
1.861425
1.990119
1.830795
1.935026
1.698484
1.712654
1.847012
1.497637
1.726091
1.361481
1.704447
1.918048
1.923197
1.860751
1.761870
1.818580
1.926710
1.888530
1.919864
1.926943
1.705680
1.556577
1.544035
1.903547
1.536836
1.998505
