1.793771
1.979717
1.707830
1.579476
1.837471
1.787800
1.871392
1.960299
1.902096
1.883138
1.958919
1.902779
1.997431
1.575543
1.861822
1.893247
1.776285
1.943987
1.899682
1.723565
1.896409
1.604625
1.821758
1.815568
1.956239
1.996597
1.854775
1.610465
1.956690
1.686913
1.878678
1.832052
1.410102
1.730112
1.836622
1.676291
1.929341
1.452097
1.862037
1.873696
1.793374
1.993464
1.821635
1.893177
1.717219
1.830311
1.856367
1.519379
1.855185
1.969018
1.814613
1.906867
1.612675
1.520099
1.749237
1.770698
1.928765
1.974073
1.751726
1.987804
1.661523
1.651603
1.881542
1.884265
1.549557
1.922708
1.588631
1.658321
1.890910
1.690440
1.600837
1.560373
1.444248
1.299253
1.652820
1.971933
1.385738
1.652903
1.944537
