1.824083
1.948404
1.996223
1.800307
1.831952
1.687386
1.776111
1.593438
1.990368
1.672089
1.965056
1.970911
1.891071
1.893322
1.742269
1.954187
1.980337
1.840296
1.892313
1.848904
1.939651
1.787708
1.633274
1.817984
1.738612
1.615682
1.561757
1.957456
1.911083
1.802839
1.844955
1.976582
1.468904
1.640189
1.959650
1.939511
1.876998
1.823099
1.958460
1.913946
1.641758
1.837694
1.968441
1.657622
1.965087
1.479202
1.722081
1.870098
1.662354
1.305477
1.962888
1.940967
1.831821
1.586612
1.530424
1.992726
1.709076
1.901540
1.486432
1.900911
1.484588
1.526305
1.810214
1.814018
1.839013
1.941232
1.960070
1.957343
1.437280
1.944982
1.701109
1.597803
1.996752
1.528051
1.566566
1.927636
1.812948
1.765410
1.614603
