1.932949
1.936359
1.742501
1.992986
1.863206
1.832659
1.945695
1.785354
1.979874
1.950985
1.962500
1.867449
1.962740
1.895548
1.806467
1.883459
1.647220
1.665012
1.905251
1.773764
1.877133
1.831720
1.976385
1.780826
1.753630
1.637834
1.911598
1.864138
1.757144
1.992849
1.750923
1.904397
1.779447
1.970593
1.698593
1.829148
1.798271
1.570773
1.914859
1.706677
1.988825
1.866766
1.976451
1.736763
1.844246
1.685246
1.820769
1.749722
1.728016
1.925772
1.948649
1.718345
1.984022
1.952374
1.956332
1.789897
1.780337
1.849625
1.655647
1.782298
1.620311
1.622329
1.845593
1.587902
1.827181
1.900397
1.830174
1.919574
1.603404
1.968699
1.782609
1.948398
1.665329
1.950676
1.938447
1.642086
1.974793
1.906439
1.512188
1.957364
1.858934
1.929104
1.502398
1.845918
1.243584
1.527946
1.725679
1.965844
1.838306
1.981554
1.638963
1.737396
1.440068
1.422909
