1.871894
1.878862
1.995538
1.988048
1.977491
1.972474
1.972606
1.892040
1.782054
1.892289
1.729787
1.821390
1.773295
1.917528
1.459349
1.594534
1.770778
1.820200
1.637338
1.909487
1.873212
1.738226
1.874956
1.873297
1.470261
1.986444
1.927442
1.723797
1.891972
1.804843
1.817944
1.653712
1.781525
1.675451
1.849976
1.826999
1.984998
1.629853
1.827766
1.884877
1.678603
1.344230
1.609511
1.804082
1.929958
1.955005
1.990961
1.907479
1.759393
1.776461
1.572505
1.808772
1.907909
1.685499
1.647809
1.400800
1.957827
1.613453
1.743651
1.861900
1.677705
1.650822
1.690110
1.464559
1.266352
1.832117
1.808505
