1.961346
1.767634
1.916748
1.956940
1.979130
1.981446
1.995838
1.890241
1.875836
1.891990
1.685412
1.932658
1.783465
1.559497
1.714971
1.887818
1.979941
1.975328
1.785874
1.717899
1.616283
1.846452
1.755071
1.852795
1.777576
1.825765
1.767360
1.845568
1.846797
1.725227
1.773822
1.631660
1.756191
1.728631
1.829920
1.926708
1.813983
1.802982
1.744540
1.841696
1.973677
1.848270
1.599680
1.829322
1.893299
1.974853
1.692440
1.422992
1.476378
1.994597
1.570302
1.936934
1.504608
1.538523
1.944445
1.417876
1.580093
1.803430
1.860755
1.718933
1.889057
1.298790
1.486838
1.938029
1.891866
1.580507
1.886594
1.650723
1.767570
1.983715
1.895590
1.358550
1.445927
1.976402
1.916463
1.641570
1.841298
1.946322
1.604743
1.466020
1.947342
1.656776
1.419335
1.995558
1.503451
1.340637
1.285666
1.860002
1.885485
1.934708
1.200675
1.760601
1.601485
1.855867
1.746998
1.300573
