1.907520
1.646506
1.799459
1.977689
1.807862
1.703759
1.832405
1.918575
1.810331
1.896963
1.809737
1.936507
1.886168
1.878569
1.997302
1.918348
1.786574
1.588746
1.920756
1.955710
1.875034
1.614443
1.629729
1.981885
1.700243
1.906165
1.849487
1.678553
1.637727
1.999872
1.637504
1.735315
1.746279
1.912679
1.951615
1.820930
1.983779
1.652787
1.692855
1.919198
1.606295
1.842849
1.520590
1.551020
1.974203
1.707694
1.759288
1.561070
1.634437
1.785479
1.931248
1.957738
1.904493
1.990124
1.560845
1.688786
1.809748
1.957037
1.678132
1.376955
1.773458
1.517089
1.567873
1.980266
1.787885
1.832289
1.571238
1.719027
1.787554
1.327230
1.967821
1.687811
1.730743
1.923427
1.904708
1.177949
1.553861
1.367955
1.674617
1.546420
1.860868
1.522351
1.788294
