1.965493
1.943310
1.875483
1.974428
1.831660
1.782434
1.793067
1.741208
1.919642
1.822419
1.893444
1.858701
1.904319
1.956092
1.617589
1.694431
1.707064
1.747298
1.937930
1.810320
1.843137
1.896131
1.722189
1.990289
1.965190
1.644497
1.964384
1.675190
1.706472
1.531224
1.596803
1.823171
1.645962
1.647606
1.725083
1.711076
1.947491
1.676273
1.783845
1.929323
1.912542
1.766823
1.552552
1.493815
1.889010
1.753000
1.806908
1.577746
1.742289
1.970625
1.878991
1.710805
1.898402
1.940811
1.901785
1.685005
1.358340
1.490531
1.579527
1.558300
1.725568
1.958527
1.854280
1.814246
1.917129
1.667044
1.945388
1.321148
1.604451
1.936335
1.623115
1.090702
