1.939832
1.998807
1.996105
1.907831
1.639205
1.961582
1.998080
1.967864
1.995937
1.701550
1.764623
1.807383
1.791951
1.875117
1.725725
1.827872
1.699004
1.781301
1.717956
1.806327
1.933085
1.780486
1.908444
1.661367
1.941906
1.884834
1.797958
1.937416
1.871019
1.917546
1.612719
1.726900
1.712232
1.702052
1.624197
1.637611
1.881755
1.921530
1.783955
1.774698
1.583380
1.704664
1.738609
1.886169
1.983882
1.857440
1.983378
1.976754
1.882420
1.301518
1.874880
1.868505
1.639921
1.927427
1.646291
1.746633
1.923529
1.664132
1.477027
1.831206
1.748761
1.844613
1.601975
1.920856
1.990177
1.919449
1.998410
1.923106
1.872586
1.912036
1.863044
1.953919
1.873269
1.642528
1.308998
1.648547
1.989055
1.731659
1.519474
1.831121
1.593899
1.491018
1.813384
1.806693
1.847855
1.533995
1.909400
1.974354
1.966735
1.685174
1.685032
1.831610
1.517937
1.550723
1.732494
1.379925
