1.800129
1.822288
1.963901
1.974556
1.984632
1.738412
1.823243
1.787417
1.691893
1.987924
1.968936
1.953501
1.575819
1.876935
1.977770
1.627361
1.882521
1.594591
1.616499
1.850454
1.892620
1.716664
1.385962
1.823655
1.853128
1.512015
1.944717
1.584199
1.783410
1.506860
1.947237
1.517565
1.845701
1.933862
1.514727
1.914700
1.616163
1.560985
1.869733
1.834594
1.805529
1.778910
1.923915
1.773703
1.297143
1.789283
1.969144
1.586876
1.684157
1.640992
1.962113
1.734749
1.689301
1.709678
1.578653
1.994154
1.769095
1.715328
1.605102
1.669027
1.961070
1.490289
1.730047
1.326110
1.984950
1.932577
1.827230
1.845089
1.953173
1.857647
1.821890
1.952299
