1.925625
1.718343
1.725795
1.988280
1.858008
1.858307
1.915400
1.993703
1.880131
1.970561
1.822503
1.797665
1.992521
1.722125
1.945417
1.893861
1.888427
1.566259
1.666731
1.624484
1.864640
1.861625
1.798612
1.723287
1.893537
1.702931
1.458899
1.771742
1.862541
1.758229
1.516665
1.613305
1.873953
1.829329
1.672720
1.985446
1.729667
1.754554
1.739442
1.972756
1.936961
1.953556
1.620647
1.989370
1.986329
1.999254
1.879117
1.918219
1.728704
1.583649
1.949491
1.981617
1.536883
1.667155
1.947630
1.264701
1.808851
1.671744
1.919562
1.862972
1.800812
1.847123
1.683828
1.553338
1.528378
1.771571
1.606426
1.827532
1.903327
1.384457
1.994281
1.768486
1.769637
1.711709
1.796956
