1.949580
1.917828
1.978202
1.821614
1.803272
1.837516
1.938792
1.782611
1.695921
1.956889
1.889326
1.992602
1.944229
1.982667
1.966842
1.899847
1.946203
1.745802
1.614335
1.734507
1.954311
1.741476
1.815660
1.678999
1.548989
1.595261
1.751340
1.714860
1.858411
1.858353
1.963583
1.965327
1.998861
1.935163
1.817046
1.933295
1.757166
1.800943
1.720859
1.905633
1.668360
1.933710
1.677255
1.710510
1.800214
1.739317
1.788191
1.931035
1.723457
1.743816
1.556258
1.959889
1.761104
1.969721
1.786767
1.428270
1.980837
1.751516
1.992139
1.962444
1.709449
1.766281
1.865335
1.760555
1.577211
1.835489
1.777748
1.338718
1.791054
1.988795
1.121886
