1.927346
1.987675
1.992489
1.902174
1.906434
1.912499
1.793024
1.892909
1.804707
1.408392
1.996402
1.515347
1.969999
1.831942
1.830206
1.787582
1.968556
1.499585
1.458623
1.714043
1.862229
1.933333
1.910483
1.881018
1.711773
1.783461
1.893567
1.983476
1.597301
1.870479
1.939990
1.762425
1.966594
1.737105
1.887793
1.435895
1.998239
1.979879
1.996838
1.764464
1.889095
1.887432
1.569985
1.666300
1.922868
1.480190
1.618128
1.853331
1.991445
1.544611
1.839522
1.657028
1.683257
1.384630
1.637492
1.956468
1.844386
1.887133
1.632572
1.717822
1.842163
1.596819
1.672568
1.877156
1.372956
1.493844
1.786782
1.981676
1.533642
1.962068
1.622769
1.597139
1.638658
1.667853
1.791263
1.660385
1.755676
1.465100
1.723681
1.700594
