1.695334
1.826321
1.809109
1.699658
1.867405
1.874326
1.945666
1.798488
1.697390
1.583817
1.790732
1.886806
1.838693
1.756702
1.719861
1.724816
1.871418
1.839110
1.788621
1.876538
1.542256
1.981756
1.857350
1.954557
1.882563
1.750789
1.923654
1.921403
1.455435
1.967669
1.599663
1.571598
1.994598
1.452659
1.990832
1.967502
1.901697
1.598962
1.962951
1.623190
1.521200
1.636451
1.969538
1.679798
1.899903
1.990174
1.982437
1.727009
1.773130
1.683061
1.777392
1.628192
1.340616
1.939201
1.858915
1.922222
1.683089
1.624055
1.963954
1.760364
1.683825
1.847136
1.307204
1.365437
1.675016
1.885768
1.798207
1.586078
1.605644
1.347166
1.609748
1.650508
1.772244
1.418096
1.765333
1.969927
1.585680
1.372397
1.590024
1.750342
1.337463
1.796403
1.468744
1.441861
1.357512
1.540773
1.805888
1.667737
1.894067
1.671100
1.518019
1.760932
1.873062
1.979666
1.361242
1.392836
