1.888467
1.964569
1.573624
1.970694
1.949793
1.843929
1.996996
1.720240
1.791555
1.770129
1.857642
1.820270
1.900379
1.692547
1.906979
1.999550
1.978189
1.808425
1.946605
1.768363
1.934124
1.678520
1.981503
1.820332
1.869545
1.787020
1.737813
1.828255
1.799148
1.881109
1.468307
1.885905
1.980426
1.992023
1.978816
1.989010
1.764710
1.806410
1.928783
1.841805
1.995499
1.792612
1.994827
1.998552
1.984650
1.734945
1.402495
1.552130
1.745365
1.754403
1.671008
1.526745
1.690883
1.561980
1.936048
1.953977
1.936648
1.883156
1.889152
1.692017
1.950079
1.730576
1.702175
1.867263
1.705192
1.709876
1.960590
1.611668
1.967880
1.879956
1.885176
1.755938
1.940222
1.943479
1.729089
1.617063
1.525555
1.578714
1.366342
1.809158
1.850928
1.953291
1.538839
1.996073
1.427185
1.440315
