1.753410
1.925815
1.974959
1.896727
1.935082
1.756489
1.828576
1.506648
1.889541
1.689189
1.986241
1.796537
1.721608
1.929899
1.789005
1.759482
1.910607
1.995998
1.854170
1.392852
1.932229
1.522599
1.554623
1.681336
1.741573
1.503916
1.931754
1.996403
1.792788
1.965674
1.838770
1.664740
1.743564
1.895762
1.604504
1.718610
1.686027
1.870609
1.779601
1.813427
1.609059
1.747994
1.786156
1.695181
1.779611
1.857188
1.811416
1.872209
1.418650
1.963680
1.834413
1.828877
1.768009
1.972664
1.520270
1.741732
1.829118
1.396026
1.794582
1.939699
1.969995
1.721216
1.551196
1.954029
1.697009
1.535558
1.864816
1.934478
1.758514
1.968153
1.711434
1.718381
1.882856
1.333226
1.697858
1.872196
1.734543
1.740468
1.768807
1.513806
1.970111
1.432371
1.712823
1.801663
1.843409
1.964655
1.814053
1.804006
1.894988
1.661370
1.899705
