1.990205
1.962534
1.874334
1.986686
1.763036
1.968025
1.915643
1.940871
1.838806
1.936911
1.698301
1.914510
1.959485
1.888153
1.910030
1.842471
1.959812
1.901352
1.920235
1.883494
1.882217
1.733001
1.720234
1.855318
1.722575
1.681164
1.605292
1.963663
1.873977
1.661409
1.524370
1.811068
1.623321
1.683045
1.631956
1.778721
1.595341
1.442783
1.831344
1.896265
1.573365
1.918295
1.757128
1.775409
1.980918
1.949766
1.751497
1.499953
1.972276
1.932674
1.902926
1.929658
1.991772
1.671584
1.672012
1.621287
1.617182
1.916100
1.514574
1.377949
1.832229
1.578989
