1.813865
1.864356
1.811718
1.995375
1.797452
1.826886
1.829486
1.865362
1.891367
1.934913
1.668469
1.759871
1.829315
1.663490
1.954837
1.814635
1.743366
1.751760
1.956704
1.859359
1.892873
1.710109
1.726090
1.836125
1.947175
1.986255
1.981176
1.414633
1.806929
1.929675
1.809748
1.833577
1.832054
1.893852
1.919008
1.622403
1.519858
1.864417
1.497570
1.801133
1.698364
1.867277
1.519551
1.695850
1.735544
1.932293
1.757802
1.855299
1.420270
1.960993
1.809120
1.772661
1.554207
1.886593
1.998558
1.846300
1.429501
1.464523
1.923062
1.896191
1.516283
1.630553
1.689288
1.551586
1.536118
1.606792
1.968891
1.982229
1.968324
1.588654
1.877177
1.903231
1.893204
1.795022
1.991641
1.691861
1.711032
1.986057
1.658964
1.770066
1.860107
1.445612
1.891918
1.772375
1.446261
1.882097
1.714673
1.246050
1.703950
1.754244
1.630044
1.821028
1.689179
1.373957
1.598693
