1.783777
1.911146
1.926450
1.835059
1.945195
1.672484
1.698170
1.821637
1.725942
1.914046
1.812545
1.888776
1.586203
1.935081
1.997076
1.886902
1.994792
1.876302
1.811955
1.891410
1.732033
1.749878
1.885745
1.854009
1.851257
1.821109
1.833869
1.965889
1.631973
1.619097
1.621086
1.798692
1.851883
1.527704
1.978651
1.785685
1.374264
1.740044
1.950576
1.572195
1.884249
1.759187
1.839718
1.745865
1.868277
1.983143
1.967800
1.902921
1.877155
1.785646
1.428563
1.947866
1.842736
1.644062
1.892673
1.995710
1.863785
1.722190
1.765373
1.797016
1.675579
1.922640
1.760239
1.651550
1.896662
1.703980
1.291828
1.750478
1.363233
1.477184
1.986752
1.691614
1.448383
1.793068
1.970844
