1.998562
1.827708
1.768614
1.706836
1.682114
1.901601
1.832182
1.830310
1.891494
1.941020
1.606135
1.954542
1.999385
1.904090
1.943923
1.938837
1.935480
1.938996
1.896353
1.973275
1.561082
1.681654
1.416944
1.933629
1.609358
1.760257
1.953981
1.701820
1.982526
1.607492
1.955493
1.619776
1.544799
1.514253
1.934622
1.976459
1.930588
1.770898
1.660916
1.592707
1.398631
1.897637
1.921924
1.792877
1.974814
1.832241
1.849222
1.803616
1.446749
1.572826
1.531550
1.782615
1.935694
1.359044
1.792194
1.787670
1.975899
1.892361
1.444171
1.547844
1.967374
1.941841
