1.959817
1.998252
1.860416
1.786207
1.778746
1.611076
1.943715
1.872117
1.712897
1.580420
1.956116
1.844340
1.924813
1.984909
1.878239
1.836210
1.795273
1.844573
1.698550
1.826306
1.973552
1.744157
1.836611
1.530886
1.959265
1.616401
1.912352
1.972763
1.796257
1.642792
1.661002
1.901986
1.672919
1.794800
1.982854
1.898671
1.955138
1.879236
1.944207
1.511385
1.861356
1.706441
1.724293
1.870342
1.569389
1.877984
1.408369
1.910060
1.972424
1.922339
1.882377
1.839337
1.531443
1.907998
1.713524
1.925639
1.799769
1.852591
1.850647
1.848490
1.282762
1.663992
1.687764
1.826728
1.801797
1.969961
1.570794
1.738592
1.405591
1.950483
