1.871946
1.778470
1.892962
1.821133
1.935542
1.867138
1.892241
1.985914
1.963075
1.738782
1.843234
1.671452
1.891977
1.981944
1.962829
1.980416
1.976514
1.899866
1.942115
1.974259
1.708069
1.813137
1.940901
1.959089
1.910807
1.568425
1.769911
1.931637
1.787339
1.981850
1.972158
1.622538
1.882263
1.529849
1.837346
1.956689
1.915603
1.893538
1.696319
1.978747
1.952426
1.746005
1.996944
1.840261
1.783212
1.910138
1.734057
1.533808
1.854212
1.897410
1.826901
1.259866
1.948608
1.446221
1.631614
1.724934
1.629226
1.974684
1.728630
1.919801
1.894122
1.824434
1.816761
1.939537
1.763513
1.514588
1.994173
1.661684
1.507180
1.984420
1.876594
1.934209
1.640985
1.894544
1.693621
1.534552
1.492490
1.467213
1.687943
1.895452
1.684696
1.524895
1.877964
1.795508
1.646980
1.967174
1.293306
1.512081
1.808349
1.603114
