1.990463
1.975740
1.887322
1.957026
1.813320
1.931504
1.787108
1.570637
1.856966
1.798635
1.945118
1.987566
1.830434
1.809364
1.433351
1.934149
1.830514
1.938935
1.845485
1.634888
1.998338
1.617497
1.703365
1.352964
1.863588
1.655374
1.844196
1.975538
1.512404
1.955350
1.954378
1.890720
1.818685
1.685298
1.718672
1.623579
1.625554
1.598641
1.513675
1.591872
1.307299
1.952873
1.855999
1.973898
1.814774
1.738696
1.402034
1.565675
1.930835
1.353058
1.763656
1.881162
1.456772
1.350980
1.542567
1.342789
1.923596
1.962300
1.482793
1.291545
1.629925
1.572012
1.937817
1.877924
1.952126
