1.947853
1.858380
1.843123
1.883782
1.808128
1.953622
1.880536
1.420035
1.933416
1.914837
1.890237
1.375236
1.920345
1.768533
1.973075
1.954068
1.589516
1.995388
1.962058
1.660112
1.791319
1.685480
1.907727
1.954114
1.937758
1.873629
1.846795
1.953334
1.873417
1.890588
1.675074
1.659508
1.980637
1.908461
1.463779
1.745567
1.490183
1.962769
1.991167
1.830905
1.891064
1.744273
1.959174
1.805777
1.749612
1.553092
1.994476
1.619328
1.928374
1.561697
1.620518
1.995034
1.751409
1.962334
1.691795
1.797607
1.407348
1.880413
1.596422
1.649042
1.851159
1.684484
1.499030
1.866451
1.529029
1.599698
1.448473
1.416254
1.369331
1.671627
1.224914
1.913866
1.732831
