1.874657
1.843571
1.680141
1.911385
1.750473
1.974887
1.956565
1.943746
1.803616
1.922461
1.521405
1.884060
1.959009
1.786120
1.642532
1.907872
1.968347
1.955628
1.891610
1.819294
1.908699
1.875354
1.789364
1.505135
1.934222
1.521266
1.618803
1.823544
1.691745
1.909335
1.846435
1.974202
1.608069
1.968369
1.632229
1.828573
1.260533
1.945860
1.707033
1.587516
1.795010
1.978626
1.632026
1.942473
1.906737
1.842710
1.973361
1.933959
1.915100
1.371749
1.655167
1.981680
1.861945
1.534362
1.835256
1.616275
1.598158
1.545457
1.933710
1.800397
1.681387
1.648718
1.717387
1.447443
1.591399
1.700886
1.339440
1.464387
1.835879
1.727671
1.611153
1.341380
1.622057
1.594845
