1.713332
1.850298
1.832210
1.991439
1.772664
1.816071
1.933934
1.933009
1.913481
1.764217
1.663072
1.792280
1.685290
1.977617
1.805988
1.844977
1.869711
1.997512
1.945535
1.935986
1.939209
1.786045
1.913645
1.634845
1.715098
1.645390
1.918023
1.967305
1.545173
1.664337
1.860543
1.716585
1.682180
1.807688
1.960322
1.973324
1.801161
1.523377
1.809001
1.644633
1.763249
1.824780
1.591156
1.965950
1.639698
1.514300
1.870949
1.708358
1.589401
1.654064
1.730380
1.875652
1.892595
1.784159
1.989379
1.892920
1.999473
1.814351
1.733480
1.957822
1.784247
1.949104
1.347117
1.973552
1.683165
1.253604
1.746668
1.764758
1.566464
1.983228
