1.802597
1.677097
1.937626
1.902731
1.890239
1.944562
1.852612
1.950494
1.958725
1.769437
1.541713
1.863332
1.862045
1.943867
1.865806
1.951874
1.990950
1.930191
1.751728
1.960688
1.822287
1.736083
1.979513
1.993131
1.714421
1.913619
1.617183
1.917292
1.926844
1.874654
1.948350
1.711914
1.887780
1.680838
1.911011
1.613180
1.900851
1.965106
1.809076
1.931514
1.851294
1.669756
1.799189
1.911527
1.583507
1.834365
1.547960
1.814341
1.714889
1.491267
1.899226
1.893212
1.470761
1.768060
1.806908
1.636147
1.950806
1.936809
1.369250
1.791506
1.871322
1.814516
1.682007
1.648238
1.731419
1.468334
1.855708
1.626478
1.974017
1.438141
1.938584
1.746052
1.671785
1.703676
1.669563
1.809185
1.415437
1.641995
1.458063
1.788077
1.483020
1.874501
1.911307
1.511112
1.609802
1.910219
1.841245
1.720711
1.681717
1.914156
1.992881
1.209081
1.636602
1.897328
1.248103
1.687036
1.600616
1.718568
1.419100
