1.632655
1.925691
1.841659
1.943059
1.927107
1.989644
1.992310
1.900856
1.859279
1.736902
1.932224
1.951662
1.984904
1.887904
1.935443
1.557325
1.533631
1.739690
1.670420
1.851405
1.937233
1.874559
1.923803
1.918686
1.998154
1.905602
1.778713
1.845088
1.757878
1.777433
1.752378
1.963909
1.970638
1.746800
1.761237
1.552965
1.669033
1.568714
1.998108
1.909756
1.977394
1.640636
1.856722
1.656542
1.721698
1.728011
1.743407
1.787741
1.491591
1.434467
1.850059
1.835250
1.844358
1.295899
1.917672
1.708188
1.648469
1.590106
1.839988
1.780775
1.447181
1.793754
1.421440
1.553379
1.860530
1.579070
1.757770
1.281722
