1.894444
1.920828
1.970435
1.993971
1.900543
1.786835
1.954567
1.963470
1.968231
1.760585
1.834064
1.823064
1.950877
1.653118
1.905284
1.988891
1.766079
1.942577
1.859635
1.831807
1.685722
1.877988
1.892681
1.867602
1.970011
1.679916
1.848931
1.890085
1.606108
1.892196
1.769737
1.932147
1.957940
1.950394
1.568598
1.938706
1.905868
1.623718
1.961432
1.980510
1.858319
1.479746
1.743903
1.544353
1.908679
1.650568
1.801066
1.662979
1.821877
1.726973
1.697362
1.815549
1.522747
1.730900
1.608653
1.750720
1.387146
1.463754
1.688279
1.911503
1.901853
1.930292
1.621881
1.729368
1.488398
1.759230
1.627970
1.824979
1.695448
1.388691
1.917007
1.615435
1.857327
1.883783
1.721852
1.489312
1.859233
1.421936
1.258905
1.936895
1.942420
1.613786
1.903986
1.924658
1.425166
1.600126
1.723752
1.560043
1.807023
