1.824866
1.771253
1.880497
1.728978
1.740968
1.672765
1.868962
1.729308
1.991151
1.755694
1.656755
1.882797
1.851381
1.966200
1.813182
1.739222
1.945395
1.742432
1.557020
1.711117
1.731065
1.460771
1.846118
1.712277
1.732959
1.981499
1.959672
1.959053
1.745080
1.897791
1.638250
1.819512
1.783499
1.785717
1.899112
1.839511
1.771017
1.547871
1.886411
1.905073
1.860721
1.727021
1.907711
1.913881
1.597698
1.853312
1.894997
1.740233
1.892097
1.938012
1.675544
1.572285
1.760779
1.581185
1.711853
1.937128
1.723794
1.762598
1.978651
1.889047
1.978062
1.946383
1.802335
1.875914
1.972718
1.647187
1.753173
1.456337
1.946329
1.931907
1.975720
1.769909
1.662918
1.857049
1.505321
1.842287
1.754237
1.389844
1.554375
1.427707
1.544112
