1.848098
1.645978
1.811903
1.774549
1.653253
1.642343
1.894797
1.367921
1.937285
1.989444
1.982340
1.656009
1.861469
1.883339
1.591044
1.971643
1.958171
1.673184
1.960856
1.722005
1.608802
1.910873
1.977138
1.625813
1.736651
1.652368
1.946450
1.650215
1.709854
1.881940
1.902744
1.810431
1.696415
1.682041
1.595537
1.647947
1.794836
1.774162
1.707375
1.627487
1.447372
1.723344
1.486382
1.733166
1.998102
1.440246
1.984803
1.903558
1.750088
1.679409
1.956722
1.883779
1.584226
1.816709
1.499707
1.976839
1.927626
1.376590
1.945833
1.513851
1.298624
1.976662
1.292556
1.880529
1.666259
