1.954517
1.801929
1.995455
1.938839
1.875332
1.587903
1.933811
1.782530
1.863439
1.832748
1.984409
1.619645
1.651664
1.906959
1.968541
1.911668
1.923690
1.788436
1.849447
1.993396
1.434700
1.822318
1.693597
1.845174
1.933082
1.924868
1.632968
1.272466
1.950516
1.884245
1.969918
1.714372
1.694700
1.606561
1.734863
1.876329
1.781767
1.855647
1.651309
1.791956
1.576655
1.966746
1.817532
1.622933
1.976971
1.989099
1.964778
1.703046
1.861794
1.893270
1.926451
1.532883
1.638173
1.759220
1.945698
1.986030
1.687803
1.970030
1.813871
1.882747
1.710463
1.923508
1.779100
1.632575
1.712666
1.660932
1.940089
1.622936
1.779753
1.497019
1.819985
1.624400
1.805334
1.922219
1.716862
1.371899
1.598408
1.781044
1.537776
1.932528
1.876921
1.946107
1.701748
1.792050
1.686296
1.891072
1.758858
1.869413
1.861054
1.826127
1.900061
1.526948
1.982621
1.413194
1.417664
1.881083
1.533017
1.874140
1.986979
1.706341
1.863514
1.658125
1.693378
