1.855790
1.992571
1.677849
1.954290
1.896438
1.802066
1.937081
1.867531
1.751976
1.897984
1.843211
1.860779
1.949533
1.998002
1.709830
1.968023
1.744252
1.911100
1.895825
1.750168
1.566421
1.778704
1.984552
1.714237
1.847391
1.424491
1.942762
1.798482
1.942271
1.952899
1.789458
1.754213
1.544044
1.959473
1.924130
1.853128
1.997702
1.750177
1.509015
1.717795
1.493759
1.666560
1.911252
1.478438
1.633025
1.505915
1.916223
1.436034
1.787837
1.672956
1.480203
1.871829
1.758041
1.837204
1.300273
1.494114
1.633774
1.485292
1.476699
1.780366
1.929529
1.404075
1.917028
1.641332
1.232335
1.881563
1.698324
1.706629
1.681868
