1.958763
1.999150
1.945435
1.949359
1.889096
1.902051
1.787069
1.834990
1.980080
1.827127
1.960547
1.776617
1.959476
1.828808
1.414706
1.933139
1.912470
1.942716
1.647409
1.956197
1.926162
1.919797
1.651705
1.912062
1.710625
1.741192
1.685948
1.989683
1.780343
1.976281
1.893632
1.674849
1.588458
1.995640
1.842145
1.891350
1.893047
1.772694
1.950331
1.928659
1.853374
1.791516
1.960373
1.751309
1.845795
1.706474
1.813677
1.627128
1.988940
1.598680
1.983347
1.924393
1.691179
1.930367
1.939881
1.711672
1.850254
1.727120
1.753109
1.784747
1.609003
1.477160
1.385941
1.733193
1.606720
1.673287
1.576549
1.989767
1.821166
1.835071
1.902379
1.616591
1.369115
1.584382
1.943372
1.724475
1.559504
1.741698
1.896262
1.775485
1.559441
1.642637
1.800006
1.424993
