1.885599
1.980850
1.768117
1.964566
1.886249
1.809936
1.841926
1.707757
1.955105
1.711240
1.866336
1.608359
1.959275
1.889982
1.897493
1.985197
1.992241
1.872708
1.624589
1.936655
1.945935
1.890189
1.931373
1.386811
1.940038
1.745573
1.828766
1.967336
1.804442
1.373736
1.630081
1.591426
1.976272
1.978992
1.800166
1.489866
1.826206
1.885157
1.767472
1.853130
1.947847
1.870229
1.636734
1.583012
1.973258
1.824119
1.557615
1.752077
1.698334
1.814563
1.678103
1.670065
1.851860
1.753325
1.722019
1.856038
1.927460
1.855174
1.643800
1.804935
1.983351
1.574031
1.595691
1.562950
1.710939
1.961226
1.983592
1.959689
1.843414
1.722149
1.602254
1.952099
1.685294
1.996874
1.928550
1.579333
1.976584
1.950187
1.876000
1.236257
1.640531
1.705888
1.935723
1.784337
1.922826
1.876792
1.794534
1.879979
1.689892
1.603836
1.520581
1.980955
1.986314
1.886576
1.796646
1.562334
1.566932
1.691745
1.415607
1.425017
1.989521
