1.982443
1.814689
1.654627
1.733882
1.889410
1.955735
1.847963
1.803771
1.949808
1.790721
1.962374
1.994599
1.968167
1.936397
1.935223
1.807945
1.932192
1.729260
1.733580
1.820760
1.772416
1.805285
1.640634
1.893948
1.963441
1.728399
1.559272
1.901198
1.815445
1.973952
1.781639
1.886443
1.761906
1.988522
1.822562
1.760503
1.906635
1.617527
1.887453
1.765174
1.888399
1.799148
1.611459
1.288929
1.596485
1.582663
1.995532
1.640812
1.785959
1.984966
1.851354
1.713016
1.621946
1.463313
1.454257
1.960193
1.757891
1.979607
1.879766
1.788749
1.724205
1.792639
1.598742
1.863953
1.885517
1.335930
1.960983
1.802123
1.623884
1.873737
1.547170
1.815193
1.971473
1.589975
1.775002
1.639684
1.953166
1.881689
1.628270
1.955684
1.529413
1.386309
1.883419
1.305036
1.635340
1.429384
