1.867710
1.922649
1.559273
1.845087
1.910757
1.968041
1.972132
1.712399
1.870490
1.960999
1.797351
1.508787
1.728046
1.954428
1.778973
1.795762
1.916054
1.937241
1.896215
1.989478
1.804790
1.888488
1.983289
1.870992
1.878274
1.693152
1.779982
1.964465
1.785498
1.966589
1.781028
1.675515
1.659361
1.669682
1.707587
1.849027
1.911732
1.543907
1.349099
1.920931
1.628376
1.617171
1.609848
1.864857
1.831583
1.792156
1.566365
1.808809
1.455705
1.683121
1.582598
1.979511
1.921528
1.770191
1.320614
1.979654
1.608161
1.445731
1.830404
1.753679
1.820452
1.247157
1.758281
1.305988
1.498214
