1.952377
1.975015
1.508048
1.824892
1.803738
1.986445
1.907773
1.926429
1.950600
1.707180
1.962617
1.920744
1.753212
1.856473
1.814293
1.849475
1.952377
1.540459
1.904918
1.548916
1.359888
1.826076
1.830251
1.913481
1.904003
1.781021
1.749686
1.835326
1.973171
1.796000
1.396224
1.923009
1.903576
1.570214
1.965838
1.943800
1.966507
1.529729
1.619280
1.577878
1.934562
1.923381
1.881958
1.519758
1.913253
1.738277
1.678711
1.633186
1.959220
1.856981
1.697767
1.598109
1.554364
1.798287
1.859821
1.758520
1.480241
1.731363
1.629276
1.986424
1.909808
1.863356
1.444180
1.821396
1.886252
1.604257
1.965634
1.996658
1.882452
1.258971
1.982420
1.320029
1.436109
1.927597
1.902426
1.651476
1.969232
1.394645
