1.872132
1.987785
1.821506
1.987838
1.601612
1.769480
1.912128
1.971282
1.842458
1.917446
1.750481
1.707622
1.982676
1.710526
1.822467
1.566615
1.959675
1.672192
1.374750
1.750527
1.990509
1.933255
1.782640
1.616045
1.789716
1.890400
1.839607
1.930019
1.585264
1.747068
1.639355
1.930773
1.757100
1.947602
1.695629
1.365220
1.996068
1.992284
1.838930
1.937805
1.997743
1.862502
1.815733
1.577018
1.790608
1.755886
1.958821
1.534480
1.933308
1.998095
1.894017
1.856126
1.842531
1.390221
1.944386
1.762947
1.087674
1.970844
1.961823
1.392663
1.582900
1.282177
1.847594
1.920538
1.912427
1.846053
1.909644
1.679989
1.995301
1.820095
1.781912
1.402075
1.912604
1.549171
1.322084
1.711674
1.934432
1.940789
1.862175
1.931078
1.887840
1.729881
1.498054
1.982269
1.619624
1.709505
1.615236
1.769224
1.302933
1.668145
1.629944
1.561960
1.824532
1.473554
