1.937119
1.862405
1.978039
1.901741
1.991654
1.818614
1.751058
1.785079
1.925047
1.967150
1.895163
1.854173
1.823066
1.604760
1.947904
1.887198
1.961307
1.759939
1.900496
1.637542
1.673876
1.860975
1.769226
1.960604
1.958952
1.663355
1.967220
1.596374
1.839111
1.691830
1.960696
1.829066
1.742046
1.421482
1.972159
1.571245
1.880946
1.920627
1.859261
1.982678
1.732945
1.877498
1.825921
1.952742
1.706837
1.807604
1.853518
1.506327
1.958453
1.742037
1.810361
1.889070
1.623847
1.824952
1.801489
1.844727
1.545137
1.781042
1.993947
1.605565
1.874746
1.671949
1.884176
1.795397
1.804638
1.611730
1.562347
1.942105
1.823669
1.633355
1.915581
1.672683
1.984550
1.964376
1.538900
1.575808
1.715934
1.679206
1.730584
1.599062
1.867106
1.726541
1.660845
1.966018
1.518041
1.788720
1.604240
1.929717
1.683973
1.566460
1.822303
1.800197
1.703716
1.998224
1.728944
1.993443
1.981866
