1.756237
1.945644
1.883483
1.447667
1.832472
1.964425
1.946153
1.959958
1.895075
1.607901
1.875402
1.726769
1.898441
1.601021
1.723802
1.945396
1.957713
1.751176
1.699675
1.811399
1.938645
1.673270
1.834186
1.949423
1.778608
1.899399
1.921931
1.550230
1.827577
1.642388
1.721233
1.979887
1.641819
1.664247
1.861195
1.746534
1.610921
1.877602
1.928241
1.602799
1.349343
1.937209
1.613109
1.925825
1.697403
1.704738
1.704449
1.806233
1.646288
1.815874
1.669925
1.686982
1.864617
1.954843
1.897250
1.739627
1.704197
1.635596
1.858415
1.842269
1.891215
1.805630
1.877361
1.768419
1.925248
1.581056
1.636203
1.613714
1.792761
1.835063
