1.992379
1.707143
1.788816
1.990080
1.732004
1.995883
1.883266
1.850182
1.874210
1.935114
1.878989
1.779191
1.880209
1.980188
1.692068
1.721459
1.661490
1.866768
1.786564
1.862971
1.954427
1.835587
1.878117
1.697865
1.685650
1.973029
1.700300
1.617286
1.927765
1.929383
1.837215
1.794677
1.918247
1.843764
1.685247
1.919992
1.968738
1.835337
1.563567
1.908963
1.675459
1.980603
1.402498
1.581472
1.934484
1.970955
1.415524
1.548643
1.499331
1.727227
1.761180
1.437086
1.892784
1.955280
1.854769
1.755200
1.781981
1.709703
1.499980
1.856223
1.624830
1.710001
1.856845
1.817389
1.806080
1.865387
1.841768
1.712344
1.569344
1.932613
1.481593
1.474083
1.991952
1.840475
1.621910
1.689110
1.815662
1.975256
