1.960825
1.539918
1.806328
1.775798
1.967524
1.775868
1.701416
1.867855
1.829260
1.936783
1.517844
1.872713
1.973608
1.419163
1.954577
1.964154
1.964025
1.773321
1.964872
1.963457
1.834709
1.782009
1.795151
1.962377
1.890815
1.663030
1.756018
1.638679
1.450116
1.467458
1.620588
1.527369
1.842812
1.546683
1.817917
1.668643
1.931536
1.521518
1.851121
1.883503
1.848491
1.934464
1.759997
1.728775
1.687294
1.769955
1.965056
1.863778
1.919981
1.860956
1.727047
1.732886
1.608964
1.583853
1.600117
1.805336
1.537170
1.488469
1.785664
1.926691
1.978002
1.867933
1.764708
1.855427
1.579619
1.794284
1.637854
1.658996
1.931526
1.425169
1.769069
1.559868
1.677575
1.541518
1.646880
1.941739
1.958426
1.680996
1.959189
1.720249
1.906253
1.636137
1.933466
1.463685
1.679859
1.976882
1.753791
1.995104
