1.842753
1.844851
1.716414
1.862596
1.963580
1.821527
1.848140
1.610511
1.749964
1.904488
1.876206
1.976381
1.729338
1.944881
1.907488
1.595994
1.882874
1.783874
1.533629
1.697106
1.905769
1.783349
1.816049
1.834981
1.908012
1.739848
1.832017
1.633873
1.814756
1.761653
1.734367
1.948284
1.970985
1.878406
1.705114
1.913477
1.988634
1.408101
1.967175
1.836019
1.984172
1.836667
1.865929
1.575137
1.882736
1.542720
1.639272
1.860032
1.600233
1.916399
1.815753
1.709986
1.525656
1.622478
1.771035
1.583298
1.831166
1.958867
1.607136
1.785677
1.940375
1.583434
1.956317
1.849058
1.364332
1.629882
1.623791
1.444616
1.914740
1.984850
1.798859
