1.968447
1.908207
1.979860
1.842079
1.696295
1.666121
1.929393
1.791868
1.995278
1.935894
1.856994
1.623314
1.716206
1.978350
1.926204
1.730668
1.665044
1.984111
1.989274
1.986071
1.453988
1.947978
1.838032
1.851279
1.697572
1.675460
1.976131
1.927933
1.852236
1.946476
1.981727
1.718162
1.874052
1.784336
1.698643
1.770034
1.437305
1.938878
1.714913
1.823164
1.841257
1.860375
1.722602
1.776171
1.882382
1.916524
1.676300
1.597080
1.970863
1.820885
1.709580
1.939767
1.940461
1.903094
1.720548
1.929869
1.837803
1.417930
1.972942
1.752116
1.434275
1.987832
1.934336
1.916042
1.770662
1.880002
1.959273
1.495752
1.532143
1.981980
1.680914
1.694925
1.499032
1.927547
1.955358
1.536981
1.494020
1.510814
1.776687
1.507521
1.685997
1.614952
1.446836
1.732331
1.995190
1.626685
1.510513
1.679276
1.545775
1.803894
1.861649
1.727104
1.556895
1.493310
1.650845
1.477378
1.690549
1.785679
