1.570926
1.825821
1.946504
1.546784
1.703684
1.993454
1.713970
1.937336
1.814495
1.820910
1.590765
1.834459
1.945070
1.863690
1.883833
1.659206
1.758525
1.860118
1.951513
1.680949
1.995474
1.890760
1.918050
1.533205
1.700430
1.967017
1.730720
1.500470
1.813179
1.632912
1.761720
1.754002
1.783774
1.523269
1.379880
1.698937
1.805589
1.665430
1.916360
1.660853
1.331620
1.944281
1.635975
1.931009
1.798449
1.708130
1.454098
1.773914
1.856843
1.692721
1.841371
1.679361
1.672935
1.857331
1.488697
1.903733
1.643703
1.824939
1.605457
1.774494
1.704647
1.927043
1.614586
1.925767
1.439965
1.687346
1.766437
1.259714
1.975311
