1.922591
1.961509
1.991427
1.919326
1.829194
1.981329
1.855903
1.968855
1.774448
1.511734
1.721849
1.846640
1.582713
1.893858
1.697768
1.614756
1.922696
1.928605
1.674601
1.992817
1.869194
1.831782
1.620520
1.796252
1.792909
1.721237
1.848758
1.959264
1.919161
1.998373
1.547133
1.916572
1.971297
1.608607
1.688197
1.834190
1.942124
1.852253
1.449809
1.934948
1.939942
1.753588
1.998858
1.792382
1.911598
1.869263
1.449488
1.916407
1.752191
1.816904
1.881908
1.946793
1.963586
1.906736
1.693604
1.915298
1.813939
1.832653
1.978234
1.913064
1.853662
1.805197
1.564195
1.891433
1.953375
1.608587
1.641406
1.509418
1.890787
1.841354
1.968257
1.752948
1.802118
1.613109
1.445801
1.322900
1.683178
1.793864
1.608182
1.839800
1.547245
1.823875
