1.899644
1.939891
1.743706
1.848365
1.653751
1.692471
1.999933
1.946820
1.838882
1.923960
1.978574
1.800248
1.846565
1.663423
1.956646
1.873258
1.667749
1.911170
1.853351
1.914197
1.958225
1.981895
1.659274
1.685029
1.907827
1.982441
1.828391
1.992283
1.834017
1.554900
1.977476
1.457052
1.976050
1.747617
1.995649
1.731633
1.856768
1.729304
1.890783
1.444005
1.977604
1.759684
1.425621
1.923072
1.479773
1.659696
1.815652
1.776502
1.971160
1.549408
1.656166
1.894548
1.721455
1.944383
1.558046
1.719359
1.979266
1.631268
1.688363
1.759591
1.942849
1.561035
1.789721
1.613009
1.816492
1.684972
1.925282
1.890564
1.858651
1.938013
1.612801
1.911773
1.272580
1.385590
1.378849
