1.629532
1.840150
1.603293
1.679580
1.897095
1.783838
1.642321
1.817190
1.982533
1.858655
1.921397
1.829690
1.973083
1.850781
1.814635
1.799906
1.960064
1.774418
1.761750
1.754858
1.718841
1.871874
1.330212
1.954622
1.787224
1.914141
1.575939
1.844264
1.899592
1.833999
1.919692
1.716382
1.838809
1.588408
1.929834
1.767688
1.566256
1.953608
1.676420
1.843225
1.666254
1.682413
1.756188
1.388105
1.739093
1.871957
1.364131
1.891540
1.866974
1.878169
1.928660
1.684787
1.466670
1.851710
1.967239
1.854493
1.954371
1.800186
1.957654
1.933471
1.951106
1.933224
1.648618
1.424005
1.735298
1.871704
1.892406
1.521430
1.676476
1.905487
1.416456
1.869632
1.514952
1.896441
1.672085
1.664905
1.824867
