1.970276
1.957405
1.835350
1.996764
1.789730
1.989067
1.899797
1.986802
1.931735
1.786332
1.856120
1.857793
1.771024
1.834596
1.660812
1.810577
1.738143
1.670308
1.767977
1.741016
1.995002
1.661728
1.852865
1.713540
1.890950
1.748500
1.741800
1.624078
1.772293
1.829565
1.548720
1.988591
1.877417
1.563606
1.887454
1.697482
1.629607
1.877245
1.520779
1.614836
1.906745
1.761128
1.471105
1.726005
1.823916
1.492451
1.748046
1.843642
1.769019
1.724962
1.943959
1.794599
1.561767
1.619802
1.720932
1.952203
1.817404
1.974220
1.747568
1.868675
1.664470
1.646129
1.876965
1.826415
1.625257
1.649331
1.535616
1.916020
1.199346
1.787223
1.835919
1.902088
1.733412
1.366299
1.645901
1.550677
1.481491
1.808466
1.473493
1.805834
1.721273
1.908922
1.288732
1.539678
1.756247
1.915591
1.228276
1.914750
1.446053
1.952184
1.333287
1.317661
1.976579
1.235113
1.850330
1.916712
1.603834
