1.906356
1.775386
1.755527
1.936018
1.972299
1.995768
1.850232
1.506815
1.972595
1.888884
1.950564
1.912569
1.739304
1.677536
1.866357
1.763690
1.551069
1.761632
1.970104
1.985812
1.850609
1.896480
1.624165
1.798186
1.900581
1.721717
1.948426
1.963162
1.713790
1.428797
1.770680
1.633126
1.995387
1.996880
1.880436
1.556800
1.866443
1.830835
1.743035
1.560828
1.993228
1.730400
1.822813
1.649296
1.924600
1.699645
1.345821
1.911110
1.672638
1.481610
1.921781
1.646194
1.417923
1.992363
1.598932
1.792411
1.890471
1.988398
1.829065
1.880239
1.943845
1.383095
1.353610
1.781583
1.850888
1.606521
1.908778
1.453582
1.989545
1.892977
1.882430
1.927999
1.980758
1.363375
1.865539
1.954116
1.324233
1.967029
1.827048
1.542222
1.455435
1.858421
1.365045
1.727497
1.674384
1.345380
1.538456
