1.719132
1.893193
1.941243
1.749883
1.899960
1.880620
1.808769
1.988139
1.614140
1.910310
1.903555
1.566939
1.691135
1.870795
1.718366
1.708940
1.838279
1.989032
1.470684
1.916575
1.600441
1.859003
1.641363
1.611037
1.934563
1.738366
1.453434
1.899945
1.629120
1.801482
1.797252
1.989358
1.992660
1.689824
1.916129
1.771823
1.822546
1.745908
1.968784
1.661516
1.548362
1.935559
1.615790
1.377174
1.828460
1.993624
1.876419
1.487690
1.552777
1.925597
1.402937
1.828169
1.953442
1.913375
1.889854
1.827520
1.638280
1.818400
1.746657
1.734980
1.438716
1.541982
1.981763
1.637819
1.339093
1.891768
1.773532
1.923665
1.615322
1.631467
1.426040
1.861310
1.605862
1.691442
1.581550
1.589093
1.587466
