1.818491
1.790238
1.747843
1.932328
1.826079
1.871498
1.868243
1.782937
1.825561
1.925176
1.927256
1.703693
1.652150
1.880418
1.880909
1.586546
1.630043
1.717781
1.984766
1.987067
1.875030
1.883345
1.671161
1.703259
1.693507
1.681097
1.597195
1.945719
1.961749
1.561626
1.677477
1.834871
1.803626
1.984863
1.656456
1.872976
1.686014
1.749827
1.942411
1.879606
1.857554
1.617339
1.803428
1.480099
1.998747
1.641228
1.917675
1.951625
1.955588
1.648874
1.723331
1.738879
1.749742
1.650184
1.816987
1.777261
1.750741
1.639457
1.594315
1.983427
1.861629
1.933027
1.665400
1.763693
1.970438
1.845221
1.779256
1.989785
1.771672
1.949988
1.482507
1.524280
1.679969
1.357796
1.932142
1.612960
1.846658
1.739564
1.524544
1.266158
1.876532
1.969442
1.861280
1.275754
1.892810
1.689500
1.698285
1.664064
1.809005
1.777779
1.530845
1.817163
1.572142
1.789205
1.256142
1.659709
