1.980051
1.969088
1.766404
1.940334
1.770405
1.808490
1.947147
1.745776
1.911898
1.986987
1.697151
1.935687
1.704913
1.726634
1.990233
1.664878
1.899011
1.932611
1.831163
1.761235
1.915380
1.600537
1.945335
1.854871
1.860318
1.800415
1.653387
1.755816
1.766424
1.707642
1.792600
1.976284
1.990158
1.912174
1.963779
1.917864
1.998695
1.810073
1.592818
1.869682
1.564101
1.619699
1.695666
1.461375
1.397836
1.899732
1.920868
1.480565
1.706815
1.611794
1.787874
1.823596
1.850540
1.879850
1.915664
1.619072
1.675460
1.897541
1.841978
1.581594
1.508042
1.821488
1.896578
1.666182
1.677365
1.843049
1.540141
1.586999
1.549525
1.776658
1.822802
1.854225
1.971862
1.951501
1.546223
1.618796
1.392786
1.822629
1.492023
1.239312
1.246292
1.827568
1.861844
1.810684
1.307003
1.518453
1.510266
1.898161
1.796675
1.680282
1.700054
