1.974324
1.915967
1.868556
1.626398
1.774758
1.958710
1.921747
1.800201
1.602162
1.676107
1.691608
1.740559
1.696952
1.610659
1.894626
1.736627
1.988373
1.863677
1.671608
1.935904
1.872737
1.779263
1.744971
1.578320
1.943901
1.677309
1.849012
1.925325
1.847584
1.628347
1.505997
1.496459
1.849438
1.957208
1.944484
1.856992
1.899849
1.592745
1.891579
1.690646
1.855724
1.802262
1.949035
1.823865
1.638441
1.938768
1.874407
1.953440
1.495323
1.648663
1.407712
1.574598
1.987412
1.656177
1.501332
1.579566
1.526554
1.687157
1.662646
1.870186
1.776375
1.498304
1.940641
1.625009
1.995557
1.899347
1.844508
1.727494
1.512265
1.726106
1.793749
1.419600
1.895121
1.921736
1.755334
1.513292
