1.942515
1.976721
1.893904
1.754972
1.937989
1.821496
1.665359
1.807997
1.861807
1.998452
1.755371
1.799352
1.847827
1.935873
1.949403
1.996727
1.749958
1.801223
1.818974
1.999879
1.992145
1.585795
1.933586
1.640289
1.983995
1.949273
1.931427
1.868979
1.978005
1.872455
1.710481
1.529972
1.901501
1.872475
1.890525
1.727983
1.890094
1.990058
1.464655
1.862936
1.592721
1.924451
1.860321
1.954295
1.786024
1.965195
1.525660
1.875710
1.933778
1.639004
1.925737
1.686991
1.877654
1.715120
1.904918
1.885536
1.572948
1.638505
1.923280
1.802533
1.827638
1.422696
1.945565
1.769494
1.886660
1.897302
1.698148
1.875922
1.803848
1.689864
1.490130
1.456772
1.767512
1.557047
1.956266
