1.997492
1.944248
1.994341
1.999738
1.790348
1.980536
1.901308
1.794817
1.971788
1.987928
1.830850
1.956391
1.640491
1.978862
1.679374
1.683518
1.942252
1.638178
1.698514
1.869300
1.801138
1.791292
1.839420
1.670143
1.699472
1.810930
1.881957
1.961297
1.490369
1.819986
1.642394
1.886505
1.841657
1.734966
1.776327
1.998117
1.914104
1.842632
1.738886
1.743186
1.755714
1.451932
1.988213
1.985836
1.598331
1.701827
1.813622
1.920295
1.558156
1.972138
1.524553
1.422556
1.731090
1.583426
1.613245
1.655473
1.901970
1.994756
1.838224
1.824408
1.936671
1.727723
1.693172
1.576488
1.939362
1.585610
1.568604
1.903856
1.731411
1.675735
1.953108
1.991573
1.800922
1.600262
1.680162
1.929860
1.708148
1.687746
1.372344
1.829431
1.960685
1.799365
1.390931
1.671164
