1.753325
1.844910
1.958939
1.977436
1.603391
1.982488
1.955876
1.658276
1.996984
1.890056
1.815528
1.827106
1.740404
1.521227
1.979522
1.930429
1.909899
1.937069
1.881903
1.811923
1.960191
1.817461
1.886624
1.872388
1.988624
1.781546
1.991665
1.983093
1.837000
1.876034
1.976091
1.899928
1.998976
1.546650
1.636300
1.735634
1.885098
1.804548
1.781480
1.975086
1.504541
1.989184
1.266137
1.924206
1.839446
1.721660
1.541081
1.762638
1.423918
1.651453
1.928701
1.873641
1.552920
1.384166
1.422925
1.976862
1.775342
1.715466
1.743445
1.349541
1.601084
1.568587
1.936424
1.420649
1.833655
1.798179
1.924913
1.607021
1.957993
1.401541
1.729511
1.778330
1.413834
1.778746
1.840286
1.990318
1.579314
