1.932148
1.816195
1.894917
1.955047
1.884023
1.732671
1.956911
1.952000
1.666040
1.974539
1.889259
1.601380
1.742054
1.945166
1.813351
1.976802
1.656501
1.454328
1.678648
1.456449
1.924895
1.797061
1.579038
1.930614
1.676572
1.526339
1.863423
1.489199
1.374242
1.970249
1.750070
1.520789
1.743574
1.941704
1.650913
1.591333
1.513907
1.622322
1.844953
1.657140
1.609654
1.936630
1.816041
1.758796
1.959930
1.728336
1.584758
1.955538
1.704057
1.909032
1.599117
1.686009
1.834175
1.864419
1.696898
1.299804
1.978529
1.987754
1.925922
1.619326
1.454010
1.778433
1.969389
1.598199
1.740354
1.843577
1.670472
1.632332
1.660158
1.749169
1.540051
1.634975
1.975159
1.474409
1.749743
1.763359
1.922414
1.369528
1.759769
1.875669
1.779469
1.391507
1.756477
1.478919
1.910791
1.312690
