1.814138
1.977588
1.978400
1.806289
1.711001
1.890193
1.983963
1.759555
1.940328
1.849295
1.780410
1.592185
1.922898
1.727440
1.540529
1.594124
1.989477
1.847642
1.502337
1.959891
1.908505
1.945209
1.955838
1.710300
1.834230
1.663444
1.940999
1.943386
1.793074
1.954105
1.971512
1.955269
1.744004
1.745462
1.755168
1.928716
1.952153
1.937984
1.858788
1.747714
1.825034
1.539008
1.956397
1.679858
1.673902
1.822826
1.606526
1.733365
1.455160
1.639896
1.740731
1.462768
1.647623
1.440254
1.515689
1.739121
1.893715
1.798699
1.996568
1.810237
1.750784
1.722326
1.506907
1.809084
1.774785
1.795556
1.932688
1.904176
1.643770
1.615006
1.608630
1.942705
1.334593
1.701292
1.820108
1.514634
1.512832
1.703347
1.628390
1.943582
1.865233
1.459263
1.935062
1.758705
1.321510
1.438319
1.851101
1.811050
1.757399
1.841709
1.685379
1.283086
1.277102
1.500690
