1.818816
1.838968
1.903783
1.550121
1.749732
1.963999
1.950869
1.945698
1.843924
1.741461
1.442521
1.971099
1.777519
1.967384
1.960816
1.837224
1.843973
1.802374
1.842229
1.798579
1.831087
1.771889
1.846650
1.858566
1.833348
1.714851
1.843990
1.846203
1.765941
1.950832
1.957257
1.508456
1.752060
1.670607
1.910079
1.818743
1.831381
1.697038
1.616259
1.776055
1.816537
1.758777
1.703646
1.631953
1.666276
1.934925
1.488066
1.710156
1.587280
1.979851
1.773972
1.485948
1.841287
1.922791
1.513009
1.973771
1.621780
1.595251
1.565318
1.763940
1.862069
1.698831
1.666276
1.634674
1.554964
1.680807
1.594942
1.749410
1.648475
1.336022
1.360344
1.572731
1.361274
1.364286
1.477395
1.958840
1.332926
1.521375
1.646649
1.803686
1.741381
1.522484
1.958800
1.533714
1.191468
