1.829848
1.905632
1.913592
1.836331
1.562782
1.989374
1.712229
1.477090
1.612684
1.937106
1.540950
1.673195
1.931339
1.961496
1.849387
1.868831
1.979735
1.636237
1.997706
1.651615
1.653642
1.400081
1.278287
1.722732
1.826460
1.882816
1.974688
1.651397
1.936797
1.868663
1.729521
1.784926
1.803198
1.916592
1.669352
1.938248
1.965806
1.993637
1.951035
1.790570
1.818237
1.333460
1.578593
1.517738
1.840572
1.392713
1.903886
1.938445
1.715819
1.835016
1.752598
1.886888
1.742981
1.877389
1.843945
1.796691
1.795053
1.508411
1.699133
1.747444
1.746244
1.705928
1.909703
1.895523
1.533132
1.728927
1.475111
1.910209
1.583708
1.755569
1.733636
1.414676
1.334987
1.574662
1.733263
1.716249
1.804608
1.320549
1.594842
1.961458
1.876633
1.647193
1.234383
