1.755807
1.879598
1.970766
1.926604
1.938757
1.979965
1.918004
1.885275
1.540479
1.766813
1.675524
1.937731
1.970739
1.862648
1.953520
1.909270
1.953446
1.990906
1.849548
1.822506
1.687144
1.791815
1.982915
1.846910
1.750523
1.976811
1.673316
1.883130
1.774542
1.722486
1.868086
1.927521
1.674323
1.779253
1.859086
1.942042
1.620879
1.709059
1.839714
1.825092
1.941135
1.984610
1.791904
1.991484
1.601158
1.961713
1.945860
1.747106
1.707765
1.830636
1.767573
1.677977
1.809665
1.995993
1.655987
1.531580
1.611830
1.885534
1.384065
1.900253
1.729653
1.457352
1.611505
1.824257
1.585924
1.799370
1.619085
1.732858
1.532944
1.816710
1.743749
1.913678
1.937517
1.499712
1.685150
1.483039
