1.888993
1.887249
1.778485
1.929181
1.971965
1.655408
1.984765
1.764064
1.420858
1.744335
1.726207
1.917427
1.800005
1.782100
1.866895
1.649062
1.404985
1.671658
1.776118
1.830519
1.827197
1.635657
1.974427
1.643971
1.933683
1.542017
1.510503
1.570747
1.925048
1.694958
1.629480
1.825004
1.772722
1.938162
1.525274
1.415063
1.776177
1.989340
1.757756
1.798781
1.464883
1.899315
1.642313
1.999635
1.905622
1.407511
1.702759
1.667789
1.741920
1.535957
1.902469
1.898154
1.660063
1.965274
1.672404
1.973061
1.991786
1.655748
1.644534
1.426652
1.390563
1.876548
1.581226
1.459859
1.756795
1.981558
