1.993663
1.838004
1.919148
1.818608
1.931297
1.825037
1.932845
1.880633
1.979214
1.624440
1.958325
1.710512
1.952114
1.735210
1.896753
1.747489
1.781966
1.605663
1.748780
1.455286
1.520739
1.832133
1.941230
1.837139
1.928606
1.989912
1.897033
1.813841
1.877942
1.516734
1.892622
1.524767
1.690291
1.874907
1.772204
1.898861
1.619949
1.834963
1.484404
1.753672
1.536859
1.984545
1.804327
1.638822
1.788533
1.865074
1.998427
1.834341
1.786945
1.944015
1.913617
1.925148
1.704062
1.694235
1.879454
1.792897
1.945354
1.653051
1.977503
1.756497
1.898992
1.869731
1.314245
1.755527
1.610418
1.312479
1.919832
1.329435
1.819693
1.489134
1.770196
1.640650
1.493119
1.700122
1.301895
1.871877
1.925584
1.580990
1.366585
1.966786
1.459308
1.736831
1.966974
1.991586
1.973522
1.560746
1.975161
1.780999
1.909906
1.631553
1.781097
1.452439
1.479009
1.865134
1.580167
1.485168
1.462980
1.635071
1.964400
1.773980
1.941510
