1.769355
1.780775
1.970714
1.730856
1.862028
1.898470
1.905727
1.992658
1.799130
1.807271
1.849660
1.974554
1.786899
1.605724
1.942496
1.561340
1.623535
1.742426
1.814626
1.727675
1.775068
1.941063
1.749675
1.697602
1.548429
1.430790
1.863616
1.956045
1.749150
1.952030
1.597236
1.955049
1.954643
1.546855
1.846771
1.677099
1.554715
1.426336
1.718328
1.622488
1.856268
1.911426
1.507404
1.966604
1.666002
1.467925
1.764267
1.997245
1.433311
1.979989
1.663585
1.631540
1.778621
1.491094
1.969622
1.510207
1.486908
1.987156
1.742484
1.410621
1.365402
1.694607
1.660847
1.137762
1.934296
