1.930275
1.997976
1.976424
1.534135
1.994671
1.811459
1.795872
1.822136
1.746306
1.773646
1.840988
1.902938
1.945239
1.830650
1.881019
1.945744
1.668541
1.622939
1.933296
1.938363
1.778336
1.773928
1.953907
1.731793
1.766677
1.990943
1.761916
1.817684
1.957126
1.858771
1.367441
1.957977
1.710493
1.513816
1.763246
1.823266
1.886035
1.730905
1.803119
1.910053
1.783564
1.992077
1.893907
1.937331
1.991179
1.840244
1.990902
1.519766
1.908860
1.696796
1.804300
1.937764
1.537209
1.716760
1.883833
1.946534
1.818037
1.945095
1.871263
1.793738
1.941414
1.727518
1.736026
1.792742
1.893340
1.773948
1.604658
1.493955
1.772951
1.736739
1.873138
1.716544
1.445159
1.513397
1.975519
1.617462
