1.854298
1.885940
1.672957
1.815614
1.968761
1.923300
1.963740
1.570054
1.615689
1.985827
1.884930
1.626756
1.926213
1.833695
1.756033
1.733785
1.955680
1.913438
1.812718
1.902024
1.748617
1.889595
1.813310
1.831062
1.823251
1.524597
1.817262
1.893466
1.761319
1.861369
1.904750
1.636082
1.370737
1.846726
1.636792
1.927321
1.552566
1.892403
1.922520
1.749787
1.590264
1.682884
1.753064
1.913453
1.698172
1.659420
1.712401
1.510854
1.951249
1.745329
1.893806
1.501860
1.834733
1.906039
1.519761
1.908530
1.798451
1.924921
1.705000
1.848783
1.649460
1.536510
1.740302
1.496681
1.811997
1.791160
1.418681
1.945731
1.250962
1.983702
1.639801
1.990571
1.988220
