1.860156
1.890371
1.987484
1.992079
1.993740
1.836562
1.530693
1.998657
1.667975
1.917429
1.900028
1.830886
1.422058
1.904823
1.971804
1.977760
1.816780
1.963161
1.738840
1.866042
1.854442
1.987022
1.880583
1.982841
1.960046
1.624647
1.814820
1.885299
1.990439
1.778982
1.943621
1.950634
1.968428
1.958341
1.905576
1.756749
1.842282
1.824861
1.969914
1.842038
1.792256
1.708704
1.654218
1.695918
1.860138
1.978624
1.990397
1.743354
1.725174
1.834835
1.987229
1.947999
1.642790
1.952014
1.757156
1.580760
1.815107
1.716269
1.870813
1.895892
1.850447
1.853660
1.678974
1.587645
1.968078
1.888641
1.987031
1.758974
1.462763
1.955299
1.891846
1.872122
1.544647
1.880729
1.913141
1.677278
1.843286
1.978145
1.583506
1.769737
1.650207
1.602779
1.878669
1.850542
1.460278
1.464350
1.998109
1.299427
