1.862819
1.785109
1.952052
1.983023
1.765390
1.970697
1.723970
1.953803
1.904779
1.693028
1.923943
1.539669
1.954128
1.986218
1.985684
1.865721
1.801780
1.750612
1.835161
1.907083
1.700026
1.712503
1.899794
1.503654
1.470890
1.555345
1.955338
1.650212
1.632809
1.601427
1.964444
1.524461
1.753290
1.404702
1.563860
1.695808
1.420601
1.965619
1.794180
1.761064
1.858489
1.814994
1.657142
1.985740
1.943476
1.709864
1.524753
1.845060
1.691026
1.921577
1.780245
1.905975
1.783272
1.775867
1.885725
1.739148
1.440989
1.774400
1.763680
1.625392
1.577712
1.670627
