1.827073
1.980682
1.958310
1.924459
1.915536
1.964648
1.780178
1.971050
1.774107
1.889524
1.899989
1.757212
1.929135
1.667291
1.826600
1.667644
1.773692
1.649511
1.956094
1.825591
1.832838
1.895763
1.515356
1.895055
1.826414
1.763676
1.930337
1.922275
1.960012
1.847879
1.914612
1.740118
1.624306
1.896304
1.722362
1.951553
1.819173
1.723787
1.659052
1.480190
1.719470
1.962853
1.743152
1.967583
1.725775
1.851724
1.931179
1.662476
1.757922
1.667484
1.632766
1.639471
1.538751
1.778056
1.921991
1.652757
1.384843
1.617975
1.289785
1.991353
1.701405
1.975935
1.985498
1.489731
1.583443
1.733607
1.956444
1.799316
1.967676
1.884218
1.956071
1.555862
1.789027
1.634436
1.507438
1.672883
1.928096
1.305788
1.793393
1.683803
1.622174
1.986801
1.328875
1.887176
1.610992
1.803896
1.492265
1.859918
1.201838
