1.912132
1.826308
1.926424
1.798347
1.906933
1.920952
1.992884
1.671510
1.947517
1.948103
1.908399
1.903109
1.914772
1.844339
1.923567
1.769452
1.581000
1.635597
1.750057
1.946519
1.808150
1.856375
1.743252
1.962559
1.919427
1.841165
1.802187
1.658125
1.440731
1.460594
1.560317
1.591023
1.975593
1.808037
1.661176
1.789549
1.904116
1.867257
1.766816
1.326192
1.865624
1.966139
1.327408
1.721382
1.783741
1.975623
1.986557
1.920448
1.787535
1.253891
1.963739
1.475835
1.589983
1.567329
1.723250
1.898662
1.544942
1.897180
1.245472
1.865068
1.706472
1.640594
1.904475
1.883653
1.967593
1.856249
1.703707
1.789617
1.628615
1.467057
1.865887
1.416515
1.452147
1.791206
1.670404
