1.755316
1.993299
1.897501
1.963468
1.911952
1.783145
1.827426
1.999220
1.593202
1.775786
1.792848
1.811284
1.992231
1.957809
1.854430
1.946012
1.962894
1.887415
1.989251
1.826934
1.894875
1.575010
1.922722
1.850411
1.799036
1.836269
1.861300
1.871810
1.864744
1.898565
1.809870
1.832704
1.914872
1.890492
1.949549
1.866714
1.900901
1.587338
1.391272
1.625222
1.894539
1.417031
1.816625
1.441326
1.711721
1.923194
1.848103
1.739222
1.569412
1.769093
1.976348
1.817491
1.882597
1.974019
1.872452
1.774879
1.575830
1.899907
1.372069
1.854084
1.963877
1.615953
1.951780
1.719131
1.275290
1.771662
1.836472
1.697944
1.921409
1.504085
1.788852
1.739795
1.680286
1.327029
1.637828
1.774854
1.792052
1.457416
1.974053
1.870223
1.397162
1.934447
1.853948
1.515464
1.736025
1.219231
1.673061
1.596213
