1.996238
1.923232
1.993219
1.551809
1.671107
1.931188
1.716847
1.615183
1.321240
1.430960
1.911561
1.997281
1.474852
1.927459
1.868135
1.584467
1.936136
1.978334
1.943214
1.824901
1.760216
1.684262
1.856520
1.990743
1.682904
1.910312
1.838358
1.696205
1.612044
1.841989
1.928988
1.825608
1.925674
1.794597
1.955017
1.638751
1.865803
1.763351
1.798269
1.505006
1.721351
1.895256
1.983311
1.762408
1.597628
1.378756
1.864142
1.824823
1.873816
1.493767
1.470127
1.948964
1.531120
1.447502
1.735736
1.837699
1.762558
1.826596
1.553419
1.832655
1.969990
1.698324
1.765312
1.351424
1.386981
1.651877
1.766611
1.591001
1.523007
1.719229
1.421938
1.400567
1.790604
1.657403
1.299330
