1.856881
1.917118
1.796904
1.941466
1.699223
1.603902
1.889072
1.990597
1.806508
1.542250
1.717920
1.835955
1.655129
1.958703
1.842329
1.825163
1.956385
1.852117
1.977734
1.791253
1.734693
1.685418
1.980862
1.774989
1.660050
1.714849
1.840952
1.841901
1.537020
1.753234
1.684872
1.444022
1.854582
1.778833
1.825230
1.619060
1.499189
1.999175
1.667885
1.796615
1.787438
1.784286
1.634680
1.664210
1.618941
1.614411
1.585496
1.956856
1.836353
1.670180
1.662531
1.816078
1.798170
1.867594
1.881357
1.734112
1.765843
1.602696
1.625603
1.807225
1.852312
1.722964
1.985104
1.894946
1.421747
1.931749
1.783083
1.861700
1.791089
1.293047
1.915838
1.464763
1.790778
