1.905411
1.805197
1.854629
1.937857
1.854735
1.766622
1.991585
1.581694
1.776538
1.520538
1.872061
1.885207
1.858812
1.773843
1.736420
1.921408
1.628514
1.708774
1.840191
1.929817
1.848219
1.998696
1.780742
1.950354
1.633893
1.810145
1.985473
1.980295
1.894509
1.605396
1.889315
1.759084
1.961376
1.713231
1.463292
1.987716
1.807776
1.889352
1.937908
1.885561
1.982200
1.749335
1.440602
1.582485
1.370434
1.668769
1.593463
1.978785
1.622376
1.915097
1.630226
1.698125
1.578005
1.409734
1.507105
1.641359
1.972014
1.959260
1.590636
1.486523
1.957979
1.673237
1.576728
1.563608
1.733234
