1.848521
1.994198
1.821200
1.934928
1.958738
1.908660
1.951173
1.826601
1.954826
1.822782
1.995769
1.534642
1.843042
1.675986
1.700786
1.851740
1.860781
1.753278
1.938999
1.971630
1.645048
1.727755
1.922264
1.812927
1.630153
1.974021
1.836989
1.666270
1.969020
1.604123
1.734206
1.885172
1.906469
1.982068
1.842875
1.631252
1.705274
1.691021
1.766625
1.553373
1.824198
1.489641
1.923488
1.910099
1.649586
1.637637
1.904536
1.500857
1.516538
1.842715
1.833082
1.774647
1.548331
1.550234
1.893933
1.979010
1.710132
1.689182
1.998460
1.914826
1.937556
1.545694
1.509122
1.143634
1.906775
1.991832
1.953261
1.867738
1.490297
1.667424
1.566761
1.903528
1.703102
1.804122
1.337455
