1.983299
1.921760
1.722098
1.921660
1.828384
1.923287
1.885146
1.728343
1.833588
1.736536
1.836748
1.976092
1.869493
1.967478
1.922158
1.915244
1.724937
1.911661
1.897313
1.800777
1.756389
1.695604
1.484055
1.527174
1.669953
1.970201
1.704149
1.642951
1.884843
1.832331
1.907803
1.670324
1.712719
1.736427
1.480085
1.983388
1.967785
1.587352
1.427883
1.529561
1.509315
1.615805
1.641953
1.987323
1.907500
1.680602
1.761439
1.745683
1.846630
1.781569
1.921086
1.639682
1.533008
1.991259
1.322296
1.702560
1.921883
1.723200
1.803848
1.684076
1.922949
1.514111
1.448161
1.831957
1.495886
1.672075
1.687168
1.443748
1.693085
1.969863
1.627037
1.273727
1.807216
1.829914
1.653490
1.863387
1.919606
1.998677
1.765657
1.356950
1.889247
1.601079
1.471873
