1.679683
1.750704
1.976130
1.584793
1.969050
1.923095
1.993264
1.669594
1.860357
1.993681
1.883708
1.757393
1.653764
1.921215
1.665003
1.715393
1.697061
1.963401
1.896303
1.928987
1.742485
1.737675
1.899576
1.792833
1.950178
1.863744
1.549814
1.962799
1.903193
1.898062
1.965653
1.904846
1.878225
1.694974
1.591211
1.492017
1.990542
1.937240
1.919120
1.865928
1.764479
1.694013
1.910698
1.902062
1.723364
1.626425
1.886993
1.468200
1.729566
1.951895
1.917107
1.797977
1.921908
1.813795
1.940136
1.991662
1.480056
1.687880
1.605224
1.733996
1.625533
1.632305
1.718275
1.541559
1.989005
1.992250
1.687105
1.812568
1.788057
1.415402
1.964907
1.916042
1.882924
1.767046
1.393758
1.376269
1.527825
1.870212
1.538116
1.539957
1.945566
1.949713
1.771573
1.722043
1.742164
1.887279
1.620575
1.657305
