1.912760
1.910619
1.903748
1.949554
1.698210
1.609296
1.891500
1.881602
1.877823
1.871319
1.645447
1.840647
1.829020
1.911634
1.844221
1.927445
1.807910
1.847503
1.971850
1.632327
1.949785
1.713547
1.521246
1.524764
1.880000
1.669018
1.913077
1.989648
1.757648
1.787482
1.950560
1.773085
1.519800
1.678694
1.875056
1.962867
1.772950
1.593617
1.783337
1.558797
1.526081
1.916196
1.966967
1.792746
1.943701
1.668850
1.937157
1.804665
1.870630
1.458373
1.781771
1.442896
1.710874
1.904615
1.836354
1.639160
1.731226
1.624252
1.993746
1.826719
1.790056
1.730483
1.902732
1.687493
1.921080
1.717898
1.928404
1.711719
1.926369
1.742202
1.708396
1.813226
1.801708
1.467657
1.930921
1.292003
