1.981291
1.994197
1.646832
1.733780
1.901762
1.886000
1.827215
1.964759
1.994215
1.878259
1.800593
1.968151
1.807934
1.990189
1.999146
1.918943
1.912421
1.940234
1.823498
1.976956
1.771852
1.533525
1.873550
1.828145
1.491037
1.900337
1.681263
1.913901
1.599091
1.976745
1.964423
1.846283
1.794582
1.914428
1.761224
1.999642
1.963754
1.502352
1.856603
1.621103
1.724393
1.967458
1.897512
1.914713
1.997513
1.841620
1.598544
1.671721
1.668786
1.728228
1.551540
1.839253
1.727073
1.806187
1.515270
1.948431
1.602864
1.828529
1.898617
1.659030
1.721953
1.747345
1.506755
1.631248
1.968565
1.890345
1.774611
1.677154
1.722054
1.787513
1.364383
1.931215
1.594187
1.450941
1.772692
1.532686
1.782623
1.395764
1.749143
1.606188
1.679992
1.914137
1.930533
