1.754022
1.887212
1.951365
1.841555
1.738276
1.876094
1.944675
1.911885
1.884756
1.994212
1.873722
1.967538
1.589186
1.719298
1.644203
1.651538
1.882989
1.486503
1.946496
1.890192
1.743154
1.931154
1.534817
1.739560
1.892564
1.871839
1.864080
1.696381
1.736100
1.964244
1.863418
1.524002
1.948350
1.577322
1.616453
1.818309
1.599039
1.906410
1.758408
1.878027
1.910625
1.738273
1.512470
1.843353
1.609339
1.547906
1.384360
1.820340
1.667947
1.681571
1.840204
1.960591
1.894803
1.573955
1.953481
1.851348
1.953363
1.783781
1.684971
1.647917
1.737383
1.856324
1.664486
1.844915
1.666839
1.816080
1.809788
1.354473
1.980411
1.776644
1.956156
1.739146
1.870732
1.606889
1.544466
1.841237
1.566142
1.516839
1.816154
