1.479455
1.962692
1.902179
1.847908
1.981279
1.700538
1.826893
1.968680
1.886912
1.943649
1.936828
1.869512
1.589934
1.970511
1.693045
1.972294
1.875256
1.942953
1.859565
1.816474
1.657338
1.923266
1.966153
1.746957
1.594180
1.493786
1.522819
1.868161
1.894809
1.834616
1.922017
1.815651
1.492234
1.767772
1.793737
1.654618
1.598102
1.998923
1.986894
1.952748
1.977744
1.719836
1.551685
1.663482
1.660249
1.848956
1.965917
1.952753
1.889730
1.985048
1.762569
1.825729
1.713763
1.821802
1.752737
1.575102
1.764343
1.679331
1.312352
1.989415
1.877401
1.775342
1.450710
1.357557
1.719658
1.648520
1.857531
1.679947
1.783697
1.953497
1.328532
1.710094
1.418654
1.624605
