1.965772
1.939612
1.857540
1.885244
1.671684
1.617530
1.679449
1.952075
1.846993
1.909469
1.826288
1.969561
1.963296
1.981145
1.934601
1.791294
1.581257
1.901043
1.944870
1.764239
1.996918
1.959214
1.831098
1.912978
1.930540
1.833394
1.621912
1.863177
1.776382
1.881185
1.842234
1.896406
1.985486
1.729428
1.980002
1.925229
1.536088
1.774699
1.553322
1.941643
1.986117
1.990479
1.835381
1.730017
1.930177
1.935263
1.845742
1.821634
1.657237
1.743321
1.831155
1.832149
1.652852
1.567333
1.797756
1.690580
1.971737
1.473788
1.685718
1.994009
1.877142
1.819340
1.512447
1.965980
1.821820
1.379565
1.806590
1.779740
1.790561
1.830433
1.642840
1.862689
1.741846
1.859820
1.451246
1.950847
1.977084
1.608545
1.582271
1.775356
1.551093
1.501868
1.552781
1.921072
1.860358
1.742549
