1.767913
1.915344
1.787617
1.998706
1.995692
1.809215
1.690378
1.990602
1.863206
1.810043
1.977502
1.698893
1.573525
1.978785
1.507586
1.887772
1.941214
1.874042
1.768101
1.781765
1.709920
1.983840
1.986608
1.602186
1.694615
1.743960
1.691087
1.760935
1.763164
1.594398
1.995966
1.457036
1.633798
1.966500
1.826238
1.801889
1.500071
1.612650
1.736339
1.843993
1.604088
1.758531
1.495808
1.708432
1.599549
1.498138
1.551194
1.445030
1.723745
1.731811
1.465531
1.965709
1.650960
1.698099
1.992774
1.937971
1.534795
1.917488
1.357287
1.726888
1.804178
1.921308
1.389685
1.607225
1.636397
