1.828970
1.960180
1.910380
1.968779
1.440116
1.881313
1.775503
1.885429
1.513562
1.884537
1.828333
1.670748
1.760879
1.631592
1.752699
1.914823
1.897388
1.973181
1.963854
1.872262
1.974251
1.993866
1.692061
1.942504
1.894059
1.973857
1.691090
1.845840
1.931003
1.778832
1.598135
1.627498
1.480462
1.808276
1.771428
1.785375
1.789431
1.840360
1.910909
1.856012
1.686103
1.651893
1.795224
1.644421
1.584197
1.605657
1.996742
1.459907
1.547147
1.541590
1.990956
1.539616
1.868257
1.454513
1.728027
1.939713
