1.898526
1.835465
1.853866
1.658004
1.684771
1.846650
1.798022
1.999529
1.777248
1.898205
1.670568
1.821280
1.911274
1.629664
1.765352
1.763439
1.657494
1.848964
1.750463
1.670535
1.694303
1.739404
1.630125
1.847832
1.670499
1.630088
1.530820
1.813992
1.965069
1.632061
1.827459
1.906329
1.806902
1.909426
1.941526
1.890815
1.965008
1.840730
1.401208
1.596383
1.834280
1.605034
1.303953
1.549441
1.939860
1.939916
1.755866
1.908845
1.723399
1.882549
1.381477
1.889174
1.815332
1.781503
1.893968
1.697131
1.892927
1.456851
1.929365
1.666263
1.829619
1.314949
1.335574
1.583577
1.663506
1.989796
1.884859
1.828992
1.910565
1.978616
1.924674
1.835077
1.941464
1.842285
