1.753712
1.700057
1.798257
1.999045
1.770308
1.849591
1.934330
1.846326
1.855102
1.735454
1.833210
1.875749
1.769204
1.921977
1.978570
1.859131
1.837405
1.912490
1.884663
1.928908
1.860013
1.872913
1.952371
1.837381
1.904042
1.889601
1.985415
1.708829
1.475575
1.987690
1.762008
1.986859
1.903208
1.935246
1.988171
1.387498
1.413219
1.621557
1.735957
1.921501
1.654871
1.709555
1.928079
1.876083
1.637586
1.828830
1.826709
1.683610
1.847765
1.920815
1.906486
1.891098
1.974992
1.788638
1.650938
1.999483
1.649273
1.715180
1.739773
1.883422
1.589952
1.957404
1.593439
1.646618
1.930762
1.939896
1.912660
1.654940
1.634264
1.926198
1.623197
1.769796
1.581189
1.741860
1.607066
1.765446
1.588127
1.638335
1.887871
1.705493
1.776896
1.361608
1.505212
1.656796
1.720382
1.770450
1.304709
1.710281
1.389034
1.698330
1.796841
1.400052
1.860485
1.563729
1.661074
1.830786
1.601139
1.761056
1.555352
1.618957
1.606313
1.979805
1.940642
