1.961521
1.946678
1.724536
1.994062
1.935360
1.739623
1.995523
1.477230
1.677243
1.721054
1.666661
1.565154
1.924939
1.973804
1.639291
1.908321
1.781413
1.594748
1.952560
1.461016
1.682760
1.771286
1.988630
1.735025
1.838160
1.948074
1.615619
1.747385
1.836707
1.985572
1.369064
1.824644
1.936837
1.668803
1.919980
1.848079
1.646717
1.997119
1.945377
1.963232
1.928092
1.939843
1.871619
1.765859
1.907977
1.624136
1.457160
1.774199
1.836870
1.839984
1.530628
1.606262
1.695926
1.850109
1.400837
1.558590
1.938580
1.814867
1.867776
1.416135
1.886193
1.962895
1.886028
1.756485
1.730074
1.402266
1.398501
1.538984
1.530837
1.926684
