1.986490
1.917448
1.973032
1.969241
1.826806
1.953883
1.670112
1.659589
1.625907
1.745368
1.900220
1.598203
1.734552
1.955752
1.991914
1.850529
1.847134
1.666267
1.686202
1.637622
1.971355
1.822744
1.804203
1.963819
1.983658
1.916583
1.931840
1.455890
1.817274
1.792152
1.879945
1.725815
1.897285
1.454216
1.789593
1.847927
1.813439
1.772121
1.810884
1.719271
1.973665
1.719755
1.496260
1.957183
1.529138
1.896564
1.496346
1.925407
1.408683
1.675518
1.301306
1.886219
1.725620
1.538392
1.875535
1.603540
1.930301
1.783853
1.531158
1.774008
1.688956
1.909088
1.798721
1.807909
1.723055
1.938715
1.943504
1.770309
1.675936
1.975022
1.972228
1.772322
1.345594
1.685570
1.510960
1.779010
1.351789
1.727023
1.922805
1.717817
1.459657
1.388919
1.855657
1.559116
