1.893065
1.912773
1.875263
1.948153
1.910800
1.834039
1.872476
1.981450
1.849900
1.938554
1.667826
1.641618
1.975345
1.960390
1.891798
1.903345
1.852894
1.955918
1.986019
1.786392
1.806712
1.951684
1.986822
1.630391
1.906265
1.805446
1.647205
1.604917
1.930558
1.681703
1.878648
1.887605
1.687034
1.863385
1.783736
1.700087
1.829486
1.894530
1.991375
1.792770
1.424928
1.744339
1.964175
1.984313
1.787218
1.454168
1.810083
1.960356
1.910949
1.430524
1.714648
1.829386
1.552258
1.664938
1.635139
1.252508
1.576942
1.807879
1.324191
1.961372
1.875154
1.870883
1.896988
1.319226
1.540602
1.446650
1.706930
1.941549
1.674018
1.511098
1.381119
1.997525
1.658807
1.861520
