1.914196
1.963427
1.996328
1.932812
1.667753
1.944796
1.961817
1.927081
1.928242
1.998501
1.809412
1.956220
1.913988
1.524148
1.905858
1.820231
1.805838
1.524612
1.870178
1.774009
1.761670
1.979963
1.731911
1.877799
1.502351
1.856214
1.791252
1.664321
1.717029
1.625314
1.859984
1.965639
1.881355
1.732457
1.740314
1.968265
1.910798
1.817551
1.612471
1.695019
1.672439
1.871073
1.865706
1.867308
1.615821
1.674500
1.532911
1.975112
1.856761
1.976303
1.694192
1.549466
1.663670
1.600574
1.376869
1.634815
1.680433
1.383204
1.916558
1.658398
1.354065
1.947321
1.857554
1.605210
1.605881
1.731800
1.406106
1.938296
1.677762
1.609217
1.492814
1.967273
1.970728
1.929354
1.982891
1.581656
1.808433
1.760166
1.326154
1.925161
1.879569
1.998965
1.631935
1.845829
