1.745228
1.960041
1.987104
1.929542
1.880900
1.904775
1.922285
1.686341
1.958452
1.800773
1.876427
1.812613
1.490406
1.770741
1.950357
1.911609
1.619697
1.830296
1.890252
1.635437
1.784413
1.802618
1.857284
1.840927
1.805189
1.595307
1.668142
1.853931
1.829351
1.691865
1.705308
1.977541
1.687940
1.938671
1.543231
1.722892
1.999800
1.983584
1.999879
1.797504
1.756605
1.953655
1.857690
1.902272
1.491457
1.958753
1.898962
1.903307
1.743359
1.945984
1.887915
1.886558
1.282929
1.810923
1.664668
1.340912
1.643921
1.846144
1.684874
1.914946
1.856110
1.918501
1.887101
1.526297
1.831004
1.534537
1.661830
1.592574
1.569230
1.688803
1.484856
1.519419
1.867996
1.751011
1.894079
1.429287
1.914838
1.238936
1.639960
