1.922536
1.980961
1.892098
1.912622
1.927048
1.945123
1.741971
1.860660
1.576467
1.945889
1.943907
1.735353
1.928586
1.967039
1.814900
1.959135
1.931610
1.639526
1.918440
1.901308
1.806308
1.982130
1.922548
1.929649
1.850756
1.875238
1.937375
1.618319
1.905593
1.650740
1.943388
1.861414
1.817809
1.809795
1.662041
1.711066
1.646616
1.801276
1.987171
1.779695
1.939890
1.675574
1.909626
1.836410
1.810676
1.791503
1.431589
1.803744
1.518277
1.941863
1.662921
1.619849
1.294246
1.536207
1.948587
1.959570
1.902414
1.439720
1.813319
1.682715
1.699181
1.946820
1.519042
1.860363
1.657804
1.924127
1.803855
1.867263
1.907142
1.831319
1.831472
1.790889
1.533809
1.643985
1.644452
1.736266
1.473723
1.667821
1.634668
1.672281
1.401272
1.249204
1.870400
1.441325
1.884132
1.694094
1.492951
1.485296
1.686070
1.231211
