1.969862
1.962759
1.599939
1.877833
1.677671
1.751880
1.892339
1.953269
1.845906
1.698485
1.899432
1.892485
1.891999
1.809027
1.938686
1.798871
1.827883
1.810386
1.816210
1.910819
1.769360
1.937897
1.715152
1.748195
1.931604
1.995386
1.865813
1.997548
1.805421
1.276178
1.898692
1.501735
1.862199
1.735623
1.844021
1.870176
1.505941
1.791499
1.794197
1.901286
1.745846
1.731830
1.845971
1.847694
1.672068
1.860401
1.524261
1.857286
1.589469
1.746298
1.751727
1.806897
1.743423
1.977657
1.834187
1.829312
1.549756
1.905300
1.951020
1.674347
1.625314
1.665669
1.975063
1.603841
1.748208
1.513307
1.737345
1.306170
1.514768
