1.982692
1.943988
1.868471
1.733173
1.964526
1.996489
1.937410
1.977972
1.873987
1.601269
1.585244
1.929575
1.884486
1.555235
1.911762
1.805468
1.753902
1.559267
1.983769
1.636933
1.795819
1.516075
1.902599
1.898076
1.871779
1.922051
1.819260
1.839978
1.908043
1.942158
1.590995
1.904432
1.722828
1.765934
1.869487
1.753812
1.684082
1.858521
1.677346
1.991547
1.698243
1.468082
1.971094
1.580657
1.383424
1.950447
1.976182
1.677846
1.994465
1.799242
1.733662
1.819554
1.837199
1.522630
1.839910
1.647862
1.780538
1.935105
1.743101
1.651777
1.883962
1.785065
1.614072
1.542177
1.826394
1.384228
1.323003
1.712421
1.506836
1.736259
1.362325
1.757242
