1.656548
1.830092
1.761821
1.924643
1.857648
1.745259
1.898927
1.875591
1.535719
1.901095
1.394011
1.681327
1.764767
1.963321
1.790860
1.902055
1.794520
1.884658
1.915920
1.835493
1.862524
1.627995
1.799393
1.962286
1.585510
1.733226
1.616336
1.724258
1.903016
1.606687
1.868423
1.636227
1.848663
1.551606
1.724610
1.972046
1.867254
1.561448
1.846664
1.721794
1.738286
1.694064
1.867468
1.872904
1.463781
1.635380
1.776602
1.909363
1.463956
1.962164
1.855700
1.991130
1.980535
1.903818
1.937788
1.739253
1.693666
1.638338
1.591006
1.625400
1.972316
1.852029
1.587385
1.535466
1.796203
1.391510
1.712391
1.642194
1.645999
1.812979
1.857983
1.329015
1.881852
1.768879
1.889860
1.470613
1.583697
1.746436
1.672176
1.680448
1.668127
1.715523
1.766136
1.445525
1.562695
1.550029
1.778591
1.694652
1.379400
