1.991936
1.831768
1.942460
1.839517
1.970236
1.916115
1.976473
1.916475
1.676647
1.857692
1.646629
1.681994
1.988395
1.879890
1.734103
1.774008
1.929381
1.960718
1.994512
1.669063
1.898415
1.978304
1.872939
1.603553
1.831283
1.897709
1.882228
1.654790
1.963548
1.867052
1.998887
1.598329
1.883115
1.726462
1.645425
1.766211
1.858779
1.783458
1.868358
1.538245
1.764848
1.585908
1.594179
1.526077
1.509332
1.913229
1.946778
1.469291
1.674012
1.987385
1.687600
1.869164
1.830318
1.964638
1.808492
1.930206
1.436685
1.756797
1.832364
1.521550
1.626006
1.430781
1.788477
1.394077
1.852261
1.774564
1.915831
1.757156
1.463826
1.902354
1.474181
1.508317
1.926880
1.809654
1.647549
1.348336
1.830114
1.542353
1.786885
