1.888865
1.934866
1.938821
1.889054
1.897898
1.860327
1.985591
1.904392
1.891711
1.993449
1.847729
1.788607
1.906316
1.631203
1.930642
1.779984
1.822723
1.536096
1.911239
1.570974
1.741233
1.999800
1.894346
1.733428
1.559856
1.890958
1.843130
1.945731
1.836343
1.788937
1.977484
1.771737
1.640262
1.858566
1.846114
1.771215
1.438258
1.691530
1.719114
1.917904
1.769545
1.685773
1.804955
1.719028
1.851042
1.945239
1.605709
1.671945
1.905815
1.912363
1.906118
1.859328
1.945019
1.993513
1.764957
1.885303
1.978813
1.837966
1.774539
1.738840
1.626994
1.426437
1.788076
1.511732
1.804326
1.808608
1.839634
1.968959
1.841841
1.620478
1.883546
1.934290
1.569228
1.715964
1.802211
1.752247
1.768296
1.508320
1.625007
1.508387
1.870488
1.505705
1.772772
1.842568
1.996322
1.597482
1.866903
1.839455
1.422963
1.830617
1.863058
1.324256
1.820245
1.683278
1.750247
1.689548
1.812482
1.414775
1.498803
1.808007
