1.923659
1.955385
1.844401
1.966106
1.822082
1.758736
1.980964
1.826065
1.864234
1.952591
1.609492
1.972497
1.993909
1.975703
1.867134
1.696811
1.902386
1.913333
1.405188
1.900021
1.932461
1.722164
1.537758
1.823226
1.566766
1.919658
1.779111
1.796007
1.902379
1.896700
1.689007
1.552420
1.527408
1.851676
1.990926
1.667053
1.849992
1.487719
1.815917
1.977972
1.607316
1.990215
1.691587
1.806676
1.511199
1.540893
1.852713
1.939058
1.787111
1.544829
1.595969
1.980357
1.737360
1.674841
1.794049
1.725770
1.900288
1.470107
1.624573
1.832044
1.772236
1.650201
1.541576
1.675027
1.982408
1.493836
1.814994
1.759095
1.976179
1.968860
1.880739
1.845705
1.927910
1.654933
1.675832
1.870336
1.484385
1.618531
1.194838
1.730668
1.642096
1.870029
1.703822
1.597955
1.546700
1.842389
1.561279
