1.961627
1.844730
1.849721
1.986294
1.945163
1.975297
1.813895
1.975822
1.966579
1.968936
1.748763
1.995631
1.756962
1.903865
1.577723
1.632405
1.506116
1.680256
1.695485
1.872469
1.726236
1.991452
1.839303
1.566766
1.771658
1.999869
1.470946
1.689234
1.775263
1.616364
1.692888
1.592507
1.583515
1.922241
1.766042
1.628057
1.534497
1.745433
1.839364
1.505495
1.376265
1.690071
1.471269
1.527469
1.864975
1.377819
1.580789
1.801021
1.948692
1.294983
1.622260
1.836769
1.560245
1.659441
1.668073
1.576659
1.649287
1.875422
1.729245
1.981932
1.789976
1.946838
1.948194
1.328099
1.931382
1.366231
1.889984
1.854261
1.473203
1.716898
1.712174
1.562368
1.847367
1.266117
1.372638
1.913495
1.976824
1.710350
1.856202
