1.747042
1.849195
1.949330
1.783826
1.793018
1.783487
1.880386
1.935358
1.972505
1.807251
1.828732
1.932527
1.790912
1.957198
1.658476
1.941015
1.941821
1.801216
1.648705
1.870476
1.841090
1.631970
1.907247
1.962571
1.898114
1.786147
1.730940
1.280655
1.768694
1.862019
1.769471
1.829472
1.912973
1.975537
1.697236
1.684016
1.916622
1.661186
1.561578
1.589589
1.680814
1.816430
1.660861
1.464401
1.889372
1.841315
1.623516
1.557885
1.610110
1.800477
1.920321
1.830748
1.919735
1.761128
1.615177
1.850210
1.936324
1.762665
1.981833
1.891670
1.422394
1.440370
1.893321
1.481266
1.538748
1.845621
1.907146
1.869854
1.865609
1.958873
1.827800
1.966197
1.524961
1.613628
1.783093
1.408134
1.685017
1.274339
1.467942
1.790150
1.718527
1.315873
1.874607
