1.670212
1.986423
1.916568
1.835089
1.711225
1.901422
1.912681
1.889926
1.955275
1.968676
1.768422
1.884359
1.872288
1.874231
1.733373
1.779462
1.793878
1.958631
1.867473
1.605153
1.855165
1.970288
1.820950
1.916781
1.858846
1.628944
1.848634
1.952273
1.739276
1.836052
1.660516
1.802542
1.950463
1.963529
1.744798
1.866283
1.982185
1.817096
1.519527
1.627431
1.622942
1.748610
1.694291
1.800261
1.533784
1.810187
1.496120
1.902794
1.946285
1.952515
1.673812
1.693594
1.536690
1.788534
1.601912
1.930223
1.944927
1.884849
1.775245
1.808463
1.877855
1.539220
1.590566
1.533754
1.504700
1.809964
1.645670
1.929666
1.529456
1.635301
1.565179
1.929980
1.656011
1.962324
1.802217
1.541245
1.646607
1.362866
1.895355
1.941275
1.941229
1.612268
1.989680
1.999634
1.572882
1.868604
1.863488
1.650486
1.771107
1.967617
1.829506
1.832758
1.448144
1.725329
1.727584
1.907170
1.971449
1.932851
1.874917
1.637759
1.445570
1.804725
1.845876
1.873935
1.700262
1.550591
1.986371
1.987891
1.619462
1.501226
1.485079
1.568990
1.914562
1.993684
1.712564
1.590025
