1.983777
1.936880
1.934010
1.943223
1.935959
1.865384
1.760573
1.913258
1.942181
1.849682
1.620577
1.856533
1.966755
1.972344
1.934128
1.965492
1.984386
1.901621
1.655035
1.652713
1.863282
1.989429
1.981902
1.810368
1.591036
1.897367
1.964022
1.970622
1.855004
1.965786
1.856467
1.588184
1.925243
1.762126
1.831251
1.768068
1.892770
1.817691
1.914970
1.512339
1.551575
1.977072
1.855277
1.873195
1.987620
1.943705
1.663436
1.781067
1.186215
1.568498
1.774099
1.914814
1.773576
1.584861
1.374046
1.541851
1.653158
1.422204
1.917990
1.781368
1.851352
1.712485
1.845952
1.959656
1.871605
1.838573
1.623665
1.655636
1.983589
1.964079
1.454131
1.940868
1.265440
1.860383
1.594800
1.949806
1.841977
1.427200
1.510412
1.333469
1.457909
1.971771
1.963262
1.906161
1.452228
1.903819
1.598625
1.269550
1.895932
1.096426
1.847929
1.430661
1.580788
