0.199769
0.199769
0.199769
0.199769
0.199769
0.199769
0.199769
0.199769
0.199769
0.199769
0.199769
0.199769
0.199769
0.199769
0.199769
0.199769
0.199769
0.199769
0.199769
0.199769
0.199769
0.199769
0.199769
0.199769
0.199769
0.199769
0.199769
0.199769
0.199769
0.199769
0.199769
0.199769
0.199769
0.199769
0.199769
0.199769
0.199769
0.199769
0.199769
0.199769
0.199769
0.199769
0.199769
0.199769
0.199769
0.199769
0.199769
0.199769
0.199769
0.199769
0.199769
0.199769
0.199769
0.199769
0.199769
0.199769
0.199769
0.199769
0.199769
0.199769
0.199769
0.199769
0.199769
0.199769
0.199769
0.199769
0.199769
0.199769
0.199769
0.199769
0.199769
0.199769
0.199769
0.199769
0.199769
0.199769
0.199769
0.199769
0.199769
0.199769
0.199769
0.199769
0.199769
0.199769
0.199769
0.199769
0.199769
0.199769
0.199769
0.199769
0.199769
0.199769
0.199769
0.199769
0.199769
0.199769
0.199769
0.199769
0.199769
0.199769
0.201829
0.203960
0.202699
0.194978
0.200689
0.200688
0.205454
0.201915
0.200987
0.201893
0.201959
0.202591
0.206995
0.200640
0.206926
0.199541
0.202699
0.201989
0.206184
0.200712
0.206055
0.206163
0.200872
0.203572
0.203498
0.207369
0.200455
0.212543
0.210854
0.204523
0.219836
0.212000
0.207495
0.205667
0.209961
0.204785
0.207977
0.213434
0.199081
0.205104
0.201416
0.199682
0.200289
0.212018
0.206731
0.209219
0.210895
0.215583
0.205543
0.207029
0.210230
0.211020
0.210637
0.199667
0.196402
0.199028
0.211272
0.210224
0.207559
0.211018
0.204345
0.205349
0.205742
0.207098
0.208216
0.210610
0.214689
0.207842
0.198030
0.206229
0.208637
0.216918
0.206581
0.215154
0.207375
0.207350
0.205074
0.205048
0.209800
0.208859
0.207936
0.208146
0.213509
0.209667
0.207040
0.215358
0.204209
0.214648
0.210499
0.203013
0.206263
0.204647
0.210022
0.209183
0.210218
0.209004
0.212988
0.207056
0.207576
0.206339
0.215588
0.204819
0.214715
0.209068
0.210741
0.212013
0.210257
0.212131
0.208733
0.212065
0.211682
0.209598
0.207227
0.214282
0.207723
0.206077
0.204376
0.212024
0.217654
0.212055
0.217016
0.219405
0.209687
0.217460
0.217565
0.213089
0.204900
0.215573
0.212976
0.211593
0.212677
0.198081
0.208213
0.219425
0.208473
0.210799
0.214211
0.214624
0.214946
0.218422
0.211853
0.211453
0.214341
0.215667
0.213829
0.208717
0.223982
0.211387
0.204956
0.221718
0.212868
0.208461
0.204290
0.223826
0.212017
0.211388
0.209764
0.219863
0.207431
0.226022
0.214572
0.218782
0.212739
0.212363
0.211075
0.209386
0.216684
0.219207
0.210538
0.213196
0.213565
0.221096
0.215023
0.211330
0.215556
0.215797
0.216505
0.216691
0.217616
0.216077
0.214843
0.210777
0.218131
0.212410
0.217129
0.226218
0.214144
0.215622
0.220975
0.207995
0.216894
0.215127
0.212538
0.222120
0.217006
0.210299
0.220495
0.213812
0.214711
0.213379
0.213249
0.219951
0.218165
0.216043
0.210517
0.217642
0.217947
0.222914
0.212312
0.219409
0.214671
0.217687
0.221113
0.218567
0.213333
0.211561
0.213808
0.214604
0.222121
0.210130
0.216592
0.217660
0.220705
0.215429
0.211892
0.216449
0.224522
0.214920
0.216119
0.218738
0.225654
0.207500
0.214236
0.218141
0.213177
0.218595
0.224864
0.215279
0.215640
0.215705
0.218029
0.216540
0.214679
0.221659
0.222771
0.217393
0.213225
0.214356
0.216276
0.225187
0.215994
0.223349
0.214072
0.221840
0.219997
0.218352
0.217053
0.218841
0.214839
0.219382
0.216740
0.215611
0.204132
0.213388
0.222726
0.217564
0.219103
0.212214
0.213602
0.217097
0.218574
0.217260
0.215949
0.223521
0.217215
0.215008
0.222145
0.216092
0.208638
0.222011
0.218232
0.220191
0.216969
0.224044
0.218966
0.225412
0.225747
0.218950
0.210783
0.217911
0.219817
0.218688
0.220942
0.228821
0.218440
0.221274
0.218514
0.217962
0.213950
0.213538
0.226924
0.224673
0.211380
0.217561
0.212302
0.221004
0.220324
0.220118
0.220408
0.225881
0.219861
0.221221
0.212265
0.212107
0.216725
0.217837
0.221763
0.215204
0.217638
0.224284
0.219868
0.221919
0.228014
0.225796
0.221388
0.219921
0.213100
0.220466
0.218567
0.215068
0.217831
0.220158
0.222749
0.222594
0.226700
0.214901
0.222321
0.222133
0.225254
0.228221
0.216870
0.219551
0.218258
0.217686
0.217583
0.224425
0.217607
0.215844
0.225423
0.221041
0.227359
0.215818
0.224644
0.216284
0.222891
0.211215
0.221386
0.223851
0.216629
0.220825
0.222093
0.221597
0.216292
0.225194
0.217283
0.218097
0.217423
0.214807
0.220505
0.229686
0.220507
0.214755
0.228885
0.221611
0.214915
0.223814
0.216239
0.225939
0.222292
0.220851
0.214848
0.220245
0.220576
0.220022
0.216657
0.219584
0.227902
0.219965
0.228893
0.217210
0.226582
0.223923
0.212628
0.214771
0.223887
0.227043
0.222515
0.218179
0.225985
0.228029
0.221756
0.220769
0.228084
0.217978
0.226393
0.227482
0.223463
0.222487
0.222036
0.222675
0.223028
0.225998
0.221062
0.228327
0.224245
0.220556
0.223456
0.223369
0.218405
0.222590
0.223394
0.234724
0.226556
0.224960
0.226323
0.223175
0.224268
0.220084
0.223912
0.229245
0.226404
0.223102
0.224011
0.224078
0.223044
0.235765
0.223016
0.220770
0.236119
0.222540
0.213001
0.225809
0.223866
0.225913
0.230802
0.225386
0.229506
0.220319
0.219798
0.223468
0.224562
0.222092
0.227240
0.228487
0.219177
0.227966
0.222959
0.224281
0.225268
0.226058
0.225681
0.230889
0.219007
0.235477
0.223964
0.227091
0.223071
0.236595
0.219416
0.224719
0.213814
0.230123
0.225529
0.228104
0.220361
0.236330
0.220686
0.228033
0.234553
0.215129
0.227113
0.227444
0.232386
0.231282
0.222579
0.222545
0.227667
0.224750
0.229559
0.222982
0.221334
0.224124
0.227620
0.226219
0.222789
0.230957
0.221529
0.230992
0.223937
0.233911
0.223546
0.227241
0.223116
0.228880
0.216819
0.224832
0.215148
0.225788
0.232344
0.233548
0.230887
0.234226
0.224385
0.231129
0.218474
0.229601
0.231651
0.222108
0.229074
0.228711
0.233549
0.229291
0.225516
0.222550
0.221473
0.229378
0.219301
0.228497
0.227100
0.224289
0.225108
0.229364
0.231936
0.231096
0.228557
0.229105
0.230051
0.229494
0.221627
0.224491
0.226968
0.232209
0.224137
0.225195
0.223163
0.230392
0.227148
0.233444
0.231296
0.225951
0.238418
0.229343
0.226538
0.239295
0.226065
0.233178
0.230084
0.232189
0.232455
0.219990
0.227723
0.231340
0.232186
0.226590
0.227557
0.236454
0.228630
0.228442
0.235344
0.226099
0.227257
0.234374
0.232083
0.229291
0.224493
0.218005
0.231551
0.223442
0.228914
0.224924
0.236847
0.226049
0.226642
0.229423
0.238252
0.221056
0.225968
0.234096
0.227375
0.240933
0.226537
0.224216
0.222104
0.225482
0.230323
0.229632
0.228984
0.230922
0.229460
0.238118
0.226564
0.228150
0.228335
0.228236
0.243826
0.230088
0.225451
0.238733
0.230956
0.233909
0.230706
0.227349
0.231488
0.235070
0.224316
0.228368
0.224597
0.232792
0.225689
0.230653
0.238800
0.234847
0.234322
0.235698
0.228747
0.232782
0.233796
0.230645
0.225991
0.234626
0.225020
0.237465
0.225227
0.235852
0.231880
0.234208
0.233687
0.235574
0.231106
0.230384
0.234832
0.228941
0.235079
0.231669
0.230247
0.241894
0.240766
0.223180
0.229348
0.229047
0.236552
0.225846
0.231831
0.237018
0.227717
0.232417
0.236108
0.233536
0.238430
0.223580
0.233026
0.237214
0.227545
0.241033
0.237855
0.235317
0.235881
0.222917
0.242388
0.229328
0.221269
0.239563
0.231886
0.242700
0.231642
0.239291
0.225884
0.237048
0.223993
0.231712
0.230044
0.234173
0.229503
0.240782
0.231330
0.237223
0.226692
0.239153
0.232534
0.231534
0.230515
0.232610
0.240632
0.246002
0.239644
0.234270
0.225261
0.244443
0.228110
0.237433
0.241204
0.229922
0.240015
0.239884
0.231442
0.229369
0.238452
0.236585
0.228043
0.237100
0.237191
0.234029
0.240532
0.228301
0.241719
0.232269
0.233932
0.242212
0.238742
0.241901
0.236958
0.233211
0.235434
0.237994
0.236088
0.227909
0.246964
0.231859
0.248712
0.231646
0.240814
0.240782
0.237235
0.238463
0.223817
0.226939
0.241756
0.238436
0.241367
0.241646
0.243287
0.235787
0.241222
0.236253
0.236212
0.232566
0.235997
0.237842
0.241233
0.239568
0.245463
0.236893
0.240805
0.237850
0.233414
0.246012
0.238060
0.242894
0.233467
0.234995
0.239673
0.237351
0.234316
0.241435
0.234668
0.236456
0.239368
0.241625
0.233922
0.245179
0.233805
0.239629
0.236708
0.242043
0.237486
0.237905
0.248470
0.240001
0.232436
0.245197
0.232885
0.229143
0.243733
0.230739
0.239607
0.245466
0.243260
0.238051
0.242068
0.235438
0.241684
0.240453
0.239869
0.236568
0.238749
0.231159
0.248761
0.236038
0.239458
0.238837
0.237287
0.248432
0.230104
0.242883
0.241346
0.244130
0.239868
0.245037
0.246337
0.239878
0.239396
0.241092
0.234770
0.239249
0.250301
0.233598
0.237673
0.240522
0.238067
0.244648
0.239506
0.241951
0.240339
0.244414
0.245546
0.240488
0.233473
0.239631
0.236698
0.240966
0.239154
0.231583
0.244394
0.240270
0.240638
0.239474
0.242089
0.243261
0.235619
0.248074
0.252087
0.235337
0.232343
0.245992
0.248641
0.243757
0.252785
0.235856
0.245831
0.232840
0.242870
0.237219
0.242890
0.244809
0.245113
0.253089
0.240935
0.249762
0.235334
0.237328
0.247350
0.232111
0.246941
0.238991
0.248283
0.234425
0.239367
0.239904
0.237152
0.240692
0.243308
0.241110
0.245383
0.249558
0.240200
0.235651
0.246379
0.240773
0.246611
0.241680
0.235786
0.238321
0.233323
0.242182
0.240884
0.244182
0.245800
0.249318
0.242552
0.228365
0.251028
0.240839
0.238394
0.242957
0.247041
0.249052
0.238415
0.250099
0.240023
0.238942
0.237865
0.229627
0.233752
0.238760
0.249440
0.245333
0.240998
0.252892
0.240800
0.241441
0.240679
0.246040
0.236111
0.243098
0.245868
0.244151
0.231912
0.242885
0.242697
0.245658
0.238918
0.239891
0.242864
0.242073
0.245644
0.244928
0.236966
0.246141
0.245329
0.242437
0.240985
0.243113
0.235428
0.243431
0.245237
0.241039
0.236313
0.240055
0.237058
0.241862
0.237149
0.242512
0.240051
0.242857
0.236740
0.249974
0.244723
0.244689
0.231747
0.245291
0.238676
0.242155
0.238350
0.244941
0.238975
0.240016
0.236043
0.243456
0.238837
0.237534
0.242410
0.241724
0.236087
0.242094
0.241724
0.241388
0.250945
0.236516
0.235649
0.244192
0.243386
0.237501
0.247458
0.238686
0.236528
0.231613
0.241208
0.246777
0.234536
0.241973
0.241531
0.240492
0.241687
0.240971
0.239821
0.244592
0.229778
0.251134
0.244172
0.243785
0.245096
0.238378
0.240623
0.239546
0.243670
0.229614
0.239382
0.241784
0.242328
0.250471
