1.904383
1.712316
1.304832
1.364358
1.437376
1.746520
1.948709
1.610383
1.966459
1.602479
1.259727
1.863533
1.731677
1.736223
1.764377
1.833965
1.109143
1.207267
1.772573
1.812346
1.820471
1.820619
1.789282
1.438389
1.414309
1.723247
1.659597
1.567177
1.639735
1.715845
1.532107
1.972915
1.146371
1.566834
1.512845
1.464640
1.731950
1.713695
1.801261
1.281005
1.906889
1.717880
1.458869
1.853813
1.507650
1.841633
1.709282
1.344908
1.984588
1.568967
1.724807
1.622285
1.786986
1.485219
1.772983
1.667989
1.695345
1.951103
1.452902
1.635557
1.344389
1.503184
1.269928
1.856392
1.391622
1.761221
1.720063
1.593179
1.973746
1.146473
1.492486
1.096857
1.715284
1.499602
1.338398
1.587110
1.822447
1.661083
1.948174
1.700380
1.658662
1.290503
1.557938
1.029914
1.252431
1.661287
1.042719
1.863598
1.674805
1.613034
1.656995
1.602086
1.581211
1.517543
1.360654
1.767303
1.888236
1.787762
1.792318
1.251470
1.865866
1.840931
1.488213
1.622706
1.315163
1.195126
1.187397
1.868793
1.936206
1.545784
1.855938
1.899177
1.946823
1.282480
1.683238
1.887628
1.838140
1.607686
1.923563
1.685731
1.760335
1.498962
1.913939
1.721545
1.964954
1.762712
1.472847
1.975938
1.246298
1.996343
1.166897
1.570259
1.595114
1.712674
1.847758
1.072261
1.966825
1.943073
1.262635
1.880023
1.578384
1.132272
1.704410
1.832513
1.588270
1.989718
1.374057
1.751480
1.472556
1.397808
1.499581
1.150429
1.902078
1.910670
0.972686
1.154558
1.185860
1.318551
1.722492
1.426395
1.992272
1.609969
1.298148
1.518276
1.244131
1.055334
1.289549
1.863998
1.969120
1.323140
1.474597
1.308598
1.168028
1.753470
1.534766
1.792985
1.995422
1.535269
1.395599
1.242589
1.319993
1.560703
1.840958
1.572956
1.803532
0.976044
1.802106
1.686446
1.506275
1.955341
1.554277
1.185418
1.740904
1.161491
1.780202
1.381756
1.812848
1.346566
1.511876
1.397494
1.334966
1.463064
1.562258
1.376810
1.612353
1.707270
1.805833
1.932408
1.940209
1.913947
1.345595
1.327459
1.501477
1.818764
1.947308
1.925067
1.953049
0.905814
1.350918
1.226288
1.920733
1.848238
1.164439
1.557501
1.574791
1.813660
1.028160
1.776721
1.949554
1.865839
1.213784
1.294708
1.905937
1.613391
1.085423
1.707878
1.119761
1.901517
1.809777
1.746300
1.064620
1.180800
1.226980
1.723359
1.462172
1.995541
1.956064
1.086974
1.281566
0.994849
1.230447
1.315743
1.040933
1.619547
1.415853
0.903729
1.802880
1.410805
1.177202
1.913304
1.000127
1.639978
1.481909
1.973077
1.185489
1.498262
1.779446
1.997755
1.376498
1.017880
1.336470
1.565222
1.797830
1.762615
1.948457
1.489233
1.936613
1.328274
1.811188
1.840747
1.573172
1.664379
1.874314
1.861650
1.387574
1.891123
1.564916
1.997373
0.968662
1.721958
1.869669
1.388161
1.847338
1.197470
0.784463
1.705174
1.788030
1.058794
1.667245
1.312692
1.993320
1.985091
1.646766
1.374207
1.778549
1.237320
0.759361
1.636231
1.839889
1.839087
1.986145
1.793103
1.872006
1.393385
1.717529
0.953871
