1.732651
1.878646
1.844037
1.279410
1.745799
1.883486
1.742849
1.867247
1.990541
1.862441
1.413223
1.912344
1.772411
1.870078
1.376492
1.661431
1.532537
1.758899
1.619891
1.991825
1.279774
1.617706
1.321015
1.235619
1.883014
1.446398
1.977022
1.993044
1.972677
1.640758
1.727416
1.654670
1.719277
1.672878
1.936018
1.422904
1.483235
1.925163
1.864586
1.663744
1.392742
1.666334
1.772233
1.329787
1.637434
1.884512
1.100028
1.979869
1.633632
1.831412
1.927264
1.616682
1.734864
1.987931
1.549104
1.394334
1.868352
1.895715
1.861293
1.335133
1.382519
1.887542
1.471319
1.138236
1.519225
1.940512
1.807654
1.809532
1.714016
1.820085
1.803657
1.740363
1.410991
1.640908
1.743343
1.377132
1.702770
1.789886
1.456571
1.721771
1.675756
1.235684
1.739104
1.858950
1.968143
1.694610
1.849243
1.988852
1.593657
1.882072
1.890888
1.901373
1.771907
1.855495
1.590560
1.456259
1.748787
1.269942
1.811286
1.961890
1.557305
1.783790
1.199062
1.464750
1.707842
1.843686
1.915958
1.859034
1.782811
1.690388
1.786174
1.577191
1.238213
1.901008
1.828430
1.751741
1.623478
1.911394
1.275157
1.831768
1.739068
1.533312
1.809999
1.844165
1.213042
1.909560
1.935003
1.605250
1.298182
1.240479
0.926981
1.582484
0.926196
1.385600
1.769448
1.964903
1.773119
1.606342
1.941493
1.967911
1.830444
0.991965
1.181662
1.878014
1.821087
1.828209
1.175430
1.801367
1.508947
1.515922
1.945406
1.674397
1.776163
1.916945
1.299232
1.807244
1.513415
1.679897
1.673394
1.605718
1.792967
1.635476
1.152057
1.878477
1.869594
1.659816
1.926174
1.460498
1.016567
1.487540
1.578805
1.521041
1.563561
1.741361
1.950661
1.842269
1.766896
1.559777
1.909701
1.135236
1.417002
1.493345
1.188094
1.788146
1.887344
1.800860
0.950383
1.812936
1.501069
1.982452
1.592448
1.183781
1.953596
1.279190
1.846088
1.836284
1.531475
1.393090
1.348368
1.532177
1.069433
1.446396
1.874387
1.764119
1.789724
1.488614
1.762472
0.934927
1.486075
1.808975
1.596535
1.227640
1.539892
1.705840
1.877992
1.762556
1.621274
1.213120
1.537159
1.860684
1.591077
1.426956
1.555184
1.860282
1.842590
1.831796
1.811835
1.882490
1.948024
1.548652
1.131195
1.266014
1.615762
1.164289
1.252144
1.902768
1.605176
1.773627
1.161729
1.952848
1.611068
1.803330
1.720217
1.250523
1.147400
1.530750
1.943919
1.952082
1.229728
1.018937
1.797626
1.775225
1.183376
1.447819
0.993991
1.576208
1.677800
1.820431
1.362719
1.790505
1.111443
1.310432
1.371854
1.185977
1.527973
1.951496
1.920602
1.526034
1.132565
1.533274
1.332515
1.983784
1.884092
1.179317
1.150265
1.986880
1.919340
1.305240
1.668257
1.708430
1.806915
1.794784
1.732913
1.446649
1.648165
1.985074
1.934116
1.271747
1.690573
1.112772
1.533908
1.948217
1.539243
1.555793
1.742375
1.074607
1.960625
1.424362
1.063899
1.859633
1.681223
1.856883
1.820951
1.763893
1.874913
1.010484
1.507802
1.203313
1.695163
1.183771
1.255161
1.947661
1.034637
1.905221
1.336880
1.516497
1.982485
1.037765
1.662915
1.098550
1.863696
1.773600
1.607294
1.237723
1.857762
1.655197
1.049736
1.939830
1.928907
1.778035
1.953966
1.774967
1.710681
1.422756
1.698637
1.290901
1.434748
1.119423
1.753010
1.949752
1.531386
1.523291
1.854145
1.309813
1.446415
1.455218
1.167636
1.531718
1.575156
1.923401
1.255415
1.421373
1.964463
1.744257
1.848375
1.517026
1.543641
1.978392
1.955152
1.425660
1.612101
1.471616
1.317169
1.838754
1.830053
1.665375
1.650429
1.991041
1.613840
1.355970
1.195675
1.443477
1.199894
1.589157
1.499874
1.876818
1.754644
1.562952
1.628681
1.700108
1.634681
1.608762
1.418373
1.969950
1.516804
1.956789
1.595058
1.708403
1.968873
1.723345
1.466824
1.613805
1.378064
1.201983
1.773289
1.520300
1.911747
1.914796
1.850643
1.909297
1.291729
1.327451
1.895089
1.924047
1.690602
1.152821
1.629848
0.990437
1.325749
1.510373
1.593781
1.397790
1.849052
1.573881
1.697500
1.473417
1.567840
1.878704
0.823618
1.377265
1.319076
1.822795
1.337630
1.613486
1.393621
1.910840
1.618066
1.086353
1.871054
1.865574
1.471030
1.535064
1.518358
1.096149
1.405519
0.973462
1.287895
1.841835
1.789380
1.930412
1.477286
1.853451
1.081174
1.968540
1.383591
1.519644
1.760665
1.933260
1.287076
1.353655
1.994505
1.323256
0.846122
1.804674
1.760790
1.817967
1.526465
1.175949
1.517413
1.095264
1.522243
1.531751
1.913395
1.723673
1.044476
1.439041
1.215558
1.323103
1.901340
1.081576
1.960211
1.467629
1.138314
0.918582
1.210960
1.506281
1.881297
0.831459
1.767683
1.923934
1.544782
1.496953
1.938001
1.105923
1.548843
1.666675
1.770466
1.450167
1.903205
1.879057
1.958919
1.794916
1.197840
1.086097
1.840137
1.464996
1.070906
1.608235
1.627887
1.688834
1.492391
1.727367
1.663436
1.717720
1.583436
1.927213
1.304469
1.444272
1.259773
1.678214
1.347144
1.253669
1.030871
1.701706
1.377974
1.213998
1.857099
0.810749
1.703578
0.962030
1.380119
1.961810
1.903435
1.803575
0.857481
0.937995
1.440653
1.242477
1.894847
1.389813
1.748440
1.258931
1.393084
1.717084
1.885513
1.732591
1.447847
1.929486
1.524237
1.710526
1.190607
1.900743
1.856961
1.257735
1.041137
1.131043
1.100221
1.734832
1.536513
1.201285
1.259775
1.727059
1.584335
1.017209
1.223929
0.924850
1.682569
1.020386
1.364442
1.624462
1.703714
1.708930
1.846995
1.069856
1.721889
1.367749
1.680134
0.944924
1.470954
1.191047
1.496885
1.288735
1.721073
1.638421
1.877015
0.969647
1.140937
1.450255
1.715033
1.749680
1.465663
1.527072
1.298227
1.789644
1.849678
1.810073
1.301621
1.326719
1.204452
1.556694
1.178512
1.550627
1.081626
1.868657
1.264916
1.034846
1.116688
1.595278
1.951062
1.862210
1.723127
1.544437
1.055782
1.134537
1.805796
1.975573
0.944362
1.532647
1.460857
1.892087
1.560891
1.153038
1.627097
0.970514
1.286774
1.705250
0.943760
1.173687
1.126207
1.439152
1.222179
1.810843
1.184471
1.546845
1.294341
1.163980
1.770302
1.993660
1.834972
1.992312
1.694717
1.475156
1.574114
1.298031
1.518756
1.445120
1.891680
1.053334
1.985080
1.020393
1.990685
1.920629
1.787857
1.176486
1.214273
0.996592
1.077168
1.535771
1.811634
1.955011
1.773278
1.979093
1.322725
1.219436
1.890421
1.880423
1.357093
1.175934
1.305600
1.053132
0.888982
1.900608
1.259177
1.766987
1.781379
1.130454
1.513776
1.949021
1.989313
1.311265
1.858831
0.880752
1.199827
1.465462
1.805614
1.972403
1.760278
1.737035
1.044008
1.507402
1.198921
1.162613
1.159308
1.979527
1.717719
1.298474
1.272960
1.042197
1.387982
1.958665
1.170067
1.056250
1.526561
1.873118
0.868878
1.370868
1.801252
1.018457
1.787159
1.661655
0.927972
1.586518
1.174302
0.986106
1.715874
1.950149
