1.594443
1.561520
1.336117
1.549124
1.748927
1.584397
1.849882
1.896950
1.576907
1.726833
1.953829
1.626630
1.638543
1.935743
1.574794
1.868915
1.944534
1.550732
1.886724
1.617785
1.532259
1.511697
1.652063
1.905114
1.975003
1.205019
1.801921
1.119510
1.838329
1.355127
1.523288
1.024717
1.860111
1.460683
1.883100
1.929951
1.990688
1.431075
1.229725
1.929799
1.334175
1.847613
1.733749
1.523574
1.584980
1.817105
1.770089
1.784818
1.693520
1.688066
1.932372
1.393064
1.760907
1.468437
1.549228
1.259787
1.470747
1.965887
1.660752
1.832105
1.098343
1.288374
1.323812
1.840804
1.827044
1.884939
1.972749
1.513425
1.809427
1.228472
1.301692
1.263646
1.841308
1.244459
1.665567
1.247560
1.817130
1.565133
1.204339
1.827187
1.974584
1.659799
1.934901
1.878342
1.542692
1.609275
1.991938
1.633595
1.612524
1.879438
1.948377
1.517063
1.699126
1.740010
1.710069
1.762311
1.808419
1.527964
1.795033
1.776429
1.571441
1.599690
1.858706
1.898803
1.426072
1.650655
1.987781
1.884307
1.582313
1.774910
1.326651
1.698623
1.900176
1.843514
1.559954
1.733175
1.625997
1.423837
1.904922
1.448399
1.076412
1.446851
1.600974
1.611078
1.786363
1.960858
1.828914
1.693436
1.816525
1.414193
1.537783
1.390348
1.804429
1.793480
1.967302
1.761828
1.488949
1.476065
1.984322
1.371210
1.825926
1.694930
1.432271
1.223538
1.905806
1.614516
1.059153
1.701771
1.685663
1.749981
1.877545
1.412634
1.744004
1.909501
1.729663
1.785393
0.949111
1.818462
1.663282
1.170769
1.889441
1.613206
1.984747
1.919622
1.518930
1.635066
1.856795
1.595049
1.952853
1.108162
1.447440
1.414917
1.533533
1.400919
1.905434
1.700959
1.972981
1.712527
1.510388
1.969792
1.188623
1.810042
1.435584
1.353316
1.369927
1.256196
1.584121
1.830089
1.607494
1.853680
1.773718
1.977541
1.161069
1.929115
1.485113
1.765098
1.698848
1.815388
1.647642
1.541300
1.594807
1.912436
1.589903
1.870288
1.823118
1.703093
1.490422
1.433309
1.438166
1.314129
1.137475
1.704711
1.400284
1.764591
1.824177
1.209461
1.821378
1.949562
1.786553
1.630979
1.292650
1.602447
1.043247
1.920654
1.640260
1.395877
1.514925
1.307029
1.667968
1.911479
1.627817
1.508087
1.989980
1.802804
1.497987
1.353428
1.304937
1.325946
1.873973
1.458162
1.304325
1.757837
1.947223
1.560940
1.893793
1.902975
1.489655
1.297949
1.426273
1.436997
1.755528
1.539370
1.698334
1.752856
1.738646
1.421243
1.729603
1.803150
1.184581
1.504031
1.125434
1.558487
1.477804
1.903156
1.891495
1.807495
1.356706
0.982461
1.344131
1.879253
1.608721
1.654558
1.912693
1.966850
1.609383
1.782641
1.606236
1.604081
1.470122
1.851646
1.105870
1.963432
1.584709
1.718383
1.526889
1.967769
1.658365
1.495356
1.995645
1.819560
1.786086
1.365828
1.695815
1.469140
1.991895
1.803192
1.749165
1.836241
1.391553
1.811209
1.228962
1.603420
1.156186
1.770462
1.492649
1.593889
1.792762
1.128649
1.297364
1.495589
1.858725
1.563909
1.958798
1.329990
1.015793
1.516236
1.687776
1.635481
1.542163
1.974625
1.768937
1.808890
1.155418
1.821287
1.610082
1.795371
1.804668
1.587272
1.318344
1.381312
1.470534
1.798513
1.278674
1.531578
1.614913
1.936571
1.983142
1.678592
1.853477
1.931387
1.817005
1.923862
1.871049
1.404456
1.503131
1.963489
1.564575
1.675296
1.747668
1.783125
1.508486
1.272765
1.927291
1.148591
1.444054
1.504077
0.994027
1.196080
1.817143
1.584858
1.790829
1.493819
1.587911
1.400443
1.809838
1.995029
1.460256
1.428341
1.170369
1.903699
1.930096
1.836244
1.040951
1.857377
1.922139
1.684167
1.547183
1.715034
1.595947
1.316023
1.522925
1.909835
1.705904
1.993476
1.854640
1.468191
1.698519
1.541885
1.405918
1.425199
1.742856
1.406693
1.683982
1.638850
1.580407
1.114395
1.922632
1.214589
1.226681
1.737101
1.417499
1.677871
1.920474
1.753918
1.711110
1.729046
1.800387
1.587176
1.726381
1.934524
1.700100
1.974888
1.776895
1.795900
1.694987
1.370754
1.820605
1.961557
1.370325
1.415566
1.272623
1.865683
1.081679
1.223561
1.341523
1.408315
1.408565
1.479350
1.566923
1.375156
1.318419
1.751107
1.294863
1.870415
1.533924
1.382699
1.589056
1.116286
1.932940
1.882244
1.849868
1.215239
1.847297
1.356320
1.903447
1.387048
1.855977
1.907455
1.027201
1.584816
1.571986
1.427091
1.848901
1.247698
1.694679
1.667539
1.675873
1.663946
1.191522
1.460423
1.181938
1.430778
1.740022
1.704853
1.472364
1.507432
1.490962
1.282619
1.572866
1.718550
1.871971
1.750648
1.247854
1.807879
1.108907
1.770078
1.607971
1.148840
1.906710
1.904503
1.566147
1.597038
1.727065
1.840442
1.619111
1.640510
1.362354
1.771767
1.991331
1.758459
1.832825
1.875668
1.934212
1.480661
1.451301
1.706587
1.143825
1.368239
1.187540
1.424128
1.701596
1.929752
1.829994
1.489001
1.111930
1.130568
1.660761
1.470943
1.687190
1.897030
1.954811
1.030619
1.686094
1.549488
1.840134
1.265625
1.496506
1.523873
1.156328
1.463500
1.727148
1.176131
1.508645
1.603557
1.851661
1.638332
1.355808
1.480565
1.696126
1.801802
1.694587
1.906203
1.477222
1.432850
1.799775
1.418620
1.128670
1.913664
1.939668
1.960640
1.027246
1.661560
1.119879
1.503016
1.620395
1.456348
1.645241
1.178563
1.636890
1.843730
0.939626
1.576626
1.930526
1.254870
0.903817
1.290978
1.750460
1.808352
1.554410
1.953614
1.956214
1.614973
1.510789
1.897442
1.322637
1.906222
1.117234
1.519569
1.658500
1.627916
1.546275
1.615134
1.803482
1.737990
1.210600
1.732322
0.921298
1.584342
1.705762
1.660889
1.366384
1.944201
1.639281
0.906429
1.651683
1.447068
1.305989
1.677578
1.370121
1.305181
1.392816
1.480091
1.355725
1.650313
1.732089
1.104583
1.963713
1.212812
1.593482
1.303797
1.972617
1.306607
1.244655
1.737923
1.026727
1.539332
1.398111
1.625426
1.793319
1.224876
1.817370
1.604285
1.607470
1.438517
1.586473
1.575184
1.696950
1.188850
1.517645
1.200272
1.138463
1.466445
1.743722
1.806721
1.021941
1.078658
1.222244
1.771367
1.990613
1.994192
1.966550
1.822064
1.443063
1.718934
1.366520
1.231427
1.795893
1.724581
1.861429
1.669433
1.455158
1.946440
1.694294
1.249993
1.267984
1.560566
1.598865
1.257144
1.251468
1.120344
1.038443
1.346424
1.679085
1.354247
1.246271
1.464899
1.229243
1.799933
1.901199
1.912325
0.839056
1.567679
1.586975
1.574944
1.963838
1.698139
1.929042
1.625637
1.937566
1.521335
1.085253
1.998830
1.117957
1.880038
1.504682
0.999143
1.500768
0.840219
1.841009
1.245808
0.894833
1.016214
1.417944
1.082387
1.913683
0.881149
1.767602
1.768247
1.753017
0.914223
0.960090
1.750848
1.907305
0.934073
0.894983
1.628941
1.927185
1.692534
1.964227
