1.930046
1.999260
1.867296
1.897834
1.966955
1.991172
1.921096
1.942589
1.879066
1.847033
1.983574
1.998953
1.853215
1.742227
1.792676
1.716354
1.923497
1.432289
1.690367
1.987052
1.794621
1.735471
1.810199
1.895306
1.791495
1.637205
1.846036
1.422955
1.876573
1.638539
1.995198
1.899493
1.821506
1.796865
1.883761
1.681424
1.738738
1.852925
1.857688
1.831627
1.554837
1.765929
1.836128
1.901500
1.890600
1.937401
1.683475
1.823002
1.823513
1.607750
1.850488
1.999863
1.823333
1.987826
1.599623
1.643941
1.564744
1.556343
1.673430
1.829185
1.677324
1.838332
1.711622
1.539457
1.641106
1.991413
1.515801
1.619764
1.902448
1.772327
1.913879
1.581625
1.928062
1.682679
1.896799
1.493031
1.933572
1.988465
1.840461
1.882714
1.717122
1.747136
1.964064
1.618089
1.962444
1.873717
1.832976
1.850665
1.581604
1.933534
1.364621
1.790864
1.466169
1.535415
1.483339
1.687926
1.869379
1.354719
1.661748
1.703483
1.690120
1.512186
1.494347
1.990483
1.986671
1.940202
1.757229
1.592968
1.613026
1.590686
1.912476
1.291954
1.571542
1.619608
1.336440
1.891152
1.754361
1.334766
1.583790
1.763817
1.573301
1.594119
1.689613
1.964759
1.543331
1.857522
1.263797
1.726628
1.404931
1.824419
1.616147
1.498084
