1.943115
1.113754
1.225507
1.504859
1.617059
1.789910
1.780736
1.437035
1.973345
1.651395
1.981591
1.812606
1.984119
1.913907
1.328548
1.898763
1.843699
1.969913
1.400977
1.940087
1.597462
1.942871
1.483712
1.590779
1.547365
1.783629
1.683904
1.981827
1.561040
1.549316
1.715170
1.501219
1.992729
1.685488
1.997047
1.762678
1.838238
1.838692
1.994853
1.822625
1.553473
1.756721
1.736883
1.854930
1.222241
1.490204
1.842280
1.782176
1.712745
1.962611
1.472246
1.939333
1.589992
1.458462
1.713981
1.894063
1.760775
1.512833
1.695077
1.461463
1.944416
1.438160
1.892248
1.563408
1.417128
1.330652
1.937608
1.836079
1.611595
1.381620
1.170581
1.787050
1.812249
1.516919
1.608179
1.717747
1.901548
1.459324
1.685009
1.460633
1.558293
1.856033
1.637755
1.314040
1.604753
1.820190
1.386377
1.696153
1.985667
1.725168
1.663313
1.856148
1.990496
1.290350
1.977410
1.414658
1.987856
1.939169
1.966356
1.520665
1.742388
1.833265
1.340213
1.675773
1.912269
1.990118
1.336102
1.628845
1.970440
1.703242
1.872399
1.484947
1.406269
1.142419
1.452922
1.625316
1.868275
1.701997
1.641618
1.355874
1.725328
1.272089
1.327747
1.999511
1.864484
1.724792
0.917910
1.732037
1.829101
1.781247
1.930149
1.964691
1.373302
1.785542
1.401230
1.299390
1.434511
1.762231
1.628941
1.801639
1.333208
1.772307
1.362488
1.840490
1.762049
1.323072
1.970283
1.973577
1.890403
1.804362
1.568066
1.311636
1.912307
1.797270
1.505634
1.215980
1.226349
1.852049
1.186275
1.775195
1.435163
1.201726
1.716930
1.154768
1.291398
1.944796
1.692187
1.171238
1.529479
1.996589
1.772084
1.930161
1.599666
1.811599
1.824820
1.013680
1.423876
1.422930
1.430856
1.108404
1.815051
1.186767
1.828979
1.893654
1.629115
1.852739
1.035119
1.859999
1.453440
0.863693
1.604837
1.819515
1.339063
1.585081
1.957801
1.958510
1.858532
1.847520
1.627402
1.708443
1.646902
1.958087
1.868911
1.301171
1.960607
1.420698
1.773510
1.294901
1.855629
1.470955
1.614996
1.629144
1.961958
1.696718
1.999707
1.674204
1.105984
1.975317
1.748271
1.857144
1.866648
1.571516
1.685986
1.742402
1.400329
1.949567
1.346560
1.919740
1.785610
1.823130
1.617669
1.865463
1.850393
1.534309
1.806736
1.666891
1.153431
1.977565
1.221685
1.956939
1.348622
1.565651
1.674374
1.420879
1.433596
1.215397
1.751608
1.641570
1.536087
1.907377
1.323992
1.631598
1.358583
1.714222
1.434605
1.428457
1.488659
1.985936
1.191907
1.939471
1.849946
1.779522
1.658867
1.213060
1.667079
1.848742
1.483499
1.627930
1.482887
1.663416
1.432733
1.046767
1.734505
1.723397
1.838327
0.937215
1.879023
1.476472
1.701395
1.984917
1.796646
1.791720
1.574460
1.681956
1.102956
1.684690
1.442434
1.763519
1.963474
1.881008
0.990857
1.727667
1.913844
1.192086
1.274934
1.594345
1.614389
1.842076
1.866602
1.568525
1.909512
1.984754
1.593035
1.972664
1.820115
1.299135
1.744185
1.966039
1.685263
1.412883
1.789274
1.447649
1.790116
1.893546
1.229399
1.158189
1.399192
1.258976
1.741440
1.691466
1.055008
1.602475
1.795322
1.600390
1.788410
1.672708
1.977951
1.497290
1.738780
1.355657
1.934514
1.416048
1.889977
1.896937
1.512697
1.633220
1.867952
1.746963
1.721774
1.335122
1.531150
1.636976
1.898310
1.823470
1.443313
1.626215
1.774056
1.990323
1.847762
1.673945
1.541832
1.992485
1.767059
1.628653
1.632386
1.613361
1.952738
1.263940
1.891063
1.770264
1.468886
1.988561
1.202605
1.889076
1.493245
1.500772
1.397009
1.732284
0.993999
1.061921
1.086338
1.602383
1.534430
1.976421
1.296421
1.902997
1.714088
1.753894
1.174007
1.246760
1.747272
1.713680
1.434175
1.455484
1.147989
1.660279
1.236798
1.312588
1.299969
1.980891
1.304993
0.944635
1.692244
1.858184
1.463082
1.407653
1.955466
1.959463
1.756095
1.591757
1.781703
1.383753
1.955031
1.961197
1.389658
1.933571
1.560349
1.507951
1.804409
1.606502
0.998683
1.525792
1.652566
1.461312
1.697867
1.705769
1.959621
1.850363
1.859146
1.131068
1.669873
1.943445
1.333864
1.785292
1.759225
1.363139
1.398345
1.955431
1.541086
0.876150
1.933590
1.522899
1.983757
1.665505
1.141719
1.888470
1.839737
1.522492
1.224765
1.405838
1.820351
1.964200
1.871184
0.930484
0.977590
1.426288
1.774017
1.726266
1.973934
1.763822
1.040144
1.218308
1.355236
1.635416
1.770366
1.820497
1.814393
1.995012
1.986576
1.723749
1.866073
1.879074
1.150601
1.679119
1.264268
1.747758
1.033071
1.861933
1.192937
1.581806
1.566908
1.976950
1.879545
1.928638
0.966143
1.408103
1.976802
1.302913
1.401406
1.891697
1.604816
1.596843
1.247963
1.702139
1.228271
1.222555
1.380410
1.719407
1.412840
1.332741
1.043277
1.715006
1.995853
1.978474
1.218392
1.557584
1.930320
1.884331
1.951452
1.355449
1.823445
1.179403
1.601291
1.719101
1.321896
1.678080
1.881585
1.355332
1.776724
1.143134
1.730938
1.674018
1.841427
1.195939
1.104894
1.768155
1.837789
1.872850
0.876533
1.817838
1.118292
1.124974
1.608370
1.766970
1.080926
1.899548
1.855071
1.662687
1.073436
1.263155
1.655667
1.941604
1.880155
1.667791
1.171670
1.737801
1.494170
1.611283
1.855858
1.210944
1.430160
0.930354
1.109991
1.328815
1.063245
1.504308
1.922250
1.653701
1.897231
1.933980
1.779622
1.992400
1.842858
1.811036
1.216040
1.521633
1.409221
1.674145
0.967127
1.380490
1.842532
1.867956
1.203525
1.462646
1.373706
1.911340
0.968570
0.877200
1.268765
1.075088
1.292989
1.719538
1.867098
0.716601
1.544022
1.816423
1.225176
1.880575
1.544013
1.862536
1.343618
0.990652
1.959531
1.959859
1.464447
1.238052
1.945165
1.725056
0.874008
1.228230
1.446268
0.892874
0.924122
1.823256
1.758548
1.789423
1.852002
1.879740
1.662280
1.130891
1.154544
1.997108
1.366016
1.997998
1.378287
1.609074
1.614022
1.619744
0.864632
1.173922
1.516347
1.917026
1.865607
1.368021
1.998209
1.828232
1.329451
0.948661
1.154085
1.202778
1.565032
1.742061
1.187515
0.926572
1.207972
1.921288
1.843234
1.003253
1.984020
1.331362
0.945889
1.609059
1.702004
1.704198
1.403102
1.521510
0.940264
1.582842
1.063269
1.753699
1.373258
1.893191
1.152164
1.950698
1.799996
1.531648
1.082343
1.941271
1.110269
1.952114
1.219016
1.370839
1.854608
1.158259
1.910203
1.905356
1.171977
1.130436
1.681661
1.987661
1.955585
0.966415
