1.856107
1.896082
1.758264
1.930201
1.943713
1.746979
1.646093
1.809709
1.955444
1.630725
1.892960
1.855073
1.918582
1.969779
1.519221
1.744430
1.920976
1.749367
1.938174
1.767760
1.945534
1.494138
1.831913
1.492181
1.629398
1.982953
1.540566
1.786414
1.690002
1.818138
1.955645
1.844660
1.662753
1.804140
1.852921
1.946995
1.946351
1.656821
1.986989
1.861220
1.508314
1.627847
1.727109
1.971626
1.561575
1.787417
1.774910
1.449092
1.576212
1.788441
1.687158
1.910954
1.509695
1.654425
1.999837
1.805513
1.755987
1.776554
1.972782
1.821572
1.391307
1.934669
1.929190
1.495498
1.850757
1.327549
1.621363
1.565215
1.960227
1.714616
1.805888
1.987733
1.612699
1.647096
1.709503
1.888900
1.315722
1.713165
1.797019
1.798694
1.606772
1.620737
1.335710
1.881983
1.543393
1.568285
1.505538
