1.971832
1.965931
1.874842
1.904017
1.971096
1.882158
1.987295
1.892427
1.981704
1.981082
1.969664
1.836368
1.835091
1.707440
1.762230
1.857438
1.838437
1.848402
1.875936
1.983339
1.935758
1.928737
1.660371
1.624655
1.805744
1.678370
1.951337
1.734467
1.932791
1.969596
1.914721
1.899360
1.722351
1.702491
1.993450
1.838806
1.985734
1.880685
1.884773
1.912184
1.749967
1.645018
1.673289
1.845359
1.918857
1.957295
1.704475
1.965397
1.751977
1.970495
1.837904
1.778445
1.935271
1.840356
1.767850
1.821288
1.704295
1.638498
1.310837
1.623728
1.934189
1.911868
1.644289
1.686641
1.866778
1.744195
1.963769
1.651902
1.725256
1.871915
1.989052
1.984348
1.640642
1.723138
1.780767
1.552711
1.928617
1.730317
1.772619
1.592106
1.862012
1.977753
1.782670
1.981917
1.530913
1.513300
1.653735
1.823799
1.739292
1.438898
1.967053
1.632736
1.827214
1.575903
1.807848
1.756548
1.820867
1.649114
1.758302
1.719024
1.464671
1.712101
1.774546
1.618364
1.571526
1.717841
1.556054
1.817448
1.788234
1.873003
1.868787
1.488225
1.149061
1.968573
1.640317
1.893813
1.991914
1.555572
1.995142
1.537002
1.711766
1.502754
1.531502
1.924992
1.961799
1.856235
1.942336
1.863214
1.971070
1.779102
1.753124
1.412999
1.517057
1.416453
1.660254
1.528681
1.978390
1.614630
1.792155
1.560574
1.524006
1.425159
1.781323
1.348059
1.733886
1.977627
1.712643
1.518655
1.503850
1.937052
