1.913585
1.930172
1.954547
1.997086
1.902850
1.973227
1.854227
1.971121
1.899670
1.838398
1.854203
1.833965
1.856675
1.963392
1.651482
1.928051
1.883519
1.868741
1.864913
1.866140
1.835321
1.895580
1.984341
1.717802
1.957280
1.810148
1.501290
1.973662
1.817220
1.801336
1.797272
1.743896
1.738829
1.831590
1.922903
1.957211
1.918840
1.894091
1.582314
1.991408
1.726369
1.938625
1.727993
1.938479
1.707947
1.644103
1.977385
1.945884
1.668768
1.816942
1.709716
1.716646
1.828346
1.684361
1.851239
1.689269
1.664350
1.704127
1.982400
1.673603
1.895744
1.738929
1.618619
1.540882
1.747815
1.846039
1.526359
1.779027
1.538481
1.850004
1.793940
1.768851
1.922328
1.529517
1.903415
1.695942
1.853917
1.719154
1.553135
1.620504
1.808747
1.680891
1.801035
1.433958
1.814808
1.732314
1.673003
1.553372
1.928397
1.851864
1.684780
1.692121
1.955738
1.917557
1.594409
1.991786
1.693292
1.589487
1.933439
1.812033
1.629292
1.487778
1.799960
1.646956
1.780623
1.746045
1.919350
1.586150
1.671663
1.888732
1.630369
1.876752
1.749356
1.861759
1.649892
1.557793
1.786303
1.725806
1.734528
1.519985
1.424393
1.698997
1.772497
1.449700
1.858867
1.868818
1.896177
1.822876
1.816915
1.993489
1.516339
1.826739
1.243571
1.816785
1.815168
1.440764
1.805594
1.596104
1.828747
1.665277
1.667061
1.980403
1.571797
1.735028
1.524233
