1.922815
1.771244
1.824688
1.930023
1.890039
1.961806
1.899944
1.921639
1.992459
1.921350
1.854321
1.939759
1.768671
1.962115
1.793951
1.611016
1.963221
1.735186
1.776856
1.871786
1.956939
1.906072
1.969988
1.977319
1.864894
1.900191
1.889974
1.814024
1.798773
1.805905
1.760904
1.813325
1.982740
1.749819
1.540806
1.856566
1.669813
1.989744
1.738364
1.747385
1.847566
1.691648
1.820577
1.613513
1.804062
1.895076
1.942380
1.988863
1.856705
1.687652
1.989647
1.749304
1.672049
1.741616
1.859747
1.913014
1.961899
1.810786
1.939715
1.662025
1.622277
1.656686
1.961436
1.920645
1.726246
1.631303
1.804276
1.883105
1.710666
1.844825
1.587168
1.948218
1.494111
1.457345
1.548246
1.784302
1.968170
1.567737
1.913469
1.509715
1.849804
1.994578
1.803333
1.753368
1.929609
1.611517
1.336933
1.682134
1.443461
1.843210
1.837348
1.444192
1.724272
1.986627
1.876655
1.766823
1.848509
1.881044
1.426694
1.676442
1.635715
1.878240
1.890925
1.910016
1.620303
1.543824
1.866913
1.579599
1.581437
1.903038
1.580205
1.372610
1.574097
1.553420
1.777943
1.647438
1.561277
1.723897
1.262577
1.841063
1.562626
1.657387
1.991446
1.795328
1.668226
