1.956254
1.892053
1.952618
1.878662
1.979667
1.958614
1.946271
1.967405
1.971113
1.877291
1.734496
1.956753
1.842271
1.921808
1.922369
1.984394
1.945449
1.998179
1.906909
1.919063
1.762992
1.813283
1.927493
1.866476
1.979732
1.930053
1.870054
1.744149
1.677101
1.813480
1.644386
1.711453
1.952239
1.918462
1.918059
1.981499
1.880947
1.802407
1.713740
1.867319
1.828047
1.560618
1.838681
1.756110
1.894058
1.954583
1.769474
1.783228
1.806186
1.886277
1.851631
1.684677
1.854056
1.917336
1.878496
1.977252
1.806500
1.770521
1.939623
1.908628
1.700117
1.573986
1.872846
1.984513
1.876118
1.706906
1.713996
1.822493
1.972416
1.847980
1.735597
1.972614
1.875790
1.633578
1.615792
1.829224
1.732802
1.859262
1.867739
1.683444
1.438458
1.950057
1.818242
1.963231
1.525302
1.920792
1.372640
1.982637
1.882220
1.691697
1.509621
1.793598
1.609190
1.813257
1.819216
1.601155
1.910821
1.785301
1.625148
1.916386
1.996454
1.701642
1.928764
1.787389
1.530042
1.950294
1.839691
1.859835
1.382448
1.799205
1.980570
1.704621
1.879109
1.420764
1.374352
1.553437
1.756176
1.902761
1.375560
1.713122
1.942083
1.545543
1.832244
1.650787
1.411701
1.992750
1.900003
1.914510
1.813318
1.904047
1.734940
1.322333
1.441379
1.922807
1.716420
1.744839
1.953120
1.660385
1.709553
1.697507
1.491407
1.629305
1.741197
1.872011
1.380354
