1.912213
1.830755
1.935943
1.706736
1.655448
1.919803
1.796529
1.931493
1.831972
1.814494
1.636635
1.853834
1.729815
1.791583
1.550674
1.751231
1.898638
1.875139
1.945080
1.987512
1.609005
1.629988
1.973811
1.675852
1.605505
1.986363
1.640358
1.827604
1.553623
1.920046
1.889594
1.821093
1.843141
1.747833
1.925128
1.727681
1.669418
1.996335
1.804682
1.673906
1.815077
1.807762
1.684073
1.949101
1.802875
1.975527
1.580700
1.921544
1.708230
1.691781
1.322068
1.985965
1.521629
1.815259
1.988010
1.685491
1.844446
1.486287
1.854373
1.755363
1.892235
1.562136
1.994004
1.597116
1.497070
1.453501
1.978476
1.677029
1.638569
1.724710
1.407876
1.372879
1.677867
1.798299
1.444730
