1.856802
1.913068
1.958887
1.946484
1.957347
1.948789
1.858096
1.991317
1.899015
1.957804
1.686514
1.901875
1.788020
1.779234
1.898696
1.805986
1.940127
1.764758
1.509357
1.806384
1.963259
1.795383
1.966594
1.579730
1.998668
1.816328
1.937492
1.998910
1.845042
1.800394
1.766774
1.914643
1.943837
1.881569
1.842844
1.972397
1.830635
1.355527
1.610110
1.938489
1.522957
1.600623
1.839408
1.805068
1.404141
1.579250
1.986515
1.413955
1.901792
1.883830
1.892989
1.736546
1.702690
1.889357
1.466138
1.756633
1.936988
1.413562
1.619054
1.787253
1.795958
1.917359
1.752496
1.642636
1.374692
1.679126
1.854100
1.635517
1.743356
1.464701
1.805693
1.821808
1.865422
1.826815
1.900320
1.629023
1.868506
1.660684
1.311857
1.847967
1.852196
1.712540
1.486123
1.507578
1.581693
1.044038
1.294724
1.841364
