1.924999
1.620383
1.879902
1.841160
1.858929
1.399775
1.833540
1.592127
1.551753
1.284028
1.798914
1.933544
1.696296
1.845968
1.081328
1.673705
1.419957
1.231155
1.705295
1.621369
1.699644
1.976350
1.971325
1.334451
1.502223
1.433656
1.736245
1.961144
1.383562
1.439845
1.611148
1.507640
1.885171
1.455092
1.922898
1.406449
1.741703
1.289785
1.477483
1.317338
1.220276
1.511447
1.084629
1.684180
1.871691
1.393193
1.570877
1.935026
1.943458
1.948875
1.405352
1.862669
1.569315
1.404576
1.743970
1.991078
1.437907
1.489745
1.725132
1.312582
1.335464
1.488542
1.770039
1.941711
1.557799
1.967687
1.895050
1.376578
1.567101
1.211403
1.264553
1.538632
1.739022
1.314238
1.437129
1.735599
1.682356
1.714435
1.692933
1.993456
1.478280
1.880721
1.917307
1.405934
1.645226
1.611357
1.825208
1.936700
1.931048
1.957728
1.763070
1.971310
1.557537
1.491872
1.964249
1.629244
1.544989
1.710714
1.772308
1.653461
1.631198
1.578092
1.946589
1.800615
1.163861
1.816999
1.699307
1.805177
1.642805
1.751049
1.045143
1.583753
1.628965
1.951221
1.289160
1.723516
1.994144
1.610992
1.593434
1.751690
1.765698
1.209432
1.410844
1.045053
1.726793
1.305899
1.903046
1.863749
1.928408
1.546459
1.920217
1.973463
1.879382
1.816949
1.943387
1.923467
1.427504
1.491193
1.876103
1.783681
1.882858
1.995323
1.553160
1.360910
1.614349
1.670574
1.647824
0.854520
1.671726
1.676671
1.334761
1.463929
1.657534
1.852818
1.456987
1.860637
1.704804
1.869585
1.623782
1.800009
1.405960
1.755080
1.418829
1.358891
1.942913
1.301327
1.970459
1.973811
1.951102
1.980335
1.926928
1.953497
1.857150
1.565473
1.202572
1.090811
1.838964
1.416481
1.963947
1.569199
1.580223
1.132620
1.388066
1.453395
1.929610
1.513180
1.819278
1.279457
1.971149
1.348899
1.841339
1.702576
1.679341
1.733668
1.908892
1.745332
1.166873
1.202586
1.925244
1.913937
1.613355
1.460235
1.733842
1.783848
1.938555
1.766121
1.561474
1.612175
1.515486
1.863196
1.602937
1.077445
1.412348
1.131376
1.477616
1.872688
1.911509
1.574237
1.928174
1.997529
1.525337
1.077943
1.629543
1.277019
1.870044
1.058119
1.704861
1.708521
1.949883
1.150833
1.971961
1.609224
1.451543
1.997239
1.842934
1.908734
1.223453
1.585259
1.140391
1.778139
1.769047
1.560395
1.239024
1.234003
1.939390
1.881552
1.517431
1.265442
1.494568
1.508024
1.845399
1.243066
1.471260
1.884004
1.142028
1.128675
1.467465
1.651621
1.914687
1.460717
1.941075
1.523439
1.935977
1.528179
1.416592
1.151175
1.704323
1.123722
1.514307
1.992819
1.529267
1.810283
1.267103
1.950953
1.512659
1.688273
1.289638
1.164338
1.814426
0.960440
1.279624
1.733957
1.815249
1.255871
1.928909
1.273041
1.933049
1.631458
1.858964
1.995213
1.374485
1.450551
1.097492
1.874389
1.123694
1.211823
1.850239
1.199003
1.702400
1.601106
1.901910
1.235477
1.981879
1.831964
1.860818
1.877897
0.894610
1.499512
1.634719
1.804836
1.508694
1.159540
1.711260
1.890446
0.999945
1.743665
1.114970
1.776406
1.187411
1.656286
1.934585
1.236382
1.510175
1.779479
1.981773
1.965884
1.430910
1.599843
1.256552
1.746970
1.784943
1.791897
1.933652
1.336678
1.010688
1.204523
1.967183
1.170611
1.291228
1.356994
1.706768
1.980448
1.735171
1.660230
1.931590
1.393679
1.772382
1.690447
1.552527
1.177371
1.925033
1.732690
1.962935
1.796593
1.769854
1.285822
1.276238
1.453739
1.945523
1.709622
1.266336
1.160932
1.777132
1.831638
1.794881
1.082627
1.233583
1.529048
1.475572
1.155640
1.841112
1.389053
1.655080
1.666046
1.378821
1.808005
1.352657
1.752753
1.687758
1.733115
1.367968
1.595251
1.084826
1.437267
1.309169
1.330718
1.904983
1.122391
1.359493
1.210761
1.871872
1.607989
1.846883
1.823713
1.964782
1.393716
1.129325
1.624461
1.277347
1.422941
1.686117
1.618615
1.492146
1.404055
1.995659
1.315224
1.930165
1.508304
1.360088
1.317397
1.815473
1.071093
1.223741
1.885364
1.088591
1.688646
1.994382
1.491115
1.347860
1.701475
1.796844
1.760152
1.139671
1.007488
1.023547
1.721295
1.845923
1.696652
1.949078
1.899866
1.228146
1.489753
1.515229
1.547282
1.742172
1.306423
1.880586
1.388764
1.894161
1.350399
1.311770
1.637569
1.039892
1.174752
1.546772
1.416308
1.580527
1.529944
1.229733
1.853739
1.498708
1.575476
1.350639
1.529298
1.987866
1.674945
1.352628
1.891775
1.279088
1.151002
1.602431
1.568187
1.942121
1.727480
1.545236
1.896359
0.804930
0.930662
1.468705
1.620015
1.683582
1.759958
0.899774
1.582302
1.811158
1.900400
1.234935
1.118270
1.942833
1.722595
1.799323
0.970639
1.845348
1.040082
1.463834
1.334701
1.744841
1.992370
1.966839
1.609872
1.280300
1.949033
1.033893
1.815067
0.897889
1.693634
1.842267
1.216747
1.726438
1.286618
1.368830
1.601756
0.940521
1.378493
1.060943
1.866169
1.769468
0.875806
1.654245
1.625402
1.957559
1.307316
1.462876
1.725923
1.263919
1.469343
1.918547
1.967364
1.898469
1.953083
1.906861
0.991195
1.884554
1.458681
1.165824
1.001604
0.919509
1.788677
1.839740
1.138241
1.658876
0.999514
1.845721
1.525820
1.749899
1.346706
1.120584
1.283561
1.595927
1.966428
1.783233
1.065449
1.924793
1.933788
1.738822
1.179033
1.973195
0.932114
0.945404
1.941704
1.478267
1.045700
1.503800
1.645185
1.398098
1.237643
1.474081
1.954399
1.495482
1.459589
1.062180
0.767561
1.519408
1.290509
1.567159
1.854327
1.032756
