1.949861
1.999277
1.957819
1.961203
1.824739
1.970398
1.978743
1.935834
1.944221
1.952131
1.976490
1.970298
1.789697
1.994994
1.878294
1.973429
1.980200
1.930660
1.863933
1.903381
1.901944
1.936954
1.925991
1.639341
1.750442
1.907937
1.999384
1.891643
1.979599
1.955644
1.766169
1.940082
1.997961
1.814461
1.710455
1.968049
1.759008
1.758616
1.904762
1.889670
1.767147
1.885123
1.920329
1.712493
1.825778
1.784080
1.993886
1.932190
1.715635
1.875254
1.953070
1.896570
1.898483
1.662459
1.945224
1.528658
1.937377
1.874671
1.994991
1.794178
1.910053
1.928659
1.772714
1.740018
1.953451
1.893991
1.694633
1.763427
1.947309
1.584135
1.857907
1.681932
1.985042
1.822990
1.958642
1.694254
1.792522
1.539052
1.757340
1.994102
1.660699
1.975426
1.734481
1.994186
1.754318
1.733238
1.686459
1.700396
1.991466
1.933298
1.888057
1.951026
1.929078
1.662662
1.949043
1.857817
1.756660
1.744445
1.581587
1.940087
1.908973
1.755337
1.735608
1.888799
1.853374
1.495858
1.935086
1.941386
1.826309
1.882745
1.755682
1.599426
1.911543
1.796057
1.989539
1.823771
1.851485
1.885233
1.737025
1.833845
1.838869
1.886485
1.671437
1.696062
1.519630
1.948924
1.805691
1.546198
1.908675
1.541520
1.496252
1.972060
1.457753
1.963339
1.723637
1.815028
1.777850
1.753424
1.526042
1.935770
1.682719
1.733551
1.834348
1.483156
1.649038
1.708828
1.931891
1.849658
1.824747
1.905373
1.893538
1.587127
1.738491
1.804388
1.695508
1.639911
1.527514
1.588469
1.710623
1.386980
1.749703
1.560641
1.965183
1.581698
1.852003
1.656073
1.758331
1.839432
1.888328
1.831293
1.472426
1.779882
1.600905
1.327809
1.697116
1.572757
1.809514
1.380924
1.920134
1.745215
1.918183
1.672823
1.276202
1.502917
1.464792
1.724649
1.335722
1.636809
1.906226
1.760760
1.542157
1.871690
1.270345
1.819355
1.253290
1.993472
