1.449732
1.648211
1.740532
1.643384
1.865792
1.595265
1.927350
1.926346
1.965479
1.692954
1.854259
1.624750
1.980674
1.884333
1.554220
1.653308
1.662851
1.538260
1.730004
1.509687
1.609801
1.650912
1.712711
1.815595
1.585295
1.749881
1.844968
1.943726
1.689076
1.803109
1.780866
1.983083
1.995968
1.879826
1.905963
1.708395
1.951642
1.927664
1.660838
1.477463
1.776551
1.857250
1.467787
1.824636
1.481637
1.911251
1.564263
1.818082
1.778733
1.660322
1.658875
1.984110
1.471133
1.568812
1.667386
1.694818
1.641355
1.665655
1.870043
1.879123
1.915176
1.702728
1.923042
1.519024
1.551942
1.393236
1.927347
1.740846
1.542928
1.583500
1.636098
1.637217
1.559070
1.423225
1.790831
1.898656
1.989610
1.468758
1.960142
1.873941
1.479123
1.748455
1.545041
1.770784
1.254781
1.359190
1.992869
1.046581
1.856156
1.486892
1.471975
1.663188
1.290235
1.779701
1.370345
1.943616
1.456790
1.879046
1.983523
1.490811
1.948700
1.644243
1.786842
1.925612
1.904520
1.740316
1.385853
1.656829
1.854146
1.310583
1.801385
1.288616
1.924977
1.208310
1.116451
1.695431
1.423557
1.781893
1.702247
1.725543
1.810033
1.315557
1.686059
1.612075
1.704399
1.557674
1.940011
1.436163
1.952314
1.760653
1.858715
1.956929
1.139161
1.674109
1.352359
1.173363
1.885886
1.804563
1.542597
1.741804
1.458546
1.505023
1.996039
1.958861
1.510288
1.722436
1.722409
1.501867
1.661156
1.900344
1.502976
1.336901
1.427145
1.916809
1.780260
1.350643
1.622579
1.993195
1.848226
1.353272
1.272295
1.486988
1.458428
1.910586
1.606259
1.854796
1.799036
1.428342
1.686172
1.217144
1.822686
1.421066
1.592536
1.608343
1.903013
1.899904
1.875377
1.939810
1.798807
1.245822
1.531377
1.018233
1.939454
1.431496
1.881955
1.950230
1.637593
1.547639
1.351617
1.211964
1.322838
1.766653
1.536730
1.857522
1.582436
1.761022
1.941122
1.627558
1.538671
1.144727
1.684686
1.979997
1.591990
1.976055
1.423731
1.980841
1.812443
1.291153
1.830473
1.942629
1.534960
1.910484
1.559077
1.189218
1.163983
1.429209
1.256856
1.210434
0.981721
1.799156
1.402670
1.619522
1.636231
1.777771
1.620108
1.132640
1.508912
1.581830
1.626858
1.959888
1.600984
1.444249
1.740978
1.478036
1.744484
1.210705
1.762685
1.297082
1.738949
1.692298
1.455883
1.346247
1.103845
1.482301
1.857063
1.430195
1.350119
1.965630
1.600149
1.846612
1.890377
1.607593
1.808220
1.221503
1.935464
1.875366
1.439341
1.989593
1.934763
1.907541
1.621785
1.274130
1.421544
1.952070
1.450353
1.645292
1.465673
1.516059
1.881854
1.436889
1.898794
1.706641
1.528975
1.389052
1.519293
1.775290
1.350993
1.580297
1.924885
1.500746
1.224495
1.849547
1.161892
1.282159
1.806733
1.744289
1.841716
1.712916
1.824520
1.766457
1.867664
1.950103
1.803856
1.649830
1.869345
1.539035
1.758188
1.334224
1.929289
1.595864
1.001723
1.457730
1.676549
1.337650
1.869430
1.801518
1.955239
0.857623
1.690859
1.983933
1.835242
1.870473
1.327879
1.946909
1.637970
1.953881
1.653832
1.701774
1.940979
1.974213
1.671929
1.555158
1.645616
1.641263
1.349473
1.178448
1.747287
1.540661
1.934509
1.931688
1.760820
1.239101
1.747144
1.943616
1.104206
1.920056
1.554014
1.995692
1.412235
1.882735
1.670377
1.612629
1.238467
1.716396
1.741497
1.298169
1.569788
1.460279
1.147406
1.663305
1.967519
1.580843
1.644375
1.471019
1.581703
1.524031
1.473080
1.595619
1.600828
1.512159
1.822478
1.787414
1.940287
1.694760
1.308796
1.891202
1.505413
1.544637
1.677957
1.553952
1.695886
1.733912
1.517305
1.299211
1.922582
1.780162
1.833182
1.571561
1.256213
1.611118
1.061716
1.355821
1.404802
1.245638
1.960235
1.117398
1.881507
1.382646
1.087639
1.158708
1.679719
1.492558
1.986390
1.362731
1.889339
1.647658
1.685136
1.196460
1.994518
1.861174
1.998128
1.796166
1.624921
1.776818
1.963465
1.944502
1.712035
1.076096
1.744666
1.593754
1.429750
1.763722
1.377696
1.371201
1.223733
1.328836
1.939256
1.922801
1.242146
1.574422
1.082140
1.385732
1.231947
1.154577
1.504662
0.923967
1.816456
1.684119
1.313804
1.739000
1.882548
1.864352
1.460980
1.998038
0.987287
1.367749
1.173669
1.855730
1.814336
1.920011
1.672925
1.806099
1.325843
1.247102
1.930806
1.232254
1.253243
1.843915
0.992659
1.514059
1.447833
0.901957
1.742109
1.238043
1.868362
1.254589
1.750062
1.988029
1.659092
1.428914
1.649576
1.919612
1.889083
1.730167
1.932606
1.443569
1.627354
1.233230
1.889905
1.318693
1.101196
1.888157
1.197017
1.861531
1.376026
1.879852
1.632321
1.318353
1.654225
1.771085
1.747977
1.873689
1.766090
1.876197
1.928893
1.522654
1.436055
1.748962
0.953373
1.929055
1.655098
1.784295
1.679666
1.680408
1.502305
1.177232
1.735609
1.700530
1.423463
1.493219
1.251081
1.760921
1.851578
1.891853
1.130824
1.540069
1.376844
1.342123
1.656406
1.796226
1.707723
1.229608
1.150927
1.369937
1.794820
1.195002
1.615631
0.976283
1.962218
1.970431
1.721479
1.610875
1.919517
1.493808
1.976519
1.165302
1.964846
1.890609
1.516117
1.272202
0.981177
1.242673
1.787893
0.976205
1.937640
1.533332
1.613034
1.927753
1.367938
1.325177
1.789059
1.862339
1.680651
1.191627
1.761787
1.436898
1.978311
1.611201
1.628099
1.192751
1.719975
1.695934
1.581326
0.973617
1.455484
1.931698
1.522934
1.221138
1.606655
1.537043
1.870347
1.853970
1.329270
1.944260
1.369468
1.562546
1.732868
1.807953
1.808813
1.092509
1.564587
1.236844
0.955440
1.382256
1.496491
1.939767
1.472974
1.538049
1.998979
1.609523
1.694554
1.654615
1.401446
1.438077
1.848666
1.945367
1.217044
1.555156
1.929049
1.087753
1.705979
1.353116
1.787295
1.480220
1.733512
1.873182
1.648303
1.776020
1.414853
0.951223
1.770707
1.456303
1.066616
1.662045
1.819304
1.719198
1.155797
1.132887
1.645536
1.788352
1.571155
1.328865
1.802533
1.765475
1.955964
1.847098
1.963063
1.407079
1.431777
1.825002
1.181391
1.397998
1.844051
1.480855
0.946963
1.390442
1.795553
1.646897
1.986992
1.126998
1.989625
1.689273
1.419123
1.667481
1.516325
1.183017
1.450785
1.520935
1.056479
1.881237
1.564713
1.224778
1.245200
1.185538
1.777003
1.818338
1.678767
1.313744
1.734712
1.082741
1.919483
1.766601
1.499703
1.284228
1.337529
1.005897
1.834379
1.719359
1.991237
1.498689
1.364968
1.258318
1.829343
1.666550
1.186065
1.489698
1.992448
1.282813
1.871306
1.571315
1.564825
1.546971
1.402350
1.979024
1.545489
1.008777
1.915561
1.854553
1.074197
1.353298
1.991812
1.938554
1.863430
1.606151
1.876145
1.779537
1.329974
1.526587
1.939929
1.253632
1.436719
1.478210
1.287826
1.758959
1.177329
1.440873
1.222864
1.433876
1.563405
1.069311
1.950003
1.153904
1.930729
1.086352
1.102685
1.472696
1.578626
1.468158
1.337542
1.169513
1.560748
1.950916
1.404989
1.781314
1.134297
1.885796
1.709829
1.621753
1.545826
1.855960
0.981403
1.311980
1.711571
1.411824
1.339764
1.154269
0.972962
1.310297
1.139411
1.296718
1.974542
1.042788
0.914943
1.050340
1.525224
0.892466
1.122440
0.989760
1.976376
1.995330
1.877749
1.707660
1.225787
1.445057
1.988673
1.854904
1.482640
1.762536
1.973158
0.976585
1.745902
1.354356
1.338594
1.492101
1.224364
1.638844
1.733338
1.345536
1.587885
1.750517
1.350654
1.102677
1.502508
1.013686
1.973787
1.040457
1.189175
1.331743
1.791802
1.128957
1.143342
1.821678
1.265721
1.194316
1.823929
1.490225
1.941234
1.654627
1.943927
1.602263
1.478485
1.588829
1.055334
1.557761
1.529001
1.207149
1.450634
1.871176
1.515807
1.188103
1.931462
1.911915
1.659793
0.794849
1.666616
1.994825
1.583991
0.792575
1.309636
1.140324
1.712351
1.610375
1.116760
1.883688
1.438384
1.829530
1.077706
1.162562
1.016382
1.631037
1.283489
1.774291
1.421719
1.931531
1.130069
0.811532
1.754853
1.778623
1.181839
1.722691
1.550445
1.899337
1.862087
1.513585
1.264543
1.482324
1.784598
