1.980498
1.505976
1.483558
1.731086
1.361941
1.748725
1.290251
1.342511
1.555364
1.310027
1.681840
1.738870
1.541074
1.864617
1.257905
1.771884
1.810962
1.853840
1.530289
1.684277
1.495174
1.708773
1.733184
1.928234
1.901350
1.485564
1.942491
1.481027
1.857460
1.972928
1.438687
1.741360
1.844597
1.698802
1.375636
1.040788
1.631512
1.776241
1.258552
0.989933
1.553346
1.811545
1.604659
1.622270
1.330387
1.536835
1.993168
1.870424
1.767435
1.348436
1.694556
1.560279
1.763345
1.768771
1.899655
1.357813
1.547853
1.360490
1.901349
1.296614
1.979708
1.971882
1.621733
1.870537
1.826269
1.779600
1.474365
1.932300
1.218795
1.760674
1.888799
1.579750
1.152302
1.885845
1.792013
1.531931
1.252697
1.494927
1.689259
1.927361
1.074677
1.978404
1.335968
1.628438
1.948807
1.267186
1.861656
1.953866
1.665911
1.987036
1.713708
1.750026
0.950080
1.509520
1.961146
1.752060
1.751524
1.329786
1.980147
1.399834
1.380602
1.886922
1.837454
1.888250
1.832237
0.914072
1.486838
1.658496
1.621892
1.011446
1.821723
1.671356
1.958459
1.872855
1.363109
1.391046
1.837969
1.444914
1.812315
1.510027
1.912245
1.646641
1.780503
1.576639
1.434173
1.401382
1.517824
1.960604
1.360362
1.290551
1.647966
1.714982
1.848444
1.774594
1.741414
1.885702
1.125605
1.870624
1.548203
1.491012
1.825181
1.486777
1.435458
1.956590
1.434364
1.433987
1.801908
1.725064
1.838815
1.949915
1.671372
1.859798
1.486847
1.396199
1.762120
1.374663
1.763665
1.993638
1.708769
1.815813
1.622218
1.956147
1.960519
1.538492
1.411938
1.185594
1.450389
1.997731
1.965181
1.695966
1.530723
1.021677
1.996785
1.546967
1.911482
1.687546
1.405638
1.537918
1.556396
1.377560
1.860416
1.843877
1.652180
1.851310
1.377236
1.829540
1.701144
1.792935
1.887912
1.211143
1.747168
1.575800
1.985090
1.568989
1.349583
1.794101
1.502483
1.726273
1.933608
1.822878
1.619378
1.464179
1.730323
1.372034
0.946145
1.545600
1.846670
1.377110
1.367171
1.083917
1.660242
1.038402
1.939177
1.907172
1.851995
1.044925
1.983970
1.338435
1.171826
1.453692
1.814263
1.450506
1.383061
1.492399
1.837061
1.732975
1.665205
1.575854
1.392242
1.698182
1.242756
1.694662
1.953548
1.626790
1.506109
1.466587
1.153614
1.634978
1.149027
1.754204
1.421260
1.733607
1.229982
1.653138
1.831194
1.648248
1.465181
1.828785
1.440490
1.260538
1.901391
1.885945
1.381577
1.991913
1.656673
0.765123
1.327693
1.206518
1.151885
1.735402
1.178719
1.359336
1.083126
1.232745
1.761887
1.845291
1.469877
0.926219
1.739883
0.846973
1.960824
1.637992
1.423808
1.242766
1.063002
1.316640
1.773554
1.962282
1.376975
