1.802165
1.557458
1.779300
1.550437
1.902501
1.470292
1.862987
1.535643
1.819650
1.757398
1.794126
1.572519
1.865578
1.805626
1.551391
1.701363
1.978636
1.567030
1.903717
1.997256
1.901631
1.472622
1.997421
1.946977
1.849351
1.243044
1.815103
1.453392
1.964475
1.889138
1.629433
1.488680
1.648250
1.948968
1.643681
1.547548
1.608260
1.522054
1.487581
1.877490
1.795017
1.558942
1.910640
1.794077
1.820113
1.722258
1.922095
1.766712
1.376136
1.646150
1.531054
1.625723
1.880435
1.505836
1.872463
1.431719
1.483623
1.525209
1.423470
1.867576
1.376165
1.672056
1.962367
1.258402
1.963894
1.469109
1.254786
1.911405
1.808662
1.339749
1.356725
1.590682
1.598432
1.287926
1.746871
1.746458
1.542165
1.895956
1.600409
1.584054
1.962829
1.530236
1.273118
1.721432
1.827407
1.488445
1.900828
1.814599
1.390683
1.582392
1.607065
1.675901
1.950614
1.577815
1.510323
1.980664
1.772225
1.884630
1.774321
1.746367
1.803247
1.569074
1.843537
1.885803
1.983601
1.598505
1.468916
1.333160
1.710979
1.816012
1.666818
1.790120
1.844033
1.668820
1.587530
1.484391
1.762096
1.859752
1.568240
1.520325
1.864292
1.301490
1.882278
1.704751
1.539405
1.554700
1.457968
1.596853
1.870366
1.851780
1.715521
1.645843
1.983833
1.260316
1.657649
1.967521
1.601896
1.846463
1.915079
1.968470
1.982667
1.599555
1.563360
1.805742
1.855935
1.766914
1.299957
1.839181
1.918124
1.209855
1.935037
1.855109
1.221114
1.606656
1.757804
1.906635
1.115492
1.186956
1.768512
1.275513
1.714149
1.960828
1.607904
1.864081
1.769034
1.974286
1.863407
1.704155
1.776637
1.376208
1.166675
1.443644
0.926884
1.404703
1.971446
1.783590
1.967490
1.527249
1.946296
1.171992
1.997965
1.256707
1.147917
1.852028
1.920250
1.281724
1.799462
1.740983
1.861133
1.608877
1.536966
1.475605
1.701583
1.942209
1.708063
1.759995
1.946858
1.356978
1.423253
1.359266
1.163377
1.291622
1.597071
1.527945
1.335221
1.481556
1.421664
1.515905
1.816577
1.906726
1.717188
1.086998
1.575078
1.785973
1.707883
1.344472
1.335668
1.179854
1.969303
1.791422
1.441838
1.289716
1.375412
1.651145
1.605243
1.488103
1.907330
1.149964
1.436580
1.647125
1.918658
1.754615
1.506865
1.344247
1.091099
1.855399
1.815703
1.958042
1.459155
1.411452
1.678815
1.397135
0.993263
1.437030
1.962809
1.806427
1.824132
1.896205
1.369651
1.899703
1.694231
1.784202
1.328697
1.952698
1.244931
1.574537
1.223140
1.540473
1.864837
1.937828
1.523547
1.872024
1.154312
1.995235
1.826856
1.403781
1.941318
1.279289
1.941873
1.766150
0.858950
1.159241
1.450973
1.362575
1.638180
1.443557
1.523979
1.976673
1.701413
1.817582
1.979998
1.413748
1.892227
1.469929
1.184471
1.728597
1.798109
1.600098
1.193494
1.287537
1.735872
1.533518
1.959717
1.233731
1.863920
1.405100
1.828969
1.953955
1.814361
1.486448
1.316646
1.745063
1.847206
1.442123
1.290091
0.911005
1.012777
1.468027
1.158985
1.718094
1.053351
1.831172
1.436468
1.335959
1.852971
1.727476
1.780250
1.766225
1.860529
1.930477
1.796341
1.837815
1.597284
1.220760
1.862153
1.923212
1.132330
1.506438
1.018130
1.558036
1.995207
1.199453
1.285343
1.658773
1.120458
1.842434
1.693300
1.883105
1.830416
1.283898
1.795073
1.583022
1.881148
1.783411
1.410977
1.467976
1.234455
1.718492
1.358024
1.845428
1.420874
1.901505
1.837998
1.624409
1.903190
1.932036
1.951334
1.806147
1.547673
0.915375
1.450059
1.737485
1.410526
1.992935
1.834904
1.958723
1.422095
1.067713
1.267537
1.745149
1.768202
1.181038
1.215525
1.800139
1.964766
1.894157
1.444227
1.530603
1.323859
1.865129
1.963843
1.165057
1.190528
1.937790
1.465012
1.669511
1.795048
0.981110
1.583183
1.179631
1.461936
1.757374
1.075636
1.298793
1.458126
1.525504
1.746083
1.926553
1.224829
1.750612
1.466805
1.111018
1.789890
1.350679
1.163720
1.669385
1.920672
1.377147
1.609826
1.964390
1.196248
1.310109
1.654847
1.306084
1.391866
1.563629
1.976493
1.249546
1.818331
1.613244
1.763613
1.043868
1.869759
1.590116
1.503760
1.119264
1.037826
1.021168
1.696679
1.972623
1.157470
1.263621
1.663150
1.156783
0.930343
1.085689
0.808387
1.682483
1.924404
1.392035
1.392169
1.264657
1.250185
1.507364
1.908049
1.827015
1.120124
1.209802
1.227181
1.971783
1.802324
1.287923
1.827920
0.932718
1.869315
1.393306
1.940947
1.786226
1.300212
1.978203
1.347392
1.998214
0.891075
1.441981
1.296619
1.251376
1.055895
1.646700
1.671605
1.493042
1.636118
1.835698
1.010833
0.864244
1.366815
1.672726
1.005257
1.918407
0.972524
1.527613
