1.909757
1.902263
1.933997
1.807673
1.833946
1.613261
1.896079
1.710861
1.908896
1.903615
1.936020
1.981927
1.988204
1.771776
1.571185
1.936419
1.779905
1.973455
1.855532
1.936969
1.633723
1.879606
1.771523
1.847327
1.935022
1.927473
1.547634
1.563524
1.775936
1.634581
1.806791
1.937640
1.648489
1.968760
1.371538
1.443545
1.658527
1.602032
1.698369
1.582242
1.724512
1.642038
1.897692
1.916584
1.939230
1.695965
1.988613
1.877859
1.875860
1.757379
1.646276
1.663858
1.872636
1.980013
1.596409
1.879897
1.335986
1.575296
1.803185
1.718589
1.981695
1.803281
1.340235
1.723905
1.811868
1.733685
1.943431
1.755492
