1.982998
1.796781
1.910543
1.936733
1.938680
1.633342
1.840200
1.995359
1.837853
1.986009
1.996320
1.952652
1.812926
1.855767
1.944391
1.959419
1.899675
1.686624
1.887715
1.901348
1.806583
1.915045
1.814741
1.829601
1.585607
1.987572
1.707360
1.997195
1.898644
1.800660
1.475630
1.837027
1.854973
1.894779
1.695661
1.895574
1.842824
1.808587
1.457472
1.960947
1.808132
1.858954
1.975109
1.804099
1.849729
1.945431
1.458502
1.952109
1.741556
1.657270
1.636365
1.793627
1.635258
1.887699
1.604078
1.983521
1.761519
1.938742
1.559946
1.633288
1.759672
1.676965
1.583698
1.894137
1.973503
1.818403
1.878532
1.972943
1.643658
1.858405
1.715711
1.944195
1.983826
1.833097
1.907217
1.992598
1.589206
1.743715
1.720702
1.737362
1.617610
1.638443
1.341523
1.935130
1.871716
1.550962
1.673683
1.477084
1.945524
1.815322
1.659545
1.843717
1.874565
1.713516
1.700517
1.825499
1.683587
1.958184
1.972435
1.934277
1.490902
1.995691
1.922892
1.648316
1.553852
1.860102
1.505298
1.871455
1.698810
1.687147
1.808004
1.913810
1.698827
1.829379
1.702810
1.879683
1.810918
1.632496
1.525515
1.468360
1.595816
1.934015
1.841479
1.537605
1.837480
1.782915
1.840451
1.578054
1.343641
1.862085
1.347485
1.866692
1.868696
1.403170
1.968421
1.967850
1.509836
1.871461
1.635175
1.912521
1.327768
1.671524
1.692769
1.391919
1.734411
1.748700
1.856605
1.779030
1.556368
