1.760540
1.956557
1.921081
1.728468
1.301127
1.904868
1.846204
1.475914
1.597857
1.273054
1.598200
1.379891
1.764585
1.834035
1.497402
1.832758
1.783434
1.933783
1.972103
1.404851
1.793671
1.986884
1.955135
1.481435
1.349791
1.798401
1.996822
1.692359
1.880379
1.553450
1.551325
1.532136
1.336430
1.974190
1.590681
1.674150
1.864928
1.730780
1.614253
1.475524
1.923276
1.916197
1.393778
1.167769
1.695518
1.558300
1.803382
1.890186
1.083347
1.435606
1.947210
1.692050
1.618430
1.105072
1.274583
1.921973
1.557749
1.386275
1.343339
1.819096
1.947160
1.547658
1.634955
1.812505
1.680920
1.830283
1.795728
1.846837
1.147292
1.978524
1.644134
1.489456
1.961735
1.493832
1.188419
1.612741
1.997189
1.328826
1.837290
1.729037
1.261727
1.588441
1.981222
1.884591
1.505955
1.278604
1.960144
1.754724
1.688724
1.357363
1.977444
1.087729
1.671371
1.699655
1.912265
1.954494
1.806775
1.826732
1.632010
1.917171
1.520278
1.847149
1.794511
1.463937
1.428756
1.543789
1.846091
1.619821
1.161609
1.984722
1.575857
1.929664
1.557283
1.759911
1.810780
1.930721
1.545871
1.987814
1.310733
1.304712
1.606189
1.882658
1.968023
1.837349
1.835410
1.663604
1.385122
1.269477
1.925671
1.466151
1.454338
1.975631
1.295035
1.920383
1.691479
1.510184
1.687335
1.472289
1.731722
1.551751
1.341959
1.703729
1.188528
1.478743
1.647178
1.693773
1.849615
1.310982
1.830768
1.919457
1.183019
1.697207
1.857592
1.907125
1.819203
1.476802
1.886294
1.627532
1.744595
1.861012
1.409667
1.367375
1.985636
1.984618
1.249648
1.952572
1.909753
1.370173
1.781935
1.813263
1.822920
1.357538
1.072081
1.688471
1.719072
1.369523
1.712285
1.161030
1.549669
1.578739
1.342289
1.810613
1.164679
1.407264
1.773856
1.564001
1.841038
1.577026
1.348030
1.023401
1.501278
1.282169
1.354157
1.977902
1.644725
1.128399
1.523290
1.482872
1.444678
1.797975
1.745695
1.558014
0.869816
1.266204
1.662085
1.722223
1.572733
1.493058
1.667324
1.847687
1.423835
1.632746
1.956126
1.411651
1.232822
1.855016
1.923727
1.658738
1.262952
1.897266
1.610222
1.696998
1.979458
1.778258
1.753394
1.274061
1.936324
1.590216
1.301585
1.757285
1.437567
1.326564
1.100599
1.705613
1.352341
1.579776
1.789193
1.241123
1.859400
1.378736
1.228751
1.426942
1.918677
1.259160
1.896992
1.944941
1.180574
1.880932
1.822006
1.637808
1.757359
1.518036
1.184668
1.861167
1.850526
1.525134
1.613400
1.549746
1.843702
1.379330
1.938481
1.112152
1.998617
1.476296
1.797840
1.457746
1.380416
1.361189
1.541161
1.733900
1.774407
1.316607
1.097869
1.509312
1.936186
1.182745
1.708524
1.866414
1.606432
1.042455
1.945142
1.393892
1.170538
1.704661
1.842790
1.112493
1.597519
1.624704
1.065463
1.759098
1.828439
1.428530
1.866332
1.380626
1.182985
1.905860
1.860949
1.950825
1.963522
1.848646
1.705237
1.826899
1.715074
1.492603
1.350991
1.296690
1.551572
1.806954
1.236741
1.285564
1.638117
1.543271
1.411208
1.390828
1.877827
1.660583
1.474166
1.310902
1.859894
1.937517
1.628674
1.787694
1.455297
1.042070
1.904861
1.931270
1.623348
1.541066
1.284718
1.698475
1.242605
1.283841
1.970099
1.529107
1.680382
1.581778
1.729535
1.958747
1.328881
1.940124
1.573820
1.368179
1.483976
1.445586
1.989705
1.616979
1.425678
1.655384
1.883515
1.792869
1.636047
1.920692
1.254656
1.368468
1.527806
1.204888
1.687013
1.934284
1.778315
1.552050
1.943487
1.029883
1.698208
1.241156
1.650914
1.170735
1.156790
1.443337
1.915680
1.903782
1.822456
1.606546
1.552077
1.479353
1.831236
1.500113
1.609206
1.346187
1.744551
1.244901
1.678665
1.445245
1.700718
1.867562
1.686547
1.919461
1.734049
1.675987
1.670858
1.841665
1.517340
1.826103
1.502385
1.212285
1.344471
0.991175
1.910251
1.667909
1.821801
1.880877
1.850931
1.554183
1.549300
1.714920
1.988861
1.940868
1.480460
1.087454
1.908914
1.679634
1.568234
1.810989
1.823763
1.980454
1.299030
1.260637
1.243981
1.554557
1.082737
1.850568
1.902224
1.489867
1.143472
1.669659
0.968897
1.862889
1.893232
1.073486
1.929423
1.757805
1.783865
1.790077
1.839408
1.034802
1.236161
1.378943
1.478437
1.434950
1.525729
1.583093
1.774867
1.912874
1.441717
1.905562
1.775621
1.922215
1.387259
1.592167
1.993371
0.982095
1.778489
1.703325
1.712819
1.608618
1.271016
1.544282
1.537210
1.462973
1.147821
1.492784
1.422586
1.659055
1.198892
1.807317
1.988367
0.979725
1.963367
1.142904
1.528386
1.790484
1.769117
1.245957
1.306323
1.671095
1.095474
1.450006
1.698176
1.206595
1.484190
1.789229
1.752766
1.276803
1.732882
1.987257
1.201468
1.493973
1.401031
1.456231
1.785722
1.398006
1.400305
1.650852
1.203828
1.232635
1.054974
0.899366
1.608410
1.563993
1.917847
1.841419
1.040500
1.890801
1.564075
1.531579
1.460254
1.459859
1.595123
1.283370
1.479670
1.527691
1.707648
1.156572
1.366896
1.741206
1.411248
1.117735
1.760938
1.831470
1.578989
1.989453
1.078182
1.430751
1.902734
1.925736
1.430526
1.549450
1.722209
1.478434
1.500659
1.959095
1.136980
1.874833
1.733666
1.334372
1.939247
1.379037
1.653977
1.462888
1.535167
1.716460
1.202050
1.450556
1.773077
1.312975
1.351511
1.510456
1.395675
1.657885
1.704156
1.863854
1.717030
1.200016
1.112687
0.997048
1.709408
1.897569
1.754948
1.586226
1.660068
1.498993
1.554529
1.367624
1.919187
1.292421
1.688930
1.037133
1.446981
1.335704
1.478446
1.196220
1.811806
1.581945
1.851996
1.657400
1.444034
1.411306
1.648584
1.996980
1.298073
1.702186
1.623636
1.871843
1.530111
1.303919
1.651972
1.077605
1.384055
1.898529
1.104988
1.131586
1.991307
1.941170
1.794769
1.874368
1.715787
1.288364
1.126398
1.081798
1.821513
1.158977
1.366510
1.957687
1.299011
1.569299
1.458801
1.632834
1.916222
1.366487
1.701674
1.958900
1.046431
1.515457
1.384535
1.402016
1.771152
1.754345
1.966863
1.880841
1.265466
1.472804
1.125663
0.901797
1.963389
1.333472
1.618690
1.923100
1.549692
1.869622
1.887107
1.172131
1.947526
1.491744
1.613319
1.462067
1.404713
1.892107
1.721602
1.890634
1.898656
1.366744
1.624039
1.716693
1.051879
1.671650
1.670297
1.999741
1.427665
1.489953
1.688496
1.888483
1.657338
1.763447
1.474217
1.085296
1.300103
0.922922
1.590997
1.338806
1.481110
0.899565
1.852690
1.438600
1.834008
1.597144
1.034353
1.595369
1.581184
1.062117
1.632794
1.541707
1.028804
1.935978
1.514081
1.708354
1.299349
1.228453
1.106052
1.947826
1.164330
1.678097
1.947319
1.471844
1.002315
1.656122
1.189238
1.144435
1.375612
1.055036
1.847557
1.427409
1.591431
1.910043
0.974433
1.392460
1.203500
1.913203
1.497956
1.314645
1.859404
1.949402
1.441350
1.648085
1.702679
1.681132
1.760854
1.820737
1.704762
1.437298
0.787054
1.756595
1.984087
1.837672
0.984769
1.642100
1.392286
1.411438
1.812707
1.265771
1.404271
1.443666
1.073637
1.427224
1.806445
1.524959
1.104638
1.999378
1.039678
1.564345
1.440109
1.088329
1.849996
1.954508
0.910287
1.533285
1.712910
1.607269
1.312932
0.937758
1.748939
1.275461
1.747526
1.111761
1.294240
1.156899
1.349364
1.321115
0.835775
1.813150
0.852986
1.267965
0.743512
1.725652
1.177521
1.087245
1.242827
1.807432
1.034180
1.310954
1.012852
1.209881
0.795526
1.139678
1.567999
1.646715
1.446829
0.869521
1.937176
1.288981
