1.950556
1.928023
1.958810
1.742230
1.973996
1.772962
1.753832
1.817949
1.973201
1.698555
1.923704
1.996037
1.919747
1.977375
1.929840
1.789913
1.950035
1.875487
1.775180
1.982196
1.732579
1.747700
1.953685
1.899376
1.743560
1.778562
1.928590
1.753849
1.953285
1.774173
1.835255
1.893153
1.997526
1.673480
1.899419
1.894300
1.779301
1.563715
1.804181
1.622402
1.831196
1.764608
1.724251
1.346969
1.780893
1.925361
1.800709
1.742243
1.447671
1.462403
1.921076
1.455323
1.606391
1.504925
1.687460
1.944314
1.822810
1.972090
1.901135
1.948786
1.967573
1.549601
1.591194
1.959423
1.364552
1.816590
1.799588
1.640634
1.742353
1.462854
1.764884
1.582512
1.756936
1.549864
1.975401
1.770026
1.575949
1.658060
1.825414
1.823679
1.453930
1.695176
1.756085
1.612806
1.412556
1.219159
1.798741
1.600565
1.968824
