1.837920
1.944447
1.902289
1.991270
1.685979
1.190633
1.424122
1.908222
1.857793
1.526975
1.428040
1.987837
1.622453
1.836404
1.420637
1.514053
1.721937
1.872438
1.578811
1.998969
1.719908
1.590093
1.978445
1.814058
1.587611
1.756799
1.990433
1.776916
1.722017
1.927729
1.753543
1.561600
1.777434
1.400391
1.983570
1.933747
1.292034
1.590048
1.989937
1.447454
1.937714
1.057368
1.900170
1.939911
1.543299
1.588273
1.827451
1.217364
1.631181
1.602485
1.176655
1.601959
1.875215
1.663525
1.922391
1.429918
1.938284
1.742002
1.788622
1.924400
1.662641
1.613441
1.840508
1.525929
1.862749
1.920978
1.331755
1.929484
1.838796
1.580859
1.662143
1.235809
1.613143
1.516195
1.319081
1.810416
1.844108
1.287369
1.771861
1.446938
1.261559
1.627674
1.596725
1.880103
1.495147
1.336357
1.963435
1.887916
1.918538
1.247337
1.915322
1.652960
1.214634
1.686444
1.883592
1.645599
1.789367
1.838911
1.189745
1.925767
1.037911
1.268128
1.994494
1.151018
1.889074
1.587604
1.559775
1.963759
1.915367
1.307326
1.404318
1.278165
1.660645
1.605414
1.374441
1.518749
1.641623
1.789295
1.692375
1.864383
1.164197
1.846916
1.616033
1.559240
1.773936
1.520810
1.959534
1.617760
1.792198
1.192992
1.544201
1.715301
1.774886
1.788076
1.097402
1.455255
1.701314
1.519740
1.833065
1.043859
1.335251
1.767623
1.807727
1.204246
1.450523
1.800522
1.515039
1.995944
1.741785
1.723494
1.615997
1.603187
1.852689
1.710946
1.508946
1.875966
1.744512
1.633333
1.355363
1.747591
1.862091
1.027124
1.319683
1.701587
1.655626
1.517382
1.307809
1.923793
1.595023
1.733933
1.766541
1.914523
1.230477
1.266014
1.659393
1.905931
1.788764
1.086823
1.765605
1.532971
1.364303
1.743766
1.899731
1.950595
1.904339
1.374368
1.914718
1.933150
1.566655
1.951372
1.339741
1.384657
1.900480
1.702877
0.989744
1.483299
1.542856
1.586369
1.888460
1.533406
1.394389
1.357913
1.896689
1.311209
1.810232
1.261547
1.995991
1.929805
1.795946
1.046708
1.821643
1.403598
1.639992
1.936838
1.239899
1.469800
1.000520
1.763348
1.908996
1.261371
1.267570
1.757384
1.579424
1.778001
1.634215
1.985057
1.215250
1.617185
1.638755
1.840792
1.854133
1.897182
1.230045
1.547147
1.551311
1.611503
1.180234
1.917898
1.667813
1.116459
1.953167
1.618281
1.620023
1.762241
1.508448
1.878859
1.543598
1.715270
1.494358
1.453412
1.200705
1.514207
1.865623
1.289770
1.884218
1.560185
1.330912
1.680036
1.497174
1.723893
1.618111
1.506293
1.680776
1.265284
1.950304
0.959624
1.625549
1.775877
1.804144
1.979370
1.992549
1.459053
1.474227
1.301606
1.814410
1.379606
1.861260
1.636153
1.443114
1.693867
1.666440
1.393372
1.829528
1.739248
1.383820
1.799271
1.737136
1.167819
1.323769
1.777052
1.350728
1.616717
1.615392
1.691035
1.210703
1.743711
1.791752
1.937812
1.329389
1.268732
1.911125
1.607112
1.539142
1.913674
1.778416
1.237132
1.184060
0.940358
1.991072
1.479915
1.570128
1.969538
1.972698
1.342194
1.118141
1.695482
1.950075
1.996036
1.237528
1.128836
1.781335
1.551664
1.807114
0.999536
1.822566
1.872663
1.357925
1.943365
1.307727
0.998651
1.372300
1.202422
1.418088
1.887555
1.860858
1.641413
1.905065
1.155572
1.926550
1.994948
1.829362
1.308002
1.773512
1.518770
1.027915
1.167674
1.681782
1.223946
1.596160
1.586452
1.254598
1.689866
1.927411
1.701786
1.202848
1.347675
1.511128
1.910356
1.779826
1.619325
1.431454
1.414551
1.995994
1.892394
1.851592
1.081661
1.429842
1.756701
1.402871
1.484576
1.814787
1.815499
1.225925
1.996660
1.404408
1.587100
1.240650
1.476063
1.999805
1.991808
1.678745
1.650495
1.990348
1.001095
1.577912
1.660754
1.175082
1.360425
1.817231
1.602303
1.702336
1.756678
1.730163
0.915005
1.822161
1.912108
1.934619
1.192229
1.750148
1.405226
1.879068
1.742095
1.576781
1.367147
1.175648
1.856204
1.250839
1.655222
1.948214
1.107455
1.646151
1.840407
1.092061
1.174339
1.360484
1.478043
1.655025
1.301626
1.640788
1.944858
1.687688
1.695418
1.914152
1.440003
1.749012
1.938221
1.341323
1.917748
1.898598
1.551878
1.340429
1.344730
1.392706
1.657803
1.133730
1.848133
1.430678
1.900588
1.886637
1.243647
1.396020
1.809285
1.679366
1.298742
1.974061
1.998077
1.633517
1.344935
1.683327
1.174105
1.446073
1.831578
1.691599
1.769943
1.467285
1.715207
1.808500
1.401516
1.232225
1.095440
1.382529
1.510420
1.537541
1.974035
1.416667
1.963854
1.687060
1.076229
1.136874
1.231148
1.565574
1.613049
1.630454
1.902837
1.166986
1.774225
1.794666
1.659680
1.412542
1.754550
1.983511
1.925429
1.509511
1.716750
1.336184
1.753725
1.378203
1.391999
1.363949
1.286640
1.794510
1.800310
1.677260
1.553762
1.595775
1.736401
1.180789
1.221658
1.348275
1.395654
1.715741
1.711573
1.514560
1.198186
1.533668
1.947678
1.386332
1.771555
1.476318
1.574856
1.823788
1.875241
1.671844
1.747044
1.727447
1.666595
1.974908
1.424301
1.786736
1.794381
1.921939
1.172763
1.650523
1.702666
1.691980
1.811212
1.656149
1.885438
1.472888
1.704805
1.936324
1.827546
1.636497
1.640947
1.220067
1.637909
1.701870
1.535256
1.301021
1.341543
1.470513
1.083442
1.824960
1.936715
1.448448
1.695229
1.221280
1.642411
1.856772
1.596631
1.105240
1.844715
1.177149
1.663136
1.050121
1.854082
1.158258
1.719209
1.535613
1.011941
1.770979
1.774027
1.500305
1.960312
1.600002
1.575001
1.092721
1.832826
1.903449
1.809891
1.468994
1.563083
0.865173
1.249571
1.795724
1.547330
1.166953
1.920390
1.206899
1.586732
1.296553
1.869394
1.606401
0.872236
1.958075
1.500260
1.612043
1.990995
1.887833
1.968223
1.974190
1.072120
1.823883
1.436595
0.925045
1.644280
1.833975
1.815743
1.535911
1.694914
1.099005
1.618703
1.228142
1.393071
1.234301
1.236384
1.356125
1.093056
1.527333
1.823040
1.248494
1.664641
1.436335
1.397677
1.860735
1.941585
1.727460
1.444611
1.483803
1.798238
1.428868
1.285048
1.811360
1.712120
1.671716
1.056327
1.676855
1.307657
1.229782
1.477872
1.733672
1.363844
1.941561
1.709262
1.952241
1.803277
1.781485
1.052193
1.863899
1.290506
1.828287
1.737661
1.947891
1.840421
1.561887
1.892892
1.568380
1.114881
1.296539
1.529503
1.964947
1.907144
1.755539
1.996671
0.936163
1.593638
1.214187
1.197076
0.921405
1.945503
1.922621
1.758656
1.923167
1.620171
1.362515
1.999625
1.486535
1.735373
1.721935
1.184016
1.984012
1.360051
1.393591
1.541947
1.133231
1.938012
1.763715
1.538628
1.670979
1.363599
1.470351
0.785568
1.079525
1.638254
1.528645
1.086143
1.880421
1.911234
0.895830
1.598065
1.409397
1.569988
1.179092
1.418533
1.655064
0.815176
1.953374
1.100337
1.720398
1.716865
1.554537
1.095983
1.111095
1.957480
1.206548
1.068667
1.377923
1.317718
1.624125
0.946694
1.341208
1.300045
1.934035
1.741767
1.986538
1.187283
1.934677
1.888450
1.331651
0.965344
1.568165
1.790028
1.573492
1.882888
1.874045
0.978799
1.145532
1.239611
1.763991
1.415269
1.898770
1.604537
1.683803
1.665531
1.269744
1.356863
1.905768
1.971593
1.739503
1.148630
1.813923
1.612215
1.797446
1.001356
1.698490
1.520500
1.418665
0.850087
1.947945
1.129326
1.891696
1.490607
1.132968
1.636405
1.033544
1.776419
1.494087
1.963262
1.265484
1.624589
1.125109
1.094078
1.104163
1.774379
1.892394
1.942855
1.186423
1.156169
1.754055
1.621156
0.873297
1.382525
1.776042
1.891667
1.433321
1.717833
1.206727
1.973898
1.820871
1.500205
1.343715
1.923747
1.524361
1.492261
1.124440
1.743074
1.077980
1.653632
1.349556
0.968712
1.871110
1.593639
1.631082
1.012081
0.871164
0.887100
1.510427
1.162150
1.987714
1.494698
1.946801
1.804343
1.152644
1.137635
1.395548
1.108065
1.862996
1.214918
1.659486
1.605192
1.935340
1.250909
1.710890
1.441996
1.702421
1.142001
0.947797
1.415941
1.132826
