1.716493
1.636900
1.615416
1.997808
1.804802
1.767528
1.901925
1.813824
1.514339
1.872435
1.846066
1.149958
1.202760
1.549491
1.635098
1.872173
1.901323
1.570795
1.288184
1.815307
1.693768
1.967403
1.652585
1.587487
1.610566
1.774239
1.610340
1.873485
1.975843
1.749056
1.858266
1.722214
1.944209
1.950618
1.975337
1.950719
1.437444
1.496142
1.393184
1.771970
1.853310
1.566143
1.801147
1.462077
1.454036
1.803832
1.928831
1.160748
1.259023
1.223195
1.736673
1.538552
1.971055
1.145425
1.943856
1.984786
1.898551
1.693652
1.895022
1.459391
1.726491
1.446476
1.578545
1.387356
1.923262
1.446057
1.871289
1.241097
1.678043
1.985048
1.775616
1.895890
1.711389
1.188785
1.966532
1.344706
1.249144
1.741518
1.838854
1.987215
1.910287
1.545799
1.313342
1.642092
1.825372
1.487201
1.171271
1.777907
1.483146
1.895244
1.338522
1.638209
1.447274
1.616586
1.735066
1.962774
1.627164
1.575955
1.476565
1.415670
1.961646
1.428956
1.860626
1.523113
1.953305
1.451088
1.973626
1.568925
1.857014
1.263189
1.608924
1.969792
1.821229
1.680731
1.623735
1.873947
1.104248
1.314904
1.632724
1.869483
1.437222
1.955971
1.954211
1.258663
1.623835
1.594424
1.755258
1.295244
1.121916
1.555079
1.756199
1.211079
1.684001
1.932376
1.441987
1.977964
1.545723
1.276959
1.925198
1.926609
1.822852
1.788803
1.308753
1.391474
1.990837
1.945247
1.801423
1.872531
1.911719
1.900053
1.809633
1.745700
1.782655
1.859804
1.733064
1.871070
1.888288
1.329447
1.712469
1.878906
1.514994
1.363951
1.998751
1.413239
1.801712
1.695326
1.269534
1.806961
1.510872
1.417784
1.882035
1.226139
1.380151
1.474048
1.948450
1.815999
1.470294
1.919438
1.892139
1.303825
1.422362
1.757472
1.753046
1.621802
1.442516
1.997256
1.099611
1.879498
1.996855
1.190743
1.022581
1.901591
1.857078
1.614769
1.365221
1.958535
1.461847
1.291125
1.637400
1.699924
1.663333
1.692046
1.840328
1.321556
1.789022
1.543575
1.997657
1.341296
1.931459
1.251715
1.862893
1.949445
1.778065
1.780234
1.339550
1.910697
1.743584
1.814401
1.866798
1.824915
1.094973
1.515138
1.257391
1.300240
1.106818
1.626139
1.571035
1.053513
1.267218
1.292195
1.545982
1.843181
1.977886
1.698569
1.743911
1.650024
1.498880
1.414616
1.799334
1.665146
1.834254
1.271340
1.993361
1.486934
1.551818
1.600207
1.972942
1.053453
1.833858
1.861521
1.246028
1.811993
1.848519
1.761911
1.650251
1.959785
1.524786
1.631093
1.353924
1.512673
1.547099
1.477398
1.683157
1.310759
1.859906
1.884504
1.361032
1.857205
1.696472
1.723338
1.869602
1.606184
1.540831
1.820653
1.898444
1.666351
1.953268
1.527872
1.583403
1.769784
1.706302
1.786295
1.444796
1.676756
1.481905
1.747182
1.280885
1.799194
1.744163
1.659188
1.710710
1.992207
1.319365
1.711769
1.959850
1.510468
1.408579
1.172957
1.527335
1.217747
1.475644
1.462286
1.029937
1.748736
1.870819
1.693443
1.526841
1.960171
1.421942
1.773710
1.472022
1.671000
1.995986
1.500729
1.989352
1.706822
1.356966
1.531594
1.984868
1.043717
1.541564
1.364589
1.401988
1.901836
1.544806
1.958448
1.190552
1.176542
1.720824
1.428812
1.674951
1.829115
1.893817
1.839588
1.139910
1.789221
1.784762
1.826785
1.769250
1.807320
1.621845
1.527895
1.442154
1.300447
1.350520
1.624489
1.786652
1.231763
1.893671
1.969223
1.747192
1.391526
1.501801
1.161019
1.372745
1.272081
1.298233
1.870657
1.895339
1.632331
1.270580
1.867913
1.654824
1.538168
1.160067
1.586474
1.005298
0.986498
1.885877
1.401767
1.322404
1.655939
1.775907
1.420887
1.899631
1.152939
1.738444
1.555827
1.572168
1.424939
1.841464
1.526893
1.521576
1.785564
1.266082
1.756927
1.653109
1.511321
1.805566
1.546964
1.875711
1.542962
1.329629
1.691118
1.281836
1.337693
1.677652
1.987810
1.419335
1.131416
1.114255
1.972791
1.613206
1.975971
1.305287
1.723900
1.191538
1.812015
1.463592
1.091607
1.679316
1.668042
1.806525
1.794755
1.569646
1.207572
1.941667
1.415302
1.068258
1.751418
1.712588
0.929797
1.711816
1.357391
1.578379
1.837881
1.182687
1.755808
1.968355
1.249154
1.388301
1.402687
1.992832
1.802201
1.980359
1.838991
1.590917
1.710246
1.325148
1.795705
1.820355
1.268631
1.711841
1.550077
1.408361
1.012641
1.528087
1.463378
1.687450
1.262977
1.188058
1.883471
1.272627
1.775238
1.456520
1.159096
1.998181
1.851245
1.380354
1.605547
1.988884
1.679483
1.336166
1.743185
1.189269
1.973642
1.594949
1.451066
1.654903
1.556646
1.893689
1.615130
1.916313
1.805932
1.056530
1.329118
1.799755
1.844830
1.441482
0.840604
1.944332
1.366193
1.242012
1.985355
1.904218
1.290202
1.266920
1.340748
1.763296
1.544081
0.969806
1.604286
1.880391
1.751478
1.296694
1.838268
1.439902
1.220681
1.864646
1.410240
1.914197
1.844232
1.261398
1.445026
1.290873
1.071270
1.551242
1.957656
1.271729
1.420363
1.929785
1.615886
1.641208
1.109355
1.460445
1.685016
1.468132
1.708551
1.799171
1.678661
0.954039
1.367888
1.942437
1.055206
1.966530
1.826188
1.879256
1.758402
1.686553
1.770671
1.248328
1.692102
1.876228
1.362804
1.491027
1.871251
1.711385
1.761137
1.507762
1.863545
1.167686
0.992865
1.023734
1.463468
1.334590
1.463342
1.624417
1.785086
1.426207
1.502791
1.702522
1.898886
1.972294
1.764208
1.955736
1.951354
1.918428
1.605096
1.792328
1.527899
1.994831
0.865594
1.654215
1.752052
1.420027
1.714599
1.981179
1.251929
1.421005
1.603830
1.440343
1.315406
1.643939
1.890221
1.126982
0.948122
1.517999
1.498746
1.883403
1.850999
1.776753
1.314048
1.320140
1.939912
1.799765
1.179560
1.198063
1.715646
1.267113
1.398666
1.222386
1.201119
1.723842
1.666530
1.561010
1.785026
1.574440
1.476393
1.550675
1.854369
1.555360
1.977898
1.099555
1.293672
1.692347
1.306288
1.441808
1.295454
0.918366
1.696511
1.417962
1.459065
1.683658
1.752804
1.933974
1.108225
1.498064
1.790551
1.956582
1.496404
1.912433
1.557731
1.905271
1.185655
1.404462
1.812243
1.050030
1.220133
1.655909
1.678069
1.947280
1.597244
1.734320
1.493912
1.507186
1.575470
1.519567
1.695925
1.922529
1.832234
1.971495
1.820061
1.481805
0.956542
1.749403
1.582736
1.139654
1.163801
1.802086
1.950056
1.429806
1.845720
1.584828
1.427833
1.443590
1.940564
1.777895
1.115338
0.946377
1.524849
1.576281
1.943693
1.676610
1.593825
1.812345
1.594013
0.909850
1.646265
1.765380
1.449244
1.704927
1.412659
1.628306
1.888466
1.652536
1.395298
1.591072
1.631071
1.474069
1.285911
1.515046
1.792670
1.295385
1.657904
1.762515
1.417241
1.279357
1.866109
1.505250
1.706613
0.951251
1.772507
1.504141
1.180165
1.070674
1.249564
1.547119
1.868210
1.336345
1.669393
1.468164
1.585587
1.613118
1.968804
1.422532
1.209539
1.834854
1.989602
1.907605
1.542554
0.833147
1.547063
1.205712
1.837686
1.905194
1.641252
1.390054
1.838820
1.752593
1.970156
1.654849
1.705644
1.733675
1.997053
1.028862
1.465333
1.396861
1.525375
1.384716
1.934826
1.938135
1.211155
1.430739
1.547045
0.962270
1.371853
1.669089
1.853116
1.038682
1.843130
1.308551
1.382739
1.886654
1.923691
1.004815
1.372278
1.816034
1.427667
1.229448
1.581071
1.906530
1.690925
1.593397
1.098808
1.300075
1.402435
1.977435
1.824778
1.613166
1.345388
1.925361
1.388450
1.134501
1.808953
1.730536
1.197229
0.893141
1.988146
1.625158
1.919869
1.802039
1.522257
0.995870
1.363286
1.744155
1.282548
1.521087
1.787040
1.913386
1.863098
0.961073
1.020603
1.058051
1.596997
1.798415
1.816909
1.554083
1.578572
1.199820
1.353053
1.861472
1.208698
1.478456
1.706244
1.740753
0.969181
1.735125
1.343823
1.327331
1.486862
0.978747
1.809771
1.468273
1.491232
1.131842
1.399274
1.621802
1.954048
1.910558
1.112840
1.799051
1.799775
1.945544
1.787483
1.070747
1.500969
1.713000
1.658134
1.994784
1.898067
1.844198
1.940026
1.254310
1.236795
1.977309
1.791317
1.694061
1.378510
1.166268
1.842244
1.324589
1.857652
1.229576
1.774244
0.990379
1.103603
1.306230
1.310786
1.758756
1.521953
1.963904
0.886603
1.269071
1.730876
1.986019
1.605158
1.593054
1.606590
1.179328
1.858882
1.971866
1.861620
1.749365
1.237165
1.986215
1.974218
1.830232
1.331408
1.036519
1.882411
1.786566
1.698771
1.571273
1.754969
1.413899
1.857875
1.430505
1.766409
1.720028
1.924093
1.419274
0.995040
1.323396
1.517305
1.935970
1.278813
1.365502
1.243992
1.790686
0.916560
1.262493
1.038530
1.200598
1.812751
1.526301
1.431260
1.124243
1.814965
1.738652
1.758690
1.358609
0.966546
1.027185
1.102396
1.961424
0.915728
1.989082
1.842854
1.778578
1.677688
1.347966
1.699611
1.087205
1.145846
1.982140
1.859682
1.637439
1.172963
0.865163
1.521934
1.483647
1.438468
1.511164
1.705162
1.746161
1.822940
1.728196
1.869789
1.419587
1.574433
1.816034
1.793300
0.929264
1.712931
1.166922
0.966338
0.926093
1.500200
1.151833
1.628913
1.427500
1.634632
1.570816
1.123036
1.011132
1.649171
1.846091
1.831818
1.766498
1.234725
1.528911
1.110123
1.122727
1.517868
1.612082
1.123236
1.542725
1.666442
1.104778
1.050137
1.806191
1.482678
1.975721
1.583190
1.464187
1.929332
0.801792
1.758041
1.615780
1.886993
