1.379142
1.895698
1.763651
1.580359
1.788374
1.666036
1.776944
1.966408
1.811279
1.763853
1.992901
1.962981
1.588058
1.791478
1.444241
1.425594
1.716308
1.301933
1.528163
1.704955
1.590175
1.711256
1.984719
1.977292
1.652062
1.940240
1.402462
1.883978
1.686645
1.894729
1.843530
1.935247
1.673475
1.583244
1.860607
1.411857
1.835892
1.292191
1.968065
1.879525
1.505637
1.786494
1.966473
1.940665
1.831593
1.343188
1.875131
1.679871
1.331977
1.908645
1.881147
1.184756
1.302122
1.456896
1.989426
1.730804
1.579098
1.803733
1.395930
1.278797
1.501285
1.633169
1.617517
1.810007
1.465667
1.572362
1.746520
1.833690
1.676101
1.928931
1.133308
1.617916
1.934589
1.667536
1.987318
1.613545
1.356803
1.950730
1.600144
1.906621
1.700871
1.709743
1.950064
1.302240
1.929614
1.380444
1.931010
1.998793
1.966050
1.600233
1.484200
1.569371
1.454314
1.902321
1.451410
1.412393
1.794450
1.687171
1.313742
1.970129
1.819208
1.159782
1.591274
1.721008
1.518903
1.401377
1.814100
1.478809
1.835379
1.992144
1.703970
1.308632
1.652768
1.745034
1.064159
1.749086
1.640055
1.496913
1.418523
1.664761
1.216696
1.265014
1.752412
1.290786
1.662916
1.841435
1.707154
1.377238
1.812997
1.125875
1.624264
1.976682
1.248629
1.851804
1.637195
1.928454
1.927300
1.928019
1.419537
1.092930
1.483407
1.295708
1.911856
1.579304
1.923165
1.873816
1.731296
1.985655
1.958995
1.540563
1.760496
1.977146
1.861656
1.688052
1.841672
1.835162
1.507608
1.359903
1.324835
1.453207
1.435164
1.998198
1.883198
1.771134
1.859408
1.893551
1.724828
1.871058
1.315655
1.732183
1.846868
1.881695
1.232979
1.851133
1.862198
1.340934
1.658564
1.923142
1.440732
1.935808
1.839607
1.306662
1.945456
1.524324
1.689135
1.518275
1.365056
1.442017
1.342729
1.391153
1.498674
1.702397
1.333758
1.962075
1.672282
1.963080
1.845154
1.790551
1.930525
1.537282
1.692192
0.880787
1.385156
1.421724
1.875338
0.999188
1.950192
1.322755
1.673001
1.905597
1.347149
1.168147
1.720529
1.414882
1.582016
1.734375
1.938536
1.493976
1.153901
1.238847
1.684946
1.219640
1.265067
1.353249
1.904338
1.272004
1.193077
1.652412
1.765565
1.749340
1.731140
1.466460
1.136230
1.391757
1.844938
1.102403
1.680717
1.174454
1.938661
1.933020
1.291655
1.851139
1.429874
1.831432
1.145879
1.587279
1.223536
1.100687
1.966252
1.235981
1.871568
1.750080
1.311242
1.435776
1.883077
1.225390
1.917594
1.703634
1.775266
1.411592
1.884281
1.552687
1.246849
1.097927
1.373900
1.857101
1.898513
1.806032
1.302666
1.993032
1.796451
1.433903
1.885174
1.851207
1.197355
1.164534
1.272921
1.937030
1.314280
1.990525
1.530752
1.426848
1.974462
1.410994
1.601849
1.962917
1.292141
1.857513
1.799603
1.093931
1.455467
1.381115
1.345090
1.407646
1.482433
1.900419
1.817439
1.794626
1.339340
1.467861
1.824618
1.707853
1.569670
1.870585
1.823467
1.502456
0.858808
1.725137
1.827139
0.969747
1.497234
1.896793
1.939695
1.180017
1.217747
1.508554
1.138730
1.171559
1.720489
1.761495
1.772816
1.866662
1.241868
1.811898
1.444910
1.294951
1.430939
1.813735
1.884483
1.705217
1.222607
1.949567
1.865407
1.508911
1.477313
1.977749
1.449129
1.469656
1.741551
1.324615
1.803874
1.520955
1.531915
0.899004
1.442479
1.517015
1.395068
1.357029
1.994905
1.786121
1.854952
1.873878
1.487499
1.388303
1.049057
1.603386
1.529554
1.916876
1.417899
1.765720
1.351914
1.839635
1.814067
1.713511
0.974830
1.732905
1.996147
1.766167
1.415640
1.810897
1.997107
1.383387
0.977785
1.395846
1.934320
1.431904
1.159143
1.903980
1.580028
1.451471
1.613059
1.085294
1.723462
1.187779
1.355406
1.801210
1.356712
1.905527
1.692535
1.799330
1.737443
0.914057
1.327732
1.492238
1.815865
1.780537
0.961205
1.159613
1.589678
1.733243
1.468819
1.670766
1.488707
1.779065
1.676886
1.195094
1.568008
0.840426
1.130615
1.072552
1.976036
1.978019
1.353201
1.833069
1.092122
1.840674
1.208002
1.563842
1.284168
1.389313
1.663020
1.839845
1.966988
1.891987
1.092028
1.169971
1.453506
1.919644
1.508506
1.333474
1.293578
1.374912
1.004717
1.872481
1.311027
0.930271
1.567843
1.359835
1.531094
1.523936
1.982310
1.901529
1.784032
1.979807
1.645019
1.090154
1.390959
1.655719
1.716855
1.767184
1.711029
1.629476
1.329254
1.665973
1.973869
1.570539
1.680265
1.839431
1.728337
0.991663
1.596256
1.756718
1.675730
1.992499
1.197399
1.539387
1.493953
1.070856
1.953157
1.297496
1.719602
0.989181
0.986528
1.643413
1.596589
1.781550
1.669873
1.787711
1.220923
1.781688
1.665831
1.665330
1.691482
1.822105
1.916162
1.748829
1.594004
1.288034
1.118941
0.927413
1.574601
0.794356
1.782083
1.708928
0.998635
1.938700
1.248631
1.760579
1.047728
1.601891
1.464080
1.600784
1.481310
1.880868
1.201189
1.701092
1.317936
1.098522
1.819905
1.887895
1.426879
0.968532
1.899070
1.243090
1.561647
1.727289
1.250096
1.981859
0.989213
1.323016
1.834513
1.706863
1.709596
1.778291
1.516189
1.958557
1.325731
1.730838
0.777876
1.318058
1.180745
1.748314
1.263311
1.268555
1.153754
1.712726
1.103775
1.415989
1.272573
