1.494454
1.860824
1.653106
1.899098
1.720979
1.968272
1.325792
1.940615
1.649839
1.644172
1.937963
1.848860
1.380952
1.498776
1.800671
1.307002
1.660127
1.908439
1.628127
1.410228
1.666800
1.315093
1.764556
1.694700
1.880305
1.539009
1.496160
1.969645
1.959108
1.397510
1.234572
1.836776
1.877806
1.964849
1.586478
1.949311
1.896918
1.785697
1.299385
1.779181
1.806850
1.949793
1.309870
1.177839
1.853775
1.572066
1.925518
1.353681
1.743552
1.247791
1.829502
1.915133
1.243667
1.925681
1.482903
1.404823
1.632065
1.767505
1.718659
1.532346
1.616155
1.753764
1.904504
1.320055
1.506944
1.476974
1.909480
1.320081
1.891546
1.349048
1.390707
1.697757
1.724218
1.586741
1.651553
1.507881
1.487956
1.521725
1.897924
1.800499
1.606124
1.976240
1.813568
1.343349
1.303812
1.638714
1.015979
1.367591
1.919145
1.342827
1.647120
1.356224
1.832120
1.841891
1.778441
1.743315
1.211099
1.657834
1.657613
1.973665
1.772214
1.899298
1.738880
1.470167
1.756882
1.876644
1.915004
1.963908
1.521257
1.383580
1.384219
1.682069
1.936901
1.913643
1.689339
1.437489
1.344670
1.882747
1.321800
1.949290
1.955465
1.873607
1.483189
1.794311
1.662246
1.717241
1.965921
1.991143
1.555921
1.932757
1.477387
1.613734
1.262866
1.969900
1.468834
1.905532
1.872691
1.192293
1.995601
1.652411
1.367615
1.363947
1.242243
1.949769
1.810679
1.521686
1.651258
1.577884
1.449920
1.130144
1.199006
1.672327
1.915477
1.098923
1.837726
1.520507
1.882253
1.120546
1.857431
1.883202
1.747114
1.386580
1.867067
1.949696
1.553483
1.658038
1.119094
1.758124
1.453717
1.854640
1.699561
1.975996
1.846540
1.751750
1.974044
1.699037
1.837847
1.676490
1.865135
1.226971
1.401869
1.395243
1.963724
1.243034
1.711767
1.496021
1.457429
1.941569
1.942417
0.972939
1.993900
1.094983
1.451769
1.858077
1.877344
1.206700
1.380951
1.946193
1.729671
1.053960
1.398827
1.863398
1.961679
1.782676
1.459242
1.290279
1.362532
1.506711
1.842974
1.923693
1.359088
1.920818
1.703206
1.069128
1.828069
1.985319
1.560356
1.572073
1.355158
0.805006
1.507325
1.612881
1.852229
1.276727
1.619848
1.789852
1.363544
1.165543
1.753000
1.904493
1.953627
1.396644
1.453189
1.151923
1.440732
1.463959
1.341623
1.967986
1.490238
1.992382
1.753327
1.807094
1.816847
1.775219
1.988587
1.333917
1.657487
1.937835
1.221570
1.725858
1.131950
1.743594
1.542111
1.744097
1.632658
1.059577
1.319173
1.579526
1.241874
1.323539
1.760867
1.780132
1.403950
1.840123
1.721422
1.973307
1.044233
1.875446
1.282159
1.559556
1.726001
1.551004
1.568001
1.542411
1.543235
1.529460
1.300432
1.877439
1.910947
1.981010
1.501444
1.884507
1.537239
1.788267
1.702959
1.240304
1.357735
1.842936
1.535427
1.413079
1.825637
1.249352
1.644562
1.689411
1.448335
1.663898
1.620280
1.435786
1.677122
1.791586
1.436746
1.626780
1.624502
1.595415
1.119345
1.761386
1.304602
1.972298
1.384858
1.178981
1.502506
1.815435
1.784449
0.827352
1.790980
1.723386
1.473286
1.622736
1.958431
1.623325
1.264313
1.396165
1.689247
1.759087
1.172241
1.923355
1.135505
1.633639
1.887786
1.498509
1.976871
1.840318
1.921991
1.926954
1.355883
1.563119
1.474718
1.539511
1.913038
1.666256
1.618062
1.667974
1.544713
1.976962
1.147357
1.959705
1.665816
1.445792
1.688425
1.648099
1.438016
1.337461
1.575116
1.975951
1.147291
1.913906
1.634561
1.872064
1.058300
1.309788
1.948321
1.073158
1.355430
1.100920
1.133610
0.999269
1.554464
1.297154
1.449040
1.970780
1.615216
1.427036
1.876831
1.770794
1.392257
1.839061
1.625800
1.112993
1.736244
1.349257
1.994157
1.536272
1.049536
1.888752
1.993317
1.489507
1.595150
1.515760
1.669892
0.935422
1.932426
1.720511
1.526239
1.807323
0.995631
1.976033
1.418633
0.975401
1.571295
0.992694
1.887167
1.463389
1.627372
1.492844
1.777337
1.293580
1.761314
1.401006
1.865911
1.071103
1.065174
1.908906
1.499893
1.413249
1.837618
1.432060
1.473725
1.241600
1.423378
0.966830
1.712118
1.184896
1.517061
1.195072
1.747265
1.297195
1.567566
1.624455
1.783020
1.100260
1.489202
1.799896
1.887884
1.166662
1.626044
0.964243
1.874921
1.325425
1.681371
1.631802
1.339370
1.494921
1.528568
1.636686
1.883174
1.454609
1.255488
1.788454
1.892289
1.689499
0.932476
1.536452
1.073289
1.040079
1.724668
1.792415
1.611317
1.980893
1.694914
1.721558
1.406918
1.291182
1.856986
1.339942
1.553819
1.887044
1.775098
1.097847
1.936795
1.295855
1.995377
1.686498
1.656609
0.993914
1.059520
1.291892
1.899629
1.960166
1.988908
1.522239
1.525198
1.007313
1.954601
1.450954
1.662495
1.961825
1.903495
1.227740
1.633006
1.966152
1.219876
1.804889
1.409036
1.433513
1.606455
1.062156
1.010784
1.076521
1.433249
0.913703
1.906125
1.501033
1.202200
1.428704
1.965329
1.079835
1.000525
1.757843
1.587230
1.313731
1.613312
1.683729
1.862683
1.832389
1.422358
1.158635
1.690433
1.551217
0.951655
1.755291
1.221043
1.419379
1.149371
1.577951
1.397684
1.987723
1.151646
1.191632
1.663369
1.751161
1.256908
1.619741
1.592197
1.169116
1.021712
1.607936
1.447741
1.805378
1.524085
1.856675
1.102325
1.648686
1.005050
0.929948
1.415151
1.929014
1.179345
1.889819
1.270528
1.676833
1.568592
1.007479
1.747577
1.357879
1.329511
1.393283
1.477942
1.479644
1.544711
1.537528
1.121419
1.879896
1.545934
1.846591
1.125876
1.874332
1.121169
0.948477
1.103239
1.667835
1.771613
0.721340
1.189945
1.416450
1.280123
1.995659
1.492650
