1.913519
1.996982
1.956706
1.962878
1.967233
1.905415
1.800322
1.714964
1.711275
1.826939
1.947716
1.815434
1.890544
1.989346
1.853875
1.928378
1.877052
1.858791
1.868714
1.791768
1.992684
1.834938
1.800377
1.663170
1.961850
1.606575
1.971508
1.826168
1.997299
1.811327
1.929362
1.856470
1.991569
1.911702
1.908320
1.666535
1.561864
1.807271
1.784985
1.747345
1.931168
1.969719
1.742961
1.711693
1.791756
1.701720
1.942925
1.774016
1.838866
1.680446
1.677279
1.979089
1.790752
1.960540
1.693894
1.897023
1.927002
1.829104
1.669514
1.887917
1.849761
1.709315
1.692235
1.768238
1.926341
1.916038
1.809967
1.820108
1.876217
1.939247
1.800304
1.793353
1.852789
1.657993
1.999960
1.560469
1.947480
1.803240
1.995304
1.845973
1.859721
1.564237
1.804995
1.816151
1.715710
1.959010
1.493997
1.717072
1.595826
1.598633
1.990849
1.772421
1.678038
1.937121
1.407312
1.900186
1.901069
1.823428
1.823862
1.765950
1.489917
1.932276
1.647425
1.846695
1.671126
1.572023
1.879501
1.483189
1.790303
1.780675
1.845563
1.597060
1.580349
1.635918
1.897772
1.957355
1.789336
1.572830
1.728555
1.343373
1.992499
1.718220
1.720970
1.862986
1.615175
1.643266
1.554604
1.782594
1.955155
1.461602
1.625743
1.647690
1.980605
1.720621
1.479862
1.839871
1.578948
1.264715
1.734796
