1.971365
1.917759
1.906880
1.996266
1.971520
1.913397
1.975235
1.909681
1.967476
1.998485
1.826144
1.972026
1.976587
1.865753
1.676864
1.891602
1.891042
1.804946
1.971398
1.807198
1.750439
1.977458
1.882562
1.857932
1.670888
1.762203
1.979053
1.811701
1.843438
1.817115
1.960640
1.875572
1.672511
1.605745
1.749563
1.923437
1.880041
1.876266
1.963407
1.922875
1.960984
1.703389
1.796311
1.853833
1.916519
1.752826
1.726873
1.852489
1.369443
1.726113
1.978131
1.819640
1.929825
1.789947
1.800131
1.882413
1.961585
1.815958
1.820204
1.717594
1.639601
1.857261
1.882304
1.766204
1.929048
1.973531
1.952996
1.659831
1.989219
1.487902
1.792322
1.706899
1.837768
1.556058
1.969857
1.436915
1.633225
1.567426
1.626205
1.537929
1.683869
1.712699
1.937950
1.806708
1.482016
1.979015
1.519614
1.640359
1.606274
1.577648
1.744838
1.844765
1.618978
1.957485
1.309079
1.787335
1.619156
1.701280
1.945778
1.421904
1.604088
1.360768
1.517956
1.400381
1.692900
1.616257
1.997028
1.966302
1.676496
1.665917
1.522330
1.463091
1.792233
1.918472
1.595263
1.820676
1.881069
1.984076
1.220610
1.445851
1.682536
1.581558
1.335591
1.422464
1.843753
1.820353
1.627294
1.989185
1.797192
1.860583
1.999616
1.376293
1.965537
1.934165
1.608080
1.616158
1.843325
1.672758
1.396930
1.817848
1.819351
1.592167
1.456855
1.727873
