1.888834
1.517170
1.961377
1.845046
1.982123
1.924982
1.897465
1.993556
1.506546
1.919948
1.876091
1.833997
1.630440
1.592226
1.210064
1.529896
1.978389
1.294799
1.984625
1.653514
1.951518
1.989742
1.756658
1.908418
1.796100
1.804457
1.370985
1.972832
1.888428
1.898393
1.818078
1.938940
1.866817
1.443135
1.451477
1.500790
1.710596
1.876475
1.485198
1.850869
1.514686
1.571994
1.395603
1.954965
1.599243
1.873888
1.502696
1.749187
1.501571
1.884431
1.661711
1.890221
1.480764
1.387325
1.582977
1.795089
1.772680
1.843897
1.815007
1.327630
1.923964
1.871076
1.114019
1.995203
1.783188
1.687387
1.547956
1.859769
1.277279
1.477107
1.807183
1.470372
1.704976
1.629456
1.846733
1.742513
1.515135
1.154800
1.879355
1.748152
1.971910
1.842504
1.968283
1.787606
1.826209
1.751534
1.811247
1.630980
1.967237
1.187643
1.928588
1.942976
1.391173
1.441330
1.357601
1.984304
1.476264
1.595972
1.667365
1.707655
1.745850
1.243708
1.851650
1.799999
1.688899
1.539959
1.466843
1.943984
1.601676
1.288620
1.729424
1.559051
1.900390
1.467204
1.193962
1.747779
1.416964
1.686722
1.905369
1.915546
1.809594
1.823484
1.929980
1.787691
1.855882
1.895185
1.772107
1.835614
1.325813
1.855283
1.656454
1.209241
1.383472
1.704001
1.585554
1.201220
1.799237
1.513229
1.711397
1.728167
1.311345
1.956617
1.430370
1.767643
1.886461
1.943401
1.992416
1.608250
1.792154
1.246006
1.638899
1.883942
1.991922
1.475876
1.945339
1.240864
1.896130
1.898736
1.791735
1.389049
1.432552
1.751009
1.870183
1.882655
1.714714
1.564562
1.469374
1.712286
1.675911
1.979198
1.546221
1.364575
1.713983
1.266281
1.068725
1.448205
1.465635
1.968342
1.748956
1.249291
1.871671
1.889616
1.701260
1.338188
1.034909
1.935234
1.613910
1.874736
1.557473
1.548962
1.882554
1.734450
1.701934
1.184041
1.290873
1.895372
1.960983
1.285013
1.720329
1.702456
1.296416
1.566527
1.965036
1.393447
1.689688
1.786388
1.588480
0.994424
1.925723
1.507249
1.545886
1.872755
1.711931
1.487826
1.961566
1.356713
1.486777
1.812652
1.248565
1.838520
1.678755
1.783017
0.942451
1.209717
1.825281
1.438264
1.625416
1.217695
1.524493
1.966371
1.824124
1.790460
1.065169
1.759150
1.419908
1.764398
1.039914
1.274088
1.625036
1.510747
1.939229
1.799692
1.622059
1.619056
1.589434
1.642511
1.656995
1.588698
1.980267
1.306697
1.371775
1.717932
1.755228
1.997380
1.664192
1.195375
1.584542
1.645111
1.103732
1.365698
1.108598
1.231930
1.757098
1.438846
1.669726
1.656038
1.405988
1.296280
1.934759
1.840375
1.945774
1.660068
1.606565
1.668076
1.840669
1.530683
1.617951
1.557805
0.921968
1.843806
1.239474
1.923567
1.567790
1.866831
1.281961
1.948115
1.821778
1.453700
1.704571
1.633526
1.211079
1.666543
1.634089
1.317508
1.730763
1.462705
1.882528
1.357789
1.593558
1.960061
1.838852
1.949631
1.943192
1.743509
1.936029
1.180301
1.882011
1.917209
1.312420
1.157282
1.577022
1.660113
1.581486
1.834924
1.330051
1.694263
1.349673
1.957667
1.235127
1.305901
1.681791
1.877696
1.573647
1.481520
1.503143
1.393793
1.986873
1.681674
1.982426
1.045656
1.433089
1.939364
1.822712
1.186716
1.638822
1.346821
1.883757
1.220898
1.338947
1.791596
1.256696
1.654412
1.693973
1.885245
1.983080
1.256488
1.213542
1.891292
1.494074
1.593513
1.683530
1.722305
1.445785
1.881294
1.568134
1.415664
1.785062
1.684393
1.378295
1.387490
1.980947
1.948560
1.653006
1.119875
1.762696
1.570184
1.303951
1.261458
1.966158
1.661063
1.666754
1.363817
1.206086
1.968353
1.822438
1.668898
1.407428
1.851540
1.276201
1.541127
1.846206
1.404751
1.105037
1.495393
1.258150
1.445946
1.273404
1.798642
1.687506
1.818502
1.151838
1.644630
1.310237
1.974661
1.656613
1.879797
1.920558
1.619326
1.959274
1.463925
1.619586
1.985105
1.019435
1.082919
1.664238
0.906138
1.709103
1.740985
1.512402
1.178145
1.782710
1.718744
1.770306
1.072416
1.987696
1.386246
1.621076
1.640011
1.365912
1.965250
1.416282
1.689751
1.745187
1.808854
1.787739
1.768890
1.467631
1.658947
1.642217
1.307449
1.188224
1.551626
1.493841
1.973986
1.880734
1.992799
1.179720
1.487735
1.512898
1.897314
1.438295
1.886226
1.560202
1.904415
1.759192
1.710488
1.154794
1.732707
1.235627
1.703123
1.588150
1.195467
1.761974
1.743921
1.343042
1.690493
1.596135
1.103224
1.822876
1.670847
1.457345
1.981095
1.552722
1.491294
1.699298
1.702548
1.343969
1.884765
1.374002
1.800719
1.146277
1.931463
1.737191
1.567823
1.280693
1.352891
1.616816
1.345902
1.930074
1.636098
1.008045
1.404230
1.881465
1.653574
1.397399
1.917872
1.882648
1.743507
1.444623
1.606193
1.373597
1.886668
1.544508
1.627534
0.985236
1.962199
1.756159
1.207936
1.495817
1.831787
1.745086
1.827857
1.787631
1.968372
1.091535
1.558694
1.929486
1.626648
1.871229
1.948301
1.549030
1.737826
1.216656
1.761318
1.008058
1.582546
1.388480
1.914097
1.809548
1.280577
1.786031
1.396917
1.519287
1.075570
1.802420
1.515162
1.795344
1.305312
1.584488
1.827324
1.891779
1.113085
1.239859
0.831219
1.879689
1.655703
1.570895
1.812171
1.941708
1.317683
1.192855
1.762896
1.556252
1.447505
1.515787
1.498747
1.394313
1.458761
1.880525
1.308060
1.421775
1.868649
1.045160
1.677856
1.761851
1.953158
1.090594
1.562263
1.399949
1.299256
1.783746
1.829987
1.844509
1.255633
1.754579
1.209594
1.992994
1.571441
1.965843
0.998259
1.406209
0.877137
1.884384
1.959913
1.951907
1.919658
1.667716
1.427828
1.815055
1.038919
1.579625
1.813300
1.955876
1.361104
1.945590
1.553737
1.840196
1.617067
1.648272
1.854862
1.016888
1.764672
1.634611
1.489114
1.222842
1.703855
1.130913
1.832291
1.153354
1.539611
1.885131
1.475565
1.782237
1.714624
1.118749
1.646325
1.243525
1.067472
1.991707
1.374156
1.753155
1.964753
1.125536
1.731672
1.276419
1.823019
1.633789
1.864169
1.448069
0.995124
1.810451
1.254756
1.099425
1.272442
1.123893
1.556366
1.552192
1.854532
1.884420
1.759503
1.646664
1.010170
1.455401
1.989223
1.484409
1.301427
1.979706
1.714983
1.788964
1.992676
1.349966
1.111878
1.169887
1.545936
0.902577
1.479638
1.906067
1.357389
1.696683
1.511767
1.501424
1.216003
1.459734
1.933226
1.175615
1.906024
1.955258
1.240094
1.539098
1.743801
1.149863
1.842785
1.825619
0.922061
1.487796
1.528302
1.881443
1.209008
1.810955
1.305587
1.765372
1.945596
1.671349
1.691415
1.722747
1.414862
1.303996
1.163107
1.634782
1.793927
1.846417
1.597596
1.343077
1.692046
1.983916
1.197860
1.842167
1.888860
1.617956
1.948558
1.290206
1.675470
1.821763
1.183251
1.746203
1.369798
1.246483
1.971392
1.450554
1.954525
1.637999
1.881608
1.813415
1.564877
1.130147
1.529851
1.106337
1.024374
1.761231
1.151272
1.735957
1.497213
1.451893
1.877308
1.509175
0.863832
1.521219
1.172845
1.096023
1.535465
1.811845
1.773133
1.615046
1.435829
1.339360
1.432287
1.900742
1.620639
1.610734
1.859004
1.828494
1.841677
0.857008
1.541524
1.615000
1.689057
1.295774
1.860445
1.395347
1.539484
1.801710
1.134697
1.483611
1.812361
0.774583
1.963860
1.528230
1.059492
1.772839
1.914186
1.851262
1.187423
1.646730
1.622651
1.483731
1.288520
0.956931
1.875523
1.501488
1.225158
1.711004
1.649607
1.552829
1.995732
0.860656
1.310959
1.784888
1.708000
1.231929
1.250632
1.029718
1.138004
1.048735
1.355995
1.342880
1.588767
1.766142
1.795289
1.009893
1.558662
1.875694
1.885657
1.606856
1.603965
1.979247
1.255632
1.457263
1.579127
1.272390
1.243777
0.874036
1.482390
1.177828
1.104273
1.951231
0.973598
1.930502
1.849192
1.249635
1.688161
1.059273
1.631962
