1.980915
1.894013
1.819115
1.946971
1.916936
1.190973
1.695177
1.883378
1.846511
1.981910
1.798051
1.939300
1.905907
1.594771
1.766082
1.659673
1.760414
1.497711
1.720198
1.961964
1.964928
1.573515
1.879431
1.880349
1.882600
1.863721
1.911717
1.776215
1.903422
1.629885
1.324573
1.777928
1.652428
1.247840
1.823069
1.900479
1.911758
1.772541
1.974968
1.305531
1.977712
1.069096
1.397197
1.674863
1.648943
1.164103
1.752809
1.449649
1.385347
1.927660
1.949529
1.764602
1.245546
0.952477
1.721264
1.838761
1.262890
1.516394
1.542224
1.756455
1.715243
1.918803
1.672035
1.790137
1.011765
1.529764
1.767830
1.121595
1.729629
1.508391
1.331370
1.661308
1.753328
1.701009
1.749207
1.717186
1.434122
1.862272
1.920792
1.831112
1.391511
1.725565
1.932651
1.461075
1.496661
1.799072
1.948480
1.949256
1.945554
1.775828
1.422153
1.722618
1.630869
1.554662
1.548756
1.766233
1.641227
1.599467
1.510035
1.620328
1.364388
1.775211
1.758893
1.770516
1.346556
1.997507
1.712505
1.839506
1.755419
1.440877
1.616863
1.700898
1.819953
1.407526
1.682534
1.916384
1.169692
1.249517
1.698340
1.806686
1.349447
1.885765
1.485321
1.733315
1.735682
1.627887
1.987625
1.971133
1.727526
0.986766
1.964745
1.991460
1.567308
1.332335
1.472269
1.644601
1.340800
1.654847
1.091345
1.477338
1.954325
1.498673
1.400382
1.474698
1.650762
1.962451
1.908499
1.157634
1.625523
1.781694
1.981534
1.864798
1.856697
1.690318
1.654905
1.253493
1.874809
1.787266
0.874897
1.707525
1.256344
1.372406
1.742382
1.848150
1.680594
1.109944
1.198608
1.393635
1.964863
1.700568
1.924823
1.676975
1.865775
1.273990
1.815297
1.950718
1.366208
1.390842
1.667892
1.693926
1.769186
0.987228
1.819921
1.612921
1.273408
1.565959
1.429321
1.781998
1.993314
1.793287
1.608789
1.511148
1.268023
1.408048
1.384401
1.695327
1.800555
1.435172
1.183266
1.948892
1.852228
1.628047
1.246272
1.924348
1.809553
1.774274
1.139024
1.938114
1.989538
1.965294
1.243473
1.477637
1.106993
1.755590
1.260329
1.498877
1.922566
1.519917
1.644870
0.984385
1.919254
1.302198
1.270427
1.954393
1.751201
1.143382
1.833935
1.972666
1.387810
1.127086
1.535371
1.351746
1.549850
1.922712
1.654870
1.761254
1.928298
1.635302
1.594959
1.824733
0.900175
1.695096
1.708209
1.828119
1.462528
1.711922
1.897846
1.529394
1.876198
1.937207
1.927195
1.586001
1.711053
1.903165
1.630943
1.855682
1.697265
1.113948
1.515990
1.399594
1.403762
1.367478
1.581835
0.961134
1.610435
1.847339
1.984453
1.876549
1.258284
1.400957
1.738143
1.882244
1.481411
1.819500
1.761085
1.721751
1.652842
1.054827
0.934412
1.632140
1.387986
1.372165
1.042058
1.967369
1.996732
1.925981
1.831834
1.946582
1.608863
1.292305
1.554194
1.735730
1.223554
1.342471
1.806015
1.623250
1.788227
1.685680
1.585436
1.482098
1.287223
1.391004
1.674010
1.037337
1.646080
1.658065
1.486975
1.976387
1.928982
1.493744
1.050165
1.942169
1.727072
1.603000
1.906070
1.649636
1.941110
1.501312
1.833877
1.896966
1.919423
1.294610
1.831157
1.702245
1.340119
1.690599
1.581128
1.266048
1.878737
1.689192
1.647989
1.242993
1.941113
1.741220
1.870341
1.282821
1.491218
1.457383
1.750052
1.007872
1.253676
1.680352
1.946498
1.556879
1.624372
1.877079
1.690359
1.707470
1.841328
1.306995
1.224074
1.075351
1.914999
1.679459
1.589706
1.184908
1.643062
1.419489
1.653429
1.495630
1.463452
1.410679
1.758513
1.574659
1.960779
1.729635
1.990983
1.474361
0.996663
1.351788
1.478947
1.793021
1.124295
1.200260
1.181955
1.577359
1.987819
1.944498
1.823090
1.093928
1.993227
1.118924
1.930944
1.139417
1.610801
1.820391
1.727337
1.819733
1.816605
1.893688
1.679762
0.902479
1.303041
1.816632
1.304688
1.813738
1.573618
1.612185
1.605933
1.233757
1.335402
1.802381
1.583036
1.250002
1.940370
1.658374
1.213250
1.939370
1.651412
0.930254
1.255447
1.823024
1.768690
1.386468
1.610181
1.829332
1.589597
1.821141
1.021613
1.089400
1.638108
1.637886
1.858033
1.217887
1.090732
1.849789
1.507305
1.658399
1.099012
1.419341
1.768528
1.940087
1.365186
1.611633
1.874244
1.632483
1.761132
1.191570
1.552753
1.274808
1.994706
1.282872
1.260032
1.225728
1.931654
1.832983
1.892118
1.311405
1.913863
1.905730
1.588527
1.078426
1.405752
1.832723
1.366667
1.644990
1.961832
1.191199
1.614374
0.895677
1.266951
1.556725
0.901082
1.330123
1.327281
1.630012
1.979817
1.677656
1.793183
1.184352
1.103700
1.792183
1.818670
1.764765
1.569812
1.941904
1.260879
0.873222
1.632769
1.313301
1.719700
1.548001
1.650422
1.602980
1.221137
1.380199
1.888202
1.921403
1.526528
1.180108
1.800466
1.307380
1.073143
1.709683
1.957942
0.922734
1.525013
1.550685
1.226511
1.174221
1.399031
1.804400
1.623850
1.285629
1.626602
1.676660
1.232483
1.828509
1.528563
0.951281
1.224694
1.705819
0.932326
1.705233
1.399434
1.632883
1.449675
1.499717
1.524880
1.908103
1.476877
1.341589
1.506260
1.409264
1.492012
1.556462
1.894539
1.560802
1.673032
1.662250
1.784839
1.465856
1.646665
1.893702
1.982614
1.095469
1.100845
1.181893
1.033200
1.744074
1.396739
1.623980
1.460224
1.304728
1.932466
1.644397
1.551582
1.415461
1.713361
1.683760
1.582853
1.034785
1.354497
1.478350
1.366369
1.511474
1.253641
1.243683
1.862847
1.649010
1.303757
1.399641
1.462712
1.113414
1.609002
1.138575
1.497859
1.113558
1.035099
1.394386
1.544355
0.983357
1.697665
1.745055
1.052399
1.629117
1.508499
0.815382
1.943358
1.208990
0.868826
1.154300
1.625425
0.960672
1.058907
1.247533
1.678038
1.435195
1.066518
1.436356
1.990428
1.387318
1.805364
1.939446
1.084682
1.202130
1.502066
1.335709
1.712278
1.002847
1.362405
1.159099
0.931516
1.908214
1.827010
1.561431
1.465829
1.825451
1.355002
1.616483
1.342437
1.038803
0.972482
1.205195
1.785250
1.787860
1.412203
1.473962
1.857830
1.635506
1.481708
1.986155
1.511575
1.490752
1.563069
1.316935
1.924705
1.327752
1.958467
1.887883
1.560325
1.176316
1.668743
1.273914
1.379271
1.312823
1.228632
1.583327
1.667673
1.462392
1.323561
1.340620
1.558541
1.792533
1.642272
1.888277
1.949189
1.696672
1.410997
1.887475
1.460619
1.241372
1.436429
1.134025
0.894157
1.287494
1.008576
1.576243
1.087718
1.935545
1.806420
1.503844
0.730040
1.659235
1.224077
1.296028
1.252629
1.275017
1.597370
1.179293
1.343728
1.020506
1.457253
1.954974
1.178789
1.776421
1.566300
1.593557
1.141002
1.235248
1.394699
1.913400
1.582731
1.845740
1.045051
1.507833
1.898469
1.465383
1.149516
1.518859
1.237592
1.867095
1.527576
1.234036
1.672779
1.825263
1.177644
1.761222
1.720065
1.974303
1.573634
1.671561
1.333150
1.829734
1.351102
1.948676
1.747067
1.677937
1.897511
1.894632
1.910375
1.287028
1.665488
1.624349
1.751422
1.601088
1.477408
1.047474
1.813784
1.833835
0.827109
1.640130
1.415194
0.788960
1.839678
0.838796
1.650815
