1.803473
1.875453
1.555802
1.972771
1.983148
1.869835
1.822745
1.857114
1.362557
1.885554
1.867749
1.780091
1.818298
1.765762
1.375630
1.636544
1.726693
1.778424
1.962092
1.452038
1.745313
1.725286
1.778672
1.359084
1.745180
1.728257
1.914449
1.452525
1.536312
1.613204
1.989667
1.849425
1.549308
1.914699
1.797783
1.518884
1.866001
1.924472
1.446708
1.830143
1.733131
1.583835
1.384885
1.892012
1.483075
1.594182
1.776985
1.606170
1.369071
1.848112
1.956724
1.946950
1.575353
1.926596
1.830517
1.376545
1.524197
1.698227
1.297114
1.591437
1.537436
1.650223
1.921011
1.631587
1.218084
1.390224
1.854938
1.417942
1.718561
1.807388
1.920308
1.889864
1.853841
1.729185
1.972621
1.123638
1.472414
1.389298
0.982614
1.397314
1.903358
1.897446
1.281780
1.395698
1.254338
1.312151
1.623408
1.674690
1.925485
1.766500
1.579613
1.705708
1.960047
1.301815
1.859389
1.581876
1.783619
1.758578
1.977273
1.782436
1.675420
1.460636
1.656841
1.883478
1.917050
1.620005
1.746889
1.902684
1.985167
1.875992
1.721987
1.862946
1.878073
1.354519
1.629583
1.896899
1.411870
1.812789
1.184780
1.694235
1.895835
1.940458
1.814920
1.793460
1.849036
1.863907
1.370379
1.339978
1.606123
1.622699
1.578784
1.975539
1.863746
1.259280
1.783784
1.698348
1.941633
1.157286
1.754386
1.782481
1.613410
1.328656
1.724147
1.926378
1.744993
1.471450
1.712803
1.888656
1.814260
1.840628
1.756772
1.936348
1.383171
1.734617
1.255525
1.689607
1.918084
1.846646
1.529410
1.653357
1.549764
1.900319
1.825133
1.769974
1.405317
1.883055
1.707498
1.155180
1.907843
1.709766
1.338507
1.490955
1.494599
1.806552
1.768187
1.280611
1.932133
1.551044
1.272030
1.648493
1.805301
1.611777
1.553028
1.192974
1.439819
1.539303
1.752155
1.928450
1.724631
1.353784
1.762341
1.946006
1.324499
1.256066
1.631947
1.469280
1.633395
1.464664
1.400558
1.634569
1.893587
1.939636
1.210940
1.906571
1.947634
1.532597
1.991863
1.848366
1.553638
1.239247
1.873700
1.702817
1.287342
1.651964
1.506399
1.747911
1.536124
1.591108
1.869499
1.881555
1.929793
1.625503
1.420334
1.872181
1.477710
1.541536
1.672268
1.508275
1.601315
1.577672
1.963879
1.424042
1.714813
1.620112
1.023157
1.765466
1.397730
1.473345
1.947071
1.433797
1.883462
1.826100
1.054106
1.178202
1.628139
1.392444
1.859759
1.885786
1.957968
1.347695
1.478973
1.683848
1.845286
1.260095
1.504113
1.095471
1.497383
1.805921
1.867899
1.580338
1.792969
1.672178
1.931118
1.916257
1.795558
1.869955
1.197830
1.991824
1.597029
1.507585
1.564366
1.414006
1.709450
1.830434
1.065886
1.861624
1.994768
0.998295
1.862750
1.719026
1.419453
1.779707
1.236614
1.084602
1.915372
1.578092
1.951355
1.685189
1.673710
1.560449
1.869845
1.722749
1.702198
1.431578
1.341182
1.459426
1.804788
1.114062
1.814381
1.702501
1.410220
1.443269
1.961137
1.884184
1.834556
1.747289
1.591376
1.380550
1.067455
1.921453
1.112795
1.820522
1.945707
1.379671
1.347375
1.851121
1.624467
1.874756
1.701469
1.394367
1.658655
1.117491
1.719988
1.874142
1.555632
1.215683
1.215909
1.655591
1.572615
1.359361
1.305175
1.782119
1.759135
1.338683
1.270489
1.832274
1.902498
1.810962
1.392926
1.574379
1.545130
1.614754
1.825077
1.199231
1.621465
1.655475
1.391846
1.899238
1.966561
1.116077
1.775754
1.662390
1.424950
1.900505
1.674361
1.312093
1.314968
1.918058
1.531606
1.737319
1.629869
1.516672
1.826723
1.140692
1.656059
1.794741
1.264282
1.187931
1.744786
1.257108
1.584524
1.622995
1.033523
1.338517
1.835311
1.039107
1.887684
1.861127
1.358347
1.991080
1.842726
1.896959
1.920049
1.228686
1.929799
1.928984
1.782818
1.362898
1.416113
1.985045
1.635544
1.125339
1.224184
1.286576
1.518695
1.840026
1.238480
1.681788
1.649728
1.927142
1.588720
1.921202
1.658991
1.394860
1.973321
1.985773
1.864542
1.509425
1.718001
1.773096
1.061244
1.314315
1.872877
1.698876
1.763816
1.732855
1.974339
1.642480
1.625337
1.400026
1.513119
0.981156
1.261725
1.948729
1.315437
1.766997
1.678138
1.723459
1.768486
1.629657
1.802392
1.302633
1.899385
1.568987
1.505463
1.785447
1.646188
1.750983
1.798336
1.857267
1.124391
1.593308
1.951022
1.182013
1.692112
1.869736
1.447289
1.154941
1.684597
1.333176
1.742790
1.628637
1.942243
0.957517
1.913682
1.837793
1.478288
1.731425
1.769871
1.806140
1.475449
1.467256
1.766237
1.868252
1.762981
1.948431
1.834519
1.969908
1.195605
1.827296
1.546823
1.541203
1.531715
1.664700
1.877843
1.876574
1.508846
1.525295
1.874805
1.868887
1.354422
1.861622
1.756220
1.553407
1.918337
1.978447
1.574728
1.347729
1.502085
1.454748
1.325065
1.719960
1.159808
1.258921
1.727067
1.425850
1.818154
1.137649
1.451670
1.815854
1.290880
1.827869
1.199606
1.495072
0.978005
1.877580
1.853232
1.857373
1.486537
1.674129
1.311204
1.936756
1.612054
1.841460
1.776740
1.391455
1.308330
1.562315
1.674163
1.796460
1.224827
1.939069
1.660937
1.183798
1.655364
1.476590
1.437127
1.784350
1.773390
1.401074
1.239812
1.666914
1.567127
1.715311
1.596388
1.215979
1.304484
1.859405
1.307523
1.841958
1.422279
1.316336
1.395806
1.387194
1.863904
1.907197
1.179916
1.208085
1.444979
1.920665
1.613199
1.622470
1.736364
1.942169
1.568648
1.647786
1.824914
1.471720
1.122827
1.513249
1.351480
1.802058
1.338875
0.984227
1.394369
1.453482
1.589828
1.607828
1.908079
1.758838
1.476645
1.915775
1.460144
1.281170
1.028780
1.794151
1.950698
1.850139
1.540773
1.288931
1.605866
1.933223
1.487682
1.302468
0.972330
1.502263
1.533444
1.671929
1.041450
1.197626
1.542688
1.914836
1.799818
1.657508
0.964856
1.843667
1.644119
1.956277
1.924871
1.963834
0.982182
1.078968
1.404223
1.010900
1.697127
1.442250
1.431672
1.995721
1.523521
1.089381
1.537684
1.846904
1.405604
1.292078
1.949403
1.784407
1.786030
1.766680
1.378307
1.902231
0.801615
1.628547
1.297653
1.403118
1.407615
1.895856
1.691915
1.837646
1.513481
1.557760
1.164056
0.894997
1.769345
1.659854
1.514077
1.318966
1.103914
1.638106
1.084270
1.650103
1.879626
1.123677
1.988896
1.161273
1.734559
1.184121
1.541210
1.886739
1.554527
1.768783
1.822163
1.362545
1.684071
1.765626
1.868019
1.421024
1.085347
1.187557
1.496263
1.018062
1.927697
1.318596
1.311431
1.961345
1.615635
1.444172
1.942860
1.559744
0.926433
1.810009
1.958749
1.922094
1.952584
1.354025
1.340496
1.117490
1.691390
1.321390
1.701827
1.869112
1.489712
1.605266
1.855203
1.554039
1.681778
1.848754
1.658238
1.434367
1.733737
1.576915
0.872730
1.460500
1.280056
1.486163
1.243544
0.844941
1.726933
1.788865
1.929241
1.451028
1.959318
1.181393
1.424577
1.897275
1.416389
1.112685
1.456084
1.710381
1.877973
1.836167
1.681745
1.545754
1.025899
1.437499
1.822681
1.488813
1.524071
1.674476
1.306513
1.651934
1.436883
1.010214
1.083400
1.880330
1.638611
1.992626
1.788959
1.226043
1.359497
1.800321
1.978434
1.692156
1.592778
1.320669
1.367802
1.865754
1.006778
1.216608
1.815684
1.331692
1.008389
1.140471
1.649271
1.548724
1.896985
1.395656
1.036842
1.460252
1.832803
1.470507
1.883015
1.890468
1.526707
1.244445
1.892333
1.729392
1.522667
1.792598
1.987495
1.915502
1.417931
1.221922
1.750492
1.736378
1.798670
1.658351
1.323661
1.454994
1.695754
1.129982
1.861042
1.271584
1.517286
1.931865
1.659605
1.289683
1.984090
1.665531
1.013405
1.987305
1.743577
0.888179
1.877866
1.111946
1.907376
1.977129
1.985053
1.787122
1.053385
1.241264
0.963509
1.145857
1.796514
0.978404
1.193296
1.948376
1.040310
0.995577
1.985562
1.673493
1.691699
1.551452
1.759369
1.383893
1.547559
1.732118
1.118182
1.097153
1.652418
1.873192
1.757920
1.339216
1.749878
0.933549
1.598725
1.626813
1.408831
1.227285
1.191757
1.061351
1.357820
1.928949
1.886780
1.866039
1.865065
1.734754
1.905483
1.436145
1.428124
1.565483
1.181362
1.499466
1.839549
1.973350
1.899785
1.294245
1.161190
0.982632
1.478455
1.827460
1.673042
1.582363
