1.888336
1.467709
1.897468
1.802596
1.840815
1.727450
1.229533
1.767684
1.759216
1.526457
1.322344
1.755320
1.982072
1.362468
1.252578
1.661694
1.834530
1.396345
1.972470
1.474461
1.543725
1.975521
1.974359
1.715947
1.980609
1.688090
1.697620
1.824180
1.738371
1.664433
1.726043
1.228957
1.811556
1.866086
1.634609
0.933264
1.411922
1.978988
1.917821
1.408036
1.921884
1.870645
1.988149
1.767326
1.532243
1.924533
1.403267
1.116960
1.486726
1.661363
1.975740
1.170550
1.767014
1.694662
1.304662
1.709581
1.703730
1.772897
1.913726
1.980989
1.277179
1.751020
1.868966
1.725339
1.335883
1.769087
1.844240
1.761531
1.939687
1.230398
1.827954
1.484597
1.365338
1.692970
1.681752
1.716590
1.860869
1.496312
1.463114
1.423199
1.415955
1.542835
1.430716
1.373260
1.877630
1.537519
1.840120
1.835599
1.068076
1.880460
1.905127
1.788833
1.519631
1.641906
1.471680
1.890778
1.484522
1.789886
1.820052
1.841570
1.926988
1.230906
1.235915
1.109804
1.979401
1.810853
1.316319
1.426856
1.206307
1.811892
0.997936
1.185202
1.244134
1.772594
1.392963
1.777897
1.700952
1.105757
1.481256
1.146754
1.858141
1.271780
1.534191
1.758641
1.504509
1.767553
1.989380
1.130535
1.982433
1.384091
1.732643
1.291664
1.236230
1.809320
1.955824
1.354739
1.949184
1.959516
0.908066
1.566563
1.517208
1.611732
1.536739
1.255045
1.560952
1.072470
1.775304
1.011112
1.794978
1.973806
1.557718
1.022725
1.833001
1.993648
1.673479
1.471001
1.297473
1.812943
1.651292
1.147323
1.651045
1.569318
1.406455
1.164810
1.870424
1.635842
1.891853
1.672802
1.896018
1.974573
1.729413
1.241112
1.979575
1.455476
1.680614
1.864669
1.600688
1.034335
1.231550
1.093823
0.974282
1.213520
1.079320
1.372948
1.228269
1.900046
1.852404
1.783173
1.975097
1.030941
1.464095
1.901546
1.448033
1.368466
1.175285
1.436354
1.093867
1.653434
1.836642
1.716405
1.925277
1.127252
1.536948
0.934853
1.488487
1.458574
1.591260
1.728897
1.571961
1.280705
1.956115
1.253079
1.419619
1.510069
1.886887
1.444734
1.875277
1.681367
1.742325
1.860178
1.378487
0.876352
1.445835
1.738336
1.549865
1.781187
1.889057
1.053915
1.547780
1.237010
1.165830
1.913945
1.059290
1.601910
1.788248
0.956440
1.439302
1.927476
1.243870
1.721684
1.751646
1.792196
1.956216
1.270295
1.165483
1.514960
1.221306
1.329812
1.891092
1.997674
1.838651
1.166768
0.873921
1.179482
1.903670
1.304569
1.679009
1.697679
1.515040
1.358086
1.392816
1.559296
1.658006
1.810805
0.849351
1.641613
1.385314
1.146559
1.856899
1.750064
1.886079
1.985668
1.632761
1.220835
1.769406
1.849293
1.812948
1.051566
1.050087
1.646328
1.495173
0.946724
1.462371
1.804238
1.067582
1.479957
1.777647
1.089132
1.184338
1.344938
1.032399
1.142084
1.887459
1.339133
1.397385
1.529823
1.065666
1.926490
1.472510
