1.942353
1.762496
1.933558
1.702126
1.927676
1.838718
1.757420
1.922697
1.966608
1.888345
1.840824
1.964262
1.980246
1.921295
1.788379
1.798968
1.876053
1.816330
1.995091
1.989962
1.986004
1.828491
1.790679
1.932078
1.842768
1.993242
1.937280
1.765712
1.958078
1.957749
1.930705
1.591465
1.808332
1.983449
1.711085
1.713556
1.891314
1.747076
1.914689
1.801785
1.772860
1.991477
1.744050
1.717924
1.880537
1.827680
1.837358
1.723695
1.843755
1.883257
1.923816
1.846386
1.827036
1.698898
1.986145
1.731215
1.663976
1.916737
1.721714
1.953458
1.988166
1.617608
1.922315
1.632154
1.836878
1.677914
1.988539
1.853083
1.707991
1.734901
1.855206
1.438816
1.752822
1.864057
1.709226
1.975711
1.824382
1.871189
1.858798
1.812049
1.619365
1.978530
1.665623
1.701613
1.892588
1.752867
1.604683
1.765066
1.742071
1.683434
1.831991
1.846177
1.776242
1.932981
1.796987
1.981377
1.527550
1.860412
1.795680
1.930645
1.535410
1.933226
1.919138
1.857381
1.594410
1.684394
1.847718
1.816211
1.652251
1.842328
1.974646
1.548738
1.864395
1.586181
1.869726
1.950176
1.416052
1.777595
1.795784
1.984289
1.501803
1.504925
1.784851
1.740636
1.984650
1.857528
1.692080
1.970685
1.414985
1.959419
1.534102
1.692799
1.995922
1.515413
1.826781
1.621881
1.680633
1.883878
1.469156
1.625758
1.560433
1.668089
1.687762
1.840432
1.677678
1.821859
1.554783
1.418333
1.728108
1.331939
1.473401
1.486179
1.355055
1.420510
1.680756
1.420245
1.801956
1.920463
1.905916
1.295120
1.783160
