1.882082
1.921307
1.997000
1.817481
1.988686
1.620986
1.733450
1.791270
1.872797
1.709028
1.801501
1.878131
1.937339
1.753419
1.857240
1.694293
1.944415
1.549985
1.902676
1.762317
1.918422
1.856006
1.936797
1.961169
1.892322
1.953375
1.783509
1.918374
1.776796
1.524984
1.581088
1.979954
1.990071
1.473536
1.936354
1.755422
1.944013
1.964068
1.669415
1.657853
1.925315
1.659153
1.665628
1.902035
1.531426
1.726542
1.795634
1.859353
1.913375
1.711909
1.845080
1.783602
1.707428
1.941579
1.892571
1.981168
1.921838
1.659172
1.873753
1.729063
1.719929
1.441462
1.644943
1.945024
1.766386
1.895036
1.591087
1.923855
1.972084
1.714390
1.577712
1.927093
1.742680
1.805977
1.500170
1.930731
1.977875
1.801865
1.874551
1.416637
1.548437
1.949522
