1.969392
1.847228
1.821370
1.993510
1.567932
1.889636
1.941117
1.970373
1.989774
1.973292
1.931151
1.958960
1.474933
1.999339
1.903941
1.899995
1.967103
1.573968
1.781978
1.894427
1.832785
1.784800
1.552678
1.749656
1.835067
1.981367
1.715503
1.542526
1.664728
1.724162
1.778478
1.795824
1.999104
1.942311
1.967813
1.737638
1.896764
1.847941
1.798362
1.692314
1.958093
1.817783
1.942490
1.940497
1.873978
1.835727
1.893016
1.553171
1.984363
1.605789
1.806339
1.881704
1.963831
1.835864
1.873769
1.686206
1.927457
1.981692
1.774929
1.789336
1.902171
1.905892
1.587888
1.960860
1.285863
1.686641
1.876227
1.973139
1.957503
1.705777
1.813415
1.919419
1.938435
1.493844
1.920316
1.709044
1.574202
1.726406
1.863674
1.777648
1.780973
1.609643
1.536139
1.566559
1.819022
1.568829
