1.913396
1.794187
1.227148
1.937461
1.864451
1.652566
1.765742
1.894186
1.772732
1.845348
1.964479
1.646564
1.516343
1.989129
1.828176
1.589407
1.446627
1.718061
1.585037
1.345960
1.840093
1.650000
1.963622
1.622195
1.545493
1.049930
1.268193
1.763816
1.876870
1.708992
1.729181
1.962422
1.510625
1.819938
1.982735
1.783197
1.460365
1.451680
1.747917
1.944330
1.803845
1.705536
1.879129
1.356427
1.936478
1.702770
1.555520
1.706374
1.528594
1.856566
1.295973
1.717312
1.742947
1.805436
1.951630
1.365269
1.385432
1.535031
1.644764
1.933325
1.746428
1.368005
1.365865
1.651443
1.107822
1.987905
1.877520
1.687179
1.715313
1.416436
1.757667
1.957768
1.004231
1.884738
1.928827
1.340105
1.848803
1.859361
1.935584
1.957141
1.456878
1.884851
1.518896
1.626817
1.413948
1.679644
1.990309
1.269987
1.248439
1.876715
1.915074
1.925509
1.559572
1.680897
1.492402
1.859860
1.123678
1.852720
1.064068
1.510995
1.751181
1.966212
1.101030
1.744137
1.826031
1.803881
1.644879
1.346932
1.575667
1.166535
1.781918
1.622189
1.793371
1.913692
1.794302
1.572868
1.953904
1.669787
1.481733
1.114218
1.951009
1.154851
1.287668
1.646383
1.744653
1.733640
1.296215
1.363179
1.561002
1.813196
1.409838
1.747852
1.895188
1.744413
1.208682
0.919570
1.339657
1.735412
1.643082
1.245505
1.624672
1.669156
1.339127
1.901467
1.283303
1.175114
0.803923
1.359355
1.992048
1.954476
1.490867
1.759991
1.609971
1.740635
1.983142
1.462308
1.373646
1.511902
1.818694
1.021510
1.442730
1.009919
1.285582
1.945812
1.602479
1.261869
0.892793
1.311917
1.567131
1.857564
1.369694
1.385847
1.495702
0.984007
1.983728
0.990410
1.950066
1.698098
1.741313
1.499545
1.367656
1.239790
1.924193
1.793316
1.347877
1.199495
1.468845
1.290667
1.971455
1.989516
1.821858
1.849860
1.879334
1.631342
1.799229
1.698962
1.618898
1.847956
1.780172
1.731671
1.249310
1.646010
1.679804
1.794085
1.938700
1.114742
1.786538
0.864460
1.249787
1.758654
1.772297
1.947554
1.617191
1.794889
0.988415
1.736409
1.381380
1.847761
1.689616
1.880014
1.990854
1.230053
1.769719
1.400253
1.121119
1.358048
1.691607
1.543025
1.505823
1.554519
1.558693
1.166782
1.928196
1.121089
1.391082
1.503825
1.311468
1.969752
1.819558
1.570617
1.315875
1.271523
1.530228
1.236759
0.898392
1.039530
1.497385
1.764635
1.612665
1.727549
1.108763
1.844149
1.011440
1.790669
1.271260
1.396026
