1.883149
1.562578
1.563411
1.911547
1.814694
1.860402
1.937275
1.918770
1.775408
1.784387
1.599796
1.929076
1.798431
1.908972
1.793252
1.549725
1.862994
1.858300
1.815225
1.664924
1.599059
1.658328
1.817694
1.980745
1.189353
1.419157
1.084166
1.839062
1.580260
1.683580
1.931613
1.646317
1.696382
1.885908
1.630292
1.476213
1.920783
1.577922
1.684546
1.370953
1.907743
1.725984
1.989037
1.955874
1.661285
1.355070
1.377395
1.885779
1.227895
1.571914
1.214344
1.382413
1.487730
1.757160
1.140560
1.483925
1.391276
1.715846
1.708223
1.949318
1.750158
1.464336
1.461580
1.422128
1.911395
1.822649
1.511625
1.424003
1.777412
1.801233
1.319831
1.760202
1.104019
1.397469
1.681142
1.507098
1.456739
1.571865
1.748184
1.251848
1.410609
1.826990
1.980256
1.369900
1.766288
1.621261
1.822182
1.731338
1.541503
1.862911
1.527939
1.200112
1.438075
1.410664
1.851806
1.228359
1.204159
1.775782
1.759180
1.621552
1.866004
1.792990
1.496318
1.399437
1.892965
1.965517
1.664975
1.342355
1.998536
1.318005
1.995330
1.897659
1.595483
1.745556
1.808425
1.946645
1.683666
1.883956
1.607455
1.943488
1.346485
1.967431
1.667241
1.904598
1.380323
1.975819
1.825992
1.968296
1.929306
1.827809
1.914289
1.549580
1.456208
1.828591
1.691582
1.632687
1.778502
1.183814
1.644410
1.430924
1.957868
1.739091
1.323578
1.531021
1.075729
1.461812
1.831442
1.542113
1.767853
1.138243
1.209603
1.846005
1.678664
1.956632
1.661814
1.647441
1.130375
1.277454
1.689588
1.725747
1.936822
1.613992
1.282375
1.877729
1.415010
1.922053
1.839412
1.650811
1.506218
1.324744
1.135970
1.953521
1.454794
1.592381
1.997701
1.771558
1.796535
1.726682
1.520447
1.575344
1.314999
1.130007
1.121360
1.404915
1.369795
1.847812
1.827088
1.407230
1.798823
1.588282
1.257922
1.831893
1.713981
1.897670
1.409893
1.836840
1.800171
1.677154
1.822116
1.774080
1.212380
1.934447
1.461492
1.615278
1.750526
1.800496
1.082173
1.205735
1.331549
1.834526
1.833360
1.411919
1.448498
1.505387
1.998303
1.660968
1.877441
1.646998
1.821824
1.417069
1.976407
1.961790
1.312622
1.467448
1.130828
1.128739
1.263259
1.864880
1.451359
1.156746
1.669947
1.550751
1.595240
1.657986
1.728501
1.997479
1.820477
1.646437
1.802044
1.553311
1.772687
1.156259
1.882075
1.912328
1.344110
1.656838
1.557656
1.943890
1.438869
1.388610
1.683751
1.502899
1.303918
1.619066
1.625880
1.440739
1.088525
1.392230
1.548112
1.550271
1.706655
1.612707
1.799498
1.940241
1.669750
1.800536
1.430100
1.598355
1.576551
1.313401
1.590931
1.385745
1.942638
1.934383
1.907548
1.877664
1.792987
1.513863
1.995174
1.955644
1.980396
1.743766
1.540348
1.054261
1.292599
1.471370
1.523203
1.501872
1.856470
1.517340
1.521799
1.383264
1.640962
1.489806
1.238648
1.366712
1.977837
1.879176
1.676331
1.992104
1.414893
1.933206
1.960617
1.457249
1.239156
1.939105
1.898566
1.689178
1.508677
1.986166
1.133432
1.095391
1.023840
1.740763
1.711931
1.946105
1.679551
1.413322
1.379174
1.770492
1.354068
1.932947
1.614194
1.869699
1.824555
1.768171
1.768832
1.879696
1.916349
1.319211
1.312292
1.268559
1.998862
1.886374
1.791784
1.751298
1.562611
1.440974
1.427691
1.979950
1.354663
1.670958
1.574696
1.742135
1.368315
1.726566
1.869940
1.584574
1.112366
1.830351
1.620119
1.843439
1.327835
1.633403
1.834488
1.920566
1.252510
1.524589
1.444158
1.208836
1.585680
1.978261
1.135258
1.855690
1.938170
1.253335
1.248385
1.514023
1.969790
1.067262
1.978355
1.372008
1.582723
1.612505
1.402764
1.524024
1.232689
1.772095
1.907649
1.875933
1.647155
1.863501
1.423081
1.451167
1.993970
1.012588
1.420179
1.045326
1.551371
1.984601
1.534880
1.898721
1.816397
1.920545
0.989886
1.052268
1.931887
1.145155
1.073391
1.427774
1.598467
1.516320
1.422291
1.703281
1.864326
1.502571
1.785863
1.075374
1.867970
1.797090
1.728298
1.726099
1.660402
1.637399
1.535079
1.309310
1.464837
1.981401
1.717666
1.842649
1.460533
1.859496
1.359959
1.487706
1.208126
1.845623
1.806771
1.835666
1.649483
1.668787
1.480515
1.972371
1.874470
1.620208
1.874595
1.639084
1.424236
1.411141
1.262378
1.600495
1.476374
1.180107
1.355084
1.726188
1.965241
1.685691
1.446764
1.294076
1.057425
1.747944
1.734357
1.862246
1.604113
1.658106
1.200305
1.610100
1.722843
1.376720
1.677355
1.626303
1.922085
1.216260
1.997114
1.377856
1.443916
1.758806
1.674539
1.284122
1.171641
1.904088
1.711994
1.292238
1.775674
1.429685
1.827547
0.814731
1.437102
1.011267
1.733227
1.401173
1.256753
1.956941
1.987107
1.480202
1.420414
1.632152
1.717238
1.181942
1.391120
1.850183
1.492719
1.464052
1.980845
1.845406
1.996059
0.990145
1.642143
1.858508
1.685592
1.700852
1.432322
1.604715
1.890187
0.845213
1.718462
1.590306
1.241607
1.928498
0.976529
1.862905
1.820648
1.710329
1.298248
1.359959
1.832902
1.686908
1.896473
1.763128
1.598586
1.090275
1.644616
1.712415
1.882619
1.244366
1.646946
1.881613
1.651271
1.240834
1.832675
1.332109
1.311694
1.679505
1.472700
1.282574
1.398626
1.923755
1.845145
1.667074
1.933505
1.687516
0.999243
1.793319
1.552242
1.119666
1.857874
1.689486
1.073518
1.438593
1.923597
0.874646
1.861078
1.770572
1.910470
1.516140
1.558765
1.696586
1.642139
1.340213
1.410018
1.400382
1.227456
1.323012
1.010623
1.927916
1.837133
1.250401
1.592743
1.793106
1.570701
1.910697
1.993857
1.989433
1.893552
1.147960
1.184504
1.346936
1.915405
1.770184
1.025398
1.842865
1.214871
1.108672
1.655371
1.981393
1.924074
1.838266
1.360341
1.317530
1.843363
1.474987
1.265462
1.723918
1.055131
1.789698
1.292454
1.612908
1.437080
1.429670
1.993454
0.863924
1.987092
1.889852
1.837437
1.923658
1.911200
1.756414
0.960725
1.763287
1.766422
1.793452
1.732799
1.845252
1.312057
1.500630
1.856732
1.744703
1.481937
1.564876
1.011502
1.524729
1.390137
1.733499
1.568303
1.253888
1.617740
1.905302
1.392400
0.967116
1.949173
1.810602
1.236534
1.667906
1.048723
1.450303
1.569910
1.923542
1.140411
1.082784
1.221528
1.449806
1.936341
1.753591
1.554613
1.953739
1.310074
1.379374
1.212737
1.453974
1.863952
1.752913
1.368472
1.112155
1.461747
1.306488
1.082164
1.817658
1.164740
1.882459
0.852371
1.377557
1.095278
1.535238
1.294613
1.509336
1.501727
1.338004
1.413222
1.164158
1.132390
1.242368
0.978276
1.331046
1.812458
1.468426
1.922554
1.690595
1.944121
1.922649
1.695232
1.292959
1.011598
1.162877
1.380194
1.929070
1.584879
1.870433
1.002976
1.869623
1.437550
1.090969
1.447129
0.984360
1.626220
1.508457
1.303013
1.732517
1.654643
1.163437
1.496872
1.098888
1.425712
1.917061
1.685566
0.952026
0.993320
1.468126
1.733618
1.440535
1.603607
1.815370
1.365120
0.893172
1.773915
1.608008
1.324994
1.708790
1.820654
1.152222
1.096284
1.254472
1.670308
0.959282
1.283003
1.263388
1.638144
0.890201
1.070047
1.577752
0.871011
0.875747
1.256441
1.698296
1.576662
1.292421
1.533500
0.863238
1.572378
1.973921
0.908644
1.082165
1.886192
1.694714
1.032767
1.886291
1.465580
0.748273
1.867612
1.797235
1.078909
1.846144
1.765002
1.855069
1.781127
1.792331
1.887259
1.183859
1.585507
0.848245
1.643172
1.377201
1.468128
1.516805
1.417934
1.545427
0.787671
1.309464
1.483157
