1.983207
1.837423
1.836030
1.987985
1.992100
1.978171
1.982834
1.918511
1.941919
1.813471
1.982210
1.857056
1.989430
1.869410
1.804750
1.905804
1.889519
1.805106
1.785652
1.860238
1.774839
1.853494
1.927785
1.948942
1.904466
1.831504
1.819887
1.848836
1.981709
1.826401
1.868771
1.719832
1.822891
1.932534
1.783516
1.993557
1.873594
1.956366
1.921531
1.635412
1.731386
1.807591
1.905027
1.993315
1.773178
1.750666
1.844306
1.930091
1.978671
1.901740
1.860830
1.968122
1.927989
1.865086
1.794042
1.897215
1.788832
1.815186
1.845866
1.956523
1.853461
1.851414
1.547166
1.998417
1.621948
1.816645
1.764299
1.869714
1.832516
1.954689
1.734194
1.836524
1.829981
1.849295
1.786796
1.972694
1.649380
1.881433
1.762581
1.741825
1.792112
1.693558
1.838364
1.817659
1.275408
1.649864
1.541119
1.937446
1.693834
1.536790
1.844710
1.755720
1.555984
1.833886
1.913338
1.843160
1.668810
1.840765
1.840093
1.737330
1.837092
1.740386
1.759973
1.908203
1.543744
1.717328
1.497926
1.926862
1.841520
1.591345
1.859273
1.746666
1.671927
1.674520
1.737844
1.388194
1.677667
1.326965
1.874597
1.663867
1.585610
1.989532
1.553970
1.594616
1.983412
1.985877
1.354468
1.884750
1.555734
1.675698
1.651051
1.439367
1.430738
1.862622
1.366052
1.857194
1.512865
1.470145
1.263566
1.710322
