1.945865
1.933211
1.984850
1.988091
1.926585
1.911691
1.942653
1.804466
1.946986
1.968673
1.868440
1.893307
1.761944
1.941857
1.991479
1.928654
1.674761
1.961563
1.977567
1.859061
1.934683
1.809744
1.921581
1.724993
1.956021
1.870665
1.868990
1.779624
1.905133
1.792937
1.867846
1.894027
1.937245
1.983662
1.923124
1.903729
1.749186
1.701953
1.661986
1.979774
1.737673
1.886450
1.877907
1.980383
1.938421
1.934352
1.601862
1.982493
1.950383
1.671455
1.827961
1.839959
1.789527
1.784896
1.930038
1.766000
1.748615
1.976197
1.888989
1.879538
1.680879
1.641663
1.865214
1.568922
1.945233
1.873350
1.998112
1.927950
1.940615
1.480471
1.972094
1.794544
1.523921
1.674267
1.907353
1.776490
1.987739
1.699726
1.459714
1.667687
1.579165
1.895191
1.709575
1.757695
1.542804
1.720901
1.907085
1.992382
1.893322
1.985471
1.628810
1.669037
1.565075
1.677085
1.933966
1.872303
1.587405
1.789274
1.395659
1.876997
1.635597
1.978206
1.604642
1.587692
1.976998
1.983634
1.778555
1.947024
1.700221
1.735638
1.605166
1.875161
1.914643
1.891528
1.760282
1.966872
1.652474
1.651088
1.953279
1.463203
1.916765
1.939783
1.853455
1.771791
1.342373
1.947718
1.751821
1.784186
1.511860
1.787839
1.834315
1.782621
1.476311
1.950273
1.511479
1.855975
1.510841
1.661724
1.515477
1.363698
1.750969
1.497429
1.984368
1.389771
1.666580
1.362804
1.740105
1.826537
1.859512
1.818317
1.492887
1.411414
1.250712
1.966362
1.072924
1.678867
