1.796986
1.264342
1.889960
1.534456
1.593039
1.763621
1.896999
1.560979
1.745441
1.846727
1.111363
1.793728
1.861278
1.942166
1.886820
1.945662
1.119985
1.573754
1.519553
1.817111
1.665022
1.977798
1.939548
1.995350
1.471325
1.514332
1.589804
1.635208
1.818305
1.692381
1.861777
1.919132
1.174917
1.818541
1.357812
1.665788
1.660563
1.550637
1.538642
1.889402
1.915097
1.969763
1.749975
1.960881
1.991455
1.622194
1.929111
1.758273
1.719580
1.995665
1.562238
1.643582
1.669162
1.682472
1.560214
1.990671
1.720647
1.815273
1.335091
1.916531
1.282700
1.895211
1.297078
1.932600
1.527357
1.293531
0.937726
1.957398
1.906405
1.495669
1.582295
1.372133
1.482783
1.927993
1.860395
1.996314
1.705807
1.367945
1.989984
1.337905
1.977656
1.464294
1.595903
1.267871
1.923434
1.979894
1.498858
1.675467
1.734050
1.593797
1.972841
1.880654
1.907375
1.042440
1.766411
1.491216
1.905536
1.778361
1.827307
1.672321
1.471865
1.480933
1.427164
1.908020
1.681554
1.186816
1.548011
1.641426
1.986883
1.175233
1.688326
1.991379
1.674032
1.858479
1.963612
1.000139
1.454746
1.437673
1.936681
1.362284
1.951243
0.837754
1.836999
1.603122
1.399482
1.801546
1.936588
1.538437
1.785534
1.966456
1.535567
1.235445
1.390091
1.207602
1.988162
1.761855
1.418865
1.977815
1.624684
1.824322
1.769826
1.504805
1.175962
1.375086
1.896667
1.811688
1.843608
1.233027
1.672833
1.082387
1.933651
1.608021
1.257671
1.456756
1.747464
1.822713
1.259842
1.023431
1.804231
1.832022
1.739797
1.791178
1.320267
1.646578
1.467722
1.879456
1.890868
1.491656
1.183666
1.308928
1.648942
1.511660
1.844946
1.892872
1.342934
1.804902
1.295847
1.343006
1.553381
1.866104
1.409902
1.349280
1.814505
1.631059
1.560400
1.381712
1.947315
1.501251
1.386017
1.285119
1.507009
1.117829
1.924566
1.876920
1.434784
1.581561
1.221928
1.614408
1.429389
1.915519
1.815053
0.988037
0.953067
1.330318
1.968714
1.270863
1.655046
1.376939
1.784429
1.527243
1.780583
1.254582
1.811504
1.531894
1.998913
1.432847
1.729910
1.452042
1.324815
1.825810
1.136184
1.310021
1.519977
1.734295
1.920340
1.144943
1.229634
1.055997
1.069380
1.835361
1.832304
1.957618
1.337968
1.552162
1.914882
1.809001
1.835856
1.394008
1.801121
1.376282
1.398057
0.883749
1.544487
1.462130
1.905345
1.986708
1.349803
1.480044
1.893592
1.574863
1.669416
1.151891
1.507007
1.980548
0.941701
1.643908
1.871148
1.274618
1.584913
1.734078
1.517591
1.999242
1.513346
1.499992
1.464080
1.789993
1.767324
1.106206
1.448797
1.860695
1.035263
1.196934
1.363000
1.644303
1.587444
1.650152
1.968259
1.116809
1.609539
1.416436
1.306418
1.910415
1.530010
1.520792
1.873006
1.848323
1.147909
1.626431
1.577333
1.980775
1.673708
1.665796
1.550496
1.654005
1.183807
1.560110
1.931927
1.314000
1.705055
1.741787
1.621424
1.107467
1.054094
1.140570
1.162029
1.422920
1.779899
1.923413
1.941854
1.513607
1.227487
1.602947
1.819034
1.629257
1.587058
1.813525
1.143318
1.687416
1.303077
1.066112
1.675538
1.908986
1.481946
1.240988
1.596400
1.408188
1.148531
1.186591
1.420641
1.480254
1.627633
1.607242
1.405837
1.275091
1.551478
1.974456
1.387753
1.158875
1.643817
1.399214
1.494151
1.883346
1.815441
1.691138
1.363932
1.361710
1.755754
1.114645
1.525990
1.166460
1.780311
1.682088
1.610382
1.922155
1.304963
1.927109
1.513056
1.350029
1.369004
1.381135
1.845628
1.675613
1.456389
1.418977
0.987445
1.797342
1.482748
1.120193
1.427445
1.058825
1.481508
1.315216
1.532466
1.749081
1.764788
1.772367
1.472962
1.916651
1.778873
1.557824
1.419862
1.712306
1.255261
1.165400
1.854349
1.153829
1.481303
1.918689
1.664999
1.827481
1.234036
0.942131
1.788402
1.174003
1.730462
1.247433
1.582906
1.260380
1.904829
1.474638
0.781624
1.578340
1.838338
1.955629
1.442072
1.274500
1.993018
1.761146
1.617795
1.902795
1.798450
1.914325
1.404142
1.689079
1.254732
1.541863
1.715143
1.728896
1.042523
1.042325
1.692744
1.705402
1.722152
0.987045
1.276829
1.938423
1.716967
1.434717
0.993418
1.100770
1.815912
1.693000
1.702404
1.335446
0.909346
1.729356
1.937180
1.145330
1.637087
1.620720
1.707076
1.540159
1.748467
1.419203
1.373808
1.766612
1.960881
1.686784
1.398064
1.990384
1.942670
1.620750
1.930918
1.494932
1.379856
1.856348
1.461065
1.801003
1.971924
1.775674
1.541024
1.488618
1.302713
1.270387
0.856964
1.836903
1.839579
1.718476
1.301269
1.277724
1.967785
1.178287
1.911775
1.207999
1.887316
1.921413
1.411387
1.436483
1.607607
1.668082
1.087614
1.571128
1.630099
1.258880
0.991108
1.386034
1.592790
1.341669
1.480835
1.348271
1.901846
1.189536
1.100455
1.320870
1.696234
1.261755
1.875888
1.448176
1.948287
1.857332
1.982313
1.531279
0.984738
1.687984
1.299298
1.407408
1.709685
0.927696
1.300162
1.255651
1.900241
1.888716
1.450296
1.113735
1.694233
1.769034
1.548359
1.689288
1.691011
1.882972
1.907781
1.867328
0.950847
1.132828
1.579909
1.895431
1.413711
1.883390
1.586394
1.861154
1.350644
1.364804
1.669027
1.800403
1.716449
1.602856
1.690665
1.802125
1.321005
1.460035
1.866910
1.460154
1.909967
1.100824
0.789886
1.827773
1.892094
