1.937964
1.991152
1.777898
1.962800
1.827061
1.994166
1.889971
1.790042
1.860684
1.829893
1.845951
1.731925
1.862576
1.806853
1.941820
1.871146
1.896025
1.945518
1.711415
1.650693
1.843396
1.702185
1.970263
1.963539
1.899472
1.719660
1.958705
1.988578
1.942056
1.866644
1.892491
1.826470
1.930831
1.728065
1.801728
1.974233
1.832718
1.671870
1.904253
1.998089
1.798358
1.660839
1.888343
1.782473
1.713901
1.779597
1.446303
1.672313
1.952833
1.853756
1.768467
1.647964
1.907351
1.829378
1.840192
1.750764
1.881149
1.955336
1.822672
1.927292
1.738291
1.791978
1.808884
1.909952
1.735153
1.625218
1.831360
1.906742
1.872331
1.533598
1.916084
1.644921
1.502509
1.564112
1.586213
1.892350
1.929404
1.520447
1.998098
1.825466
1.528198
1.731721
1.421843
1.849250
1.616577
1.800524
1.928562
1.586169
1.957643
1.991450
1.449997
1.984201
1.731629
1.515018
1.953292
1.873056
1.937054
1.439385
1.727334
1.432650
1.990051
1.915491
1.569052
1.705737
1.711576
1.697260
1.952826
1.559084
1.796853
1.969442
1.866790
1.588841
1.660838
1.610580
1.759973
1.857083
1.927849
1.989567
1.949960
1.905912
1.859352
1.567381
1.733037
1.986738
1.648145
1.850266
1.655992
1.700225
1.847053
1.567919
1.910806
1.719789
1.924426
1.883059
1.663469
1.766477
1.913910
1.836898
1.490152
1.655113
1.731884
1.959216
1.612467
1.281949
1.533645
1.303488
1.798628
1.807152
1.643875
1.474576
1.946076
1.455934
