1.817300
1.893670
1.763033
1.964329
1.708420
1.837272
1.116366
1.590566
1.827276
1.911132
1.892087
1.912656
1.766335
1.490633
1.902885
1.856465
1.126027
1.341249
1.951557
1.928720
1.887424
1.513314
1.898899
1.288337
1.393025
1.571568
1.663621
1.560832
1.929297
1.426970
1.513468
1.765719
1.635220
1.862945
1.954984
1.597229
1.311843
1.681796
1.862614
1.996810
1.763950
1.793540
1.291561
1.505233
1.880458
1.454945
1.802467
1.114954
1.527633
1.724878
1.978730
1.842044
1.388706
1.892170
1.921173
1.881822
1.769460
1.749569
1.995687
1.833556
1.412961
1.653482
1.525686
1.953235
1.485947
1.665928
1.617594
1.882787
1.875649
1.562994
1.202632
1.614939
1.560263
1.887663
1.180783
1.704051
1.818619
1.950370
1.795139
1.508816
1.772504
1.401540
1.531160
1.477422
1.392291
1.560042
1.106934
1.442228
1.923246
1.896172
1.043402
1.109109
1.913630
1.638020
1.151894
1.969104
1.441010
1.778689
1.183363
1.423519
1.562469
1.933500
1.731145
1.540147
1.968212
1.993172
1.683435
1.345032
1.923794
1.738300
1.571721
1.470279
1.962637
1.516268
1.475871
1.815895
1.448454
1.731469
1.814834
1.843158
1.852962
1.958566
1.743979
1.803200
1.427717
1.526690
1.316054
1.366858
1.756901
1.999213
1.658922
1.793707
1.512878
1.274425
1.556448
1.544339
1.479875
1.806865
1.802219
1.543224
1.986363
1.467242
1.176227
1.434943
1.534375
1.760788
1.008916
1.141682
1.514252
1.654799
1.334694
1.879874
1.887664
1.521485
1.905850
1.574116
1.445707
1.944514
1.746447
1.870018
0.933416
1.774834
1.479487
1.766385
1.767056
1.700017
1.868952
1.932645
1.999002
1.961682
1.790280
1.152522
1.853422
1.200828
1.793408
1.371539
1.653957
1.953340
1.615599
1.785999
1.140864
1.016064
1.596091
1.923543
1.378272
1.542909
1.914647
1.503713
1.869711
1.263041
0.994632
1.976575
1.997512
1.860372
1.746693
1.058313
1.237410
1.732302
1.631181
1.382412
1.622888
1.997323
1.150173
1.857094
1.553168
1.328244
1.861090
1.850354
1.246772
1.918622
1.601945
1.621045
1.402627
1.744974
1.897280
1.121698
1.453485
1.840258
1.488865
1.873889
1.366034
1.424252
1.048130
1.371696
1.927951
1.728039
1.884687
1.953675
1.890339
1.465398
1.577755
1.789774
1.938720
1.222640
1.854832
1.500897
1.988610
1.983268
1.748708
1.801282
1.859677
1.235448
1.437861
1.873597
1.739106
1.765923
1.716266
1.171204
1.956721
1.482925
1.539220
1.670093
1.395688
1.805868
1.765475
1.615777
1.836299
1.560291
1.434657
1.621539
1.963295
1.833573
1.643847
1.617294
1.775417
1.622379
1.643929
1.511754
0.933894
1.914278
1.793157
1.713121
1.387985
1.964201
1.559303
1.018736
1.601374
1.420633
1.228117
1.814276
1.408523
1.604467
1.742623
1.915298
1.759380
1.695122
1.559068
1.821884
1.871545
1.523545
1.593134
1.220856
1.997111
1.623361
1.998789
1.255382
1.736360
1.674560
1.960700
1.805752
1.162212
1.421615
1.894039
1.142711
1.181177
1.534849
1.615977
1.658761
1.207306
1.735026
1.894347
1.698697
1.474115
1.551800
1.038487
1.812964
1.779371
1.494533
1.366233
1.840720
1.896088
1.960961
1.561971
1.449974
1.615395
1.351114
1.495074
1.494409
1.754732
1.425205
1.160935
1.515183
1.979241
1.891868
1.208791
1.863745
0.912650
1.093283
1.901307
1.948156
1.635776
1.280197
1.720518
1.009683
1.519853
1.182728
1.935022
1.605607
1.081162
1.041625
1.933419
1.844436
1.353301
1.427243
1.764746
1.846671
1.519371
1.598524
1.451707
1.697279
1.632840
1.604322
1.473669
1.765600
1.020023
1.790395
1.155679
0.965234
1.173759
1.768616
1.321398
1.821166
1.798014
1.974624
1.250154
0.959327
1.953402
1.742118
1.568795
1.593967
1.747068
1.194677
1.991261
1.727148
1.904637
1.282358
1.193492
1.959484
1.020689
1.922360
1.963085
1.148222
1.870906
1.894681
1.023364
1.835282
1.898552
1.056457
1.138158
1.869387
1.554883
1.660243
1.349981
1.544652
1.771751
1.051815
1.286374
1.401760
1.550027
1.149126
1.671063
1.150950
1.203287
1.876994
1.326339
1.424724
1.403195
1.359579
1.851022
1.711478
1.135020
1.800288
1.227598
1.721646
1.262968
1.422841
1.979532
1.854040
1.795589
1.425836
1.301774
1.937382
1.784252
1.375865
1.105003
1.745208
1.321966
1.642221
1.921517
1.405008
1.417943
1.199196
1.347487
1.941813
1.704957
1.630288
1.384096
1.124612
1.551113
1.996958
1.744279
1.630950
1.919569
1.756506
1.445264
1.313002
1.704499
1.307970
1.290269
1.849363
0.963073
1.141334
1.562126
1.300082
0.954794
1.487052
1.113862
1.986634
1.507091
1.324980
1.131139
1.238498
1.253540
1.688982
0.944754
1.586831
1.898596
1.708087
1.493060
1.195986
1.394109
1.941432
1.813771
1.923305
1.795485
1.690169
1.805522
1.287469
1.471149
1.201769
1.842057
1.431237
1.781157
1.058234
1.310592
1.959737
1.716849
0.900669
1.852665
1.888436
1.181117
1.627635
1.998158
1.187792
1.166069
1.917765
1.656870
1.864079
1.964498
1.300177
1.127881
1.559480
1.323095
1.762671
1.690445
1.509250
1.409926
1.731223
1.433834
1.786284
1.051074
1.014488
1.843945
0.943717
1.610978
1.988593
1.493354
1.979637
1.468152
1.000504
1.672622
1.058958
0.830676
1.450430
1.053079
1.304721
1.452191
1.974488
1.836095
1.574633
1.783369
1.417398
1.596724
1.811729
1.586188
1.383585
1.383913
0.966829
1.358502
1.192467
1.554645
1.357020
1.982206
1.958594
1.109007
1.526241
1.022915
1.909640
1.014157
1.287368
1.347535
1.350227
1.637287
1.662451
1.870391
1.546016
1.430253
1.900849
1.078322
1.905944
1.672385
1.315613
1.576525
1.286432
1.138953
1.814357
1.543503
1.974035
1.486239
1.081993
1.089190
1.343607
1.314607
1.348743
0.982782
1.101607
1.906979
1.921105
1.825782
1.408233
1.679612
1.621256
1.790882
1.144267
1.883182
1.816505
1.898505
1.619113
1.983914
1.527234
1.446066
1.183109
1.602589
1.935254
