1.979928
1.886221
1.981430
1.947498
1.969960
1.925460
1.990446
1.777374
1.676348
1.771330
1.972290
1.985873
1.906717
1.964386
1.907770
1.796906
1.796176
1.842318
1.981041
1.879443
1.851164
1.994772
1.655706
1.906616
1.910816
1.910794
1.985757
1.966558
1.985862
1.694431
1.890698
1.894130
1.913430
1.888622
1.972803
1.879056
1.873507
1.970931
1.702686
1.592097
1.849915
1.768764
1.573133
1.845219
1.646019
1.787214
1.884770
1.790992
1.874787
1.644460
1.842880
1.831008
1.865758
1.953688
1.758128
1.664924
1.821909
1.863353
1.868944
1.626843
1.731947
1.662935
1.901263
1.757238
1.507935
1.942309
1.798043
1.663275
1.949225
1.506195
1.664589
1.945345
1.997373
1.927575
1.875343
1.681981
1.738462
1.917049
1.622381
1.998533
1.551203
1.463230
1.671261
1.790776
1.964649
1.782355
1.846203
1.937007
1.891164
1.745101
1.698364
1.709060
1.711487
1.939124
1.705605
1.645345
1.467854
1.848165
1.573641
1.930268
1.558825
1.639275
1.632471
1.652621
1.566751
1.955025
1.559965
1.485446
1.990759
1.864787
1.428125
1.866891
1.493094
1.902219
1.729995
1.632061
1.674062
1.743486
1.860944
1.908016
1.902268
1.679604
1.889445
1.829585
1.908646
1.834005
1.813441
1.958278
1.812236
1.447570
1.828370
1.828470
1.587515
1.525329
1.590719
1.374006
1.737001
1.322858
1.991007
1.487459
1.664334
1.921404
1.672351
1.793335
1.886413
1.985625
1.346151
1.507451
1.797392
1.991119
1.970584
1.570476
1.891083
1.116074
