1.980617
1.900565
1.779738
1.962156
1.872105
1.714118
1.773938
1.807457
1.712687
1.705291
1.989154
1.969011
1.445014
1.766184
1.760920
1.665163
1.940220
1.582886
1.874006
1.660755
1.411237
1.349632
1.444360
1.718801
1.638146
1.476742
1.846856
1.792802
1.695685
1.379097
1.851867
1.583838
1.611513
1.954912
1.055624
1.867188
1.334249
1.642445
1.620509
1.836361
1.355520
1.389600
1.775659
1.725829
1.901695
1.759308
1.983756
1.802121
1.294792
1.630172
1.295746
1.463935
1.580056
1.664269
1.740722
1.863285
1.874630
1.777488
1.867141
1.477905
1.365002
1.809293
1.759040
1.186603
1.409017
1.916342
1.583439
1.864911
1.628476
1.152365
1.330844
1.514888
1.904013
1.917898
1.406173
1.885710
1.454845
1.870614
1.072767
1.694662
1.908922
1.929908
1.891107
1.896268
1.325291
1.795911
1.669986
1.226667
1.360902
1.766208
1.799331
1.362744
1.880442
1.758931
1.629368
1.841909
1.768866
1.789309
1.962723
1.381752
1.428812
1.624494
1.933185
1.469633
1.828947
1.723634
1.825311
1.101503
1.820432
1.520143
1.548095
1.339467
1.834768
1.286753
1.270733
1.770343
1.834259
1.912300
1.735023
1.369277
1.466089
1.912707
1.760187
1.693660
1.672574
1.540421
1.683903
1.438508
1.297985
1.684593
1.045017
1.924597
1.095932
1.214439
1.784935
1.746843
1.966590
1.001543
1.826262
1.720922
1.352585
1.846814
1.792701
1.983842
1.764462
1.517889
1.152968
1.335442
1.482921
1.951348
1.506319
1.506820
1.470711
1.851729
1.918695
1.378930
1.631678
1.978917
1.737675
1.345884
1.531710
1.427574
1.892430
1.817248
1.702409
1.158786
1.744660
1.180373
1.532712
1.483022
1.820418
1.623550
1.037600
1.343928
1.975852
1.938036
1.905582
1.265047
1.995738
1.974182
1.749080
1.197112
1.916338
1.827934
1.779934
1.516277
1.956330
1.908637
1.053085
1.325891
1.289929
1.599962
1.554274
1.303566
1.753966
1.611136
1.618858
1.965723
1.428630
1.439575
1.275300
1.824817
1.969217
1.602639
1.496254
1.546155
1.635377
1.233954
1.841639
1.217345
1.995433
1.818159
1.663243
1.854937
1.104050
1.956693
1.297618
1.777989
1.988272
1.750062
1.368576
1.815244
1.708097
1.944041
1.517755
1.934751
1.946627
1.253015
1.665400
1.866661
1.683826
1.136127
1.695966
1.064537
1.854390
1.996523
1.128560
1.426149
1.414160
1.884045
1.259235
1.912560
1.997282
1.476983
1.148805
1.587648
1.483357
1.650936
1.509533
1.384841
1.486043
1.860476
1.280718
1.785013
1.685887
1.838842
1.647926
1.074218
1.245860
1.421192
1.731597
1.920883
1.937845
1.584475
1.657858
1.774221
1.638565
1.976375
1.781808
1.946364
1.196422
1.422990
1.700474
1.443711
1.471284
1.836190
1.122419
1.564571
1.770202
1.411175
1.391155
1.665746
1.545544
1.913340
1.697447
1.854158
1.550265
1.322845
1.772467
1.798179
1.838453
1.856669
1.733739
1.669915
1.703767
1.763528
1.540518
1.964274
1.078779
1.642634
1.620863
1.576371
1.284800
1.960845
1.525285
1.045289
1.016451
1.670104
1.053522
1.497736
1.209651
0.966924
1.410867
1.126466
1.692050
1.833108
1.954913
1.792888
1.559466
1.189310
1.708348
1.835571
1.526711
1.804294
1.404302
1.075134
1.444894
1.732420
1.660978
1.839293
1.130567
1.609871
1.676797
1.539468
1.031715
1.507425
1.455086
1.387682
1.412672
1.550907
1.344919
1.481910
1.009185
1.909625
1.907342
1.805867
1.554901
1.910654
1.695351
1.801396
1.901720
1.488992
1.745308
1.792377
1.963563
1.835688
1.662526
1.033455
1.352533
1.330616
1.344291
1.397822
1.276255
1.805650
1.710819
1.375946
1.049421
1.474329
1.332172
0.909824
1.330898
1.712032
1.456277
1.670653
1.852046
1.841619
1.430174
1.968919
1.861034
1.830801
1.835994
1.701999
0.943936
1.686916
1.691604
1.513752
1.821689
1.516485
1.849224
1.434603
1.517654
1.872015
1.757281
1.748891
1.766558
1.442317
1.736051
1.777020
1.579963
0.795909
1.557014
1.735082
1.934647
1.973430
1.901348
1.924145
1.202668
1.265609
1.155399
1.084163
1.968961
1.353246
1.519774
1.380747
1.348633
1.599917
1.352549
1.924536
1.938748
1.471203
1.685832
1.757585
1.914785
1.379494
1.042010
1.645643
1.307019
1.323597
1.999249
1.652655
1.823012
1.669696
1.611804
1.712626
1.290461
1.948118
1.996488
1.481263
1.407905
1.237748
1.941443
1.223155
1.873157
1.808678
1.753923
1.872170
1.124675
0.903079
1.427179
1.821079
1.078450
0.896331
1.782309
1.705981
0.993304
1.867261
1.407452
1.539776
1.219680
1.293071
1.471867
1.392368
1.344870
1.433601
1.816405
0.967664
1.847799
1.396986
1.756726
1.271508
1.660687
1.704134
1.509720
1.831666
1.550304
1.151331
1.944878
1.269827
1.661310
1.944157
1.157030
1.239929
1.392174
1.985966
1.456904
1.170443
1.401058
1.968510
1.872355
1.882006
1.591706
1.183561
1.749562
1.102016
1.251455
1.880130
1.464975
1.548160
1.711240
1.568245
1.854355
1.521640
1.452670
1.845093
1.092802
0.998905
1.832363
1.435687
1.648385
1.452920
1.043320
1.986139
1.792177
1.296938
1.383135
1.692129
1.532866
1.294192
1.522707
1.339910
1.506947
1.216295
1.571191
0.933989
1.706629
1.697296
0.961420
1.818657
1.447137
1.818166
1.558248
1.719761
1.581987
1.432302
1.100459
1.916593
1.321847
1.542300
1.403628
1.422950
1.318594
1.520862
1.806216
0.966989
1.992082
1.648791
1.538465
1.159331
1.301424
1.981051
1.948538
1.401331
1.849664
1.565920
1.877791
1.727232
1.273901
1.140636
1.035511
1.986329
1.141173
1.797236
0.948980
1.380994
1.821790
1.510593
1.212872
1.544537
1.533479
1.596102
1.693654
1.231540
1.655526
1.218912
1.277887
1.471233
1.015193
1.117006
1.990339
1.637156
0.892878
1.843018
1.524248
1.245783
1.845112
1.444709
1.663258
1.689303
1.992062
1.950821
1.766307
1.511689
1.222783
1.645283
1.999102
0.990429
1.581708
1.873040
1.830089
1.681816
1.547805
1.834674
1.559363
1.512330
1.688391
1.446132
1.429674
1.200845
0.967616
1.557976
1.215410
1.231099
1.846456
1.568353
1.236751
1.034058
1.556838
1.651302
1.470723
1.619688
1.497311
1.002279
1.256559
1.577766
0.915207
1.450032
1.088028
1.579644
1.641978
1.473021
1.318103
1.225576
1.453265
0.987483
1.123458
1.878194
1.811121
1.958189
1.696157
1.773652
1.547199
1.516037
1.948036
1.894843
1.954753
1.915253
1.658794
1.504177
1.901407
1.099606
1.379570
1.807872
0.880154
1.944982
1.925656
1.464083
1.929222
0.876655
1.636462
1.687684
1.478895
0.912907
1.315870
0.948530
1.234707
0.959674
1.927948
1.609759
1.212824
1.989154
0.848733
1.813703
1.975959
0.897298
1.706756
1.005224
1.308840
1.755721
1.312930
1.569751
1.719153
1.608037
1.613920
1.709583
0.996151
1.598370
1.145213
1.079595
1.817371
1.191805
1.153991
1.207214
1.329720
1.170561
1.244128
1.089228
1.035496
1.915727
1.279608
1.874887
0.916325
1.762557
0.986135
1.990611
1.969124
1.973961
1.218042
1.611533
1.488994
1.358217
1.599379
0.707756
1.612650
1.105388
1.385259
1.962168
1.402824
1.937299
1.868995
1.736569
1.845137
1.163087
1.776733
1.736952
1.681989
1.585331
1.639677
1.546975
1.840447
1.678855
1.975417
1.345282
1.882688
1.023450
1.512034
1.952098
0.838663
1.026365
1.925979
1.496939
1.314669
1.098152
1.173351
1.804714
1.687242
0.800315
1.199991
0.912414
1.968112
