1.804504
1.369182
1.965271
1.101492
1.705972
1.893308
1.244537
1.726097
1.896243
1.756773
1.696819
1.748630
1.704945
1.406821
1.484729
1.974006
1.565565
1.781403
1.999014
1.574854
1.560278
1.709359
1.930776
1.756911
1.579820
1.376217
1.889971
1.840165
1.539457
1.695887
1.466446
1.755152
1.710017
1.341073
1.820307
1.800931
1.854408
1.435964
1.493661
1.525812
1.927209
1.507999
1.526385
1.666887
1.255352
1.941895
1.373209
1.934169
1.767331
1.414373
1.245858
1.402746
1.489147
1.178711
1.475121
1.874657
1.716461
1.750115
1.048835
1.186772
1.795509
1.557551
1.048167
1.520071
1.871413
1.155573
1.499657
1.645427
1.646983
1.962686
1.292569
1.809501
1.897887
1.562304
1.514836
1.850706
1.688787
1.657953
1.587353
1.655454
1.844498
1.608946
1.889280
1.731259
1.639165
1.583551
1.844395
0.987696
1.945359
1.731122
1.593008
1.895248
1.875005
1.573354
1.486745
1.102918
1.942160
1.733586
1.896465
1.958133
1.624625
1.280306
1.511276
1.308216
1.776842
1.462404
1.601964
1.964423
1.901522
1.730870
1.287113
1.483910
1.813349
1.760537
1.178698
1.944682
1.910214
1.787368
1.517380
1.858542
1.430967
1.441523
1.851799
1.590569
1.013204
1.537702
1.530691
1.929637
1.496761
1.789035
1.803501
0.987800
1.996784
1.845140
1.342982
1.935266
1.719858
1.090561
1.023330
1.241067
1.230064
1.602550
1.374141
1.380206
1.385822
1.500459
1.178278
1.355024
1.398790
0.937799
1.847357
1.912211
1.690760
1.844791
1.438424
1.854164
1.773499
1.347353
1.610331
1.245103
1.352038
1.932248
1.606756
1.959458
1.305575
1.610557
1.941091
1.305725
1.725840
1.685218
1.110141
1.492960
1.939764
1.792809
1.814919
1.252451
1.840922
1.756344
1.414469
1.638250
1.842088
1.948577
1.023417
1.880627
1.220806
1.970899
1.985435
1.227257
1.984289
1.266310
1.927272
1.964254
1.298720
1.279101
1.747083
1.213269
1.281993
1.903727
1.496372
1.851440
1.541842
0.995113
1.928004
1.778495
1.805021
1.698247
1.551709
1.718097
0.961880
1.463439
1.265988
1.031011
1.299154
1.598425
1.393457
1.976924
1.513172
1.782451
1.229876
1.973961
1.300172
1.865589
1.600470
1.303863
1.702352
1.875715
1.478061
1.717230
1.646151
1.318517
1.708677
1.842166
1.160264
1.895808
1.722258
1.504031
1.626745
1.147538
1.835969
1.395087
1.551593
1.953431
1.795705
0.941996
1.965860
1.389820
1.244116
1.802730
1.927696
1.785641
0.938741
1.803623
1.417442
1.783887
1.456174
1.579321
1.662946
1.746743
1.131706
1.260078
1.094742
1.887778
1.836270
1.018772
1.198283
1.769423
1.193767
1.766319
1.961598
1.367727
1.478065
1.134550
1.376526
1.359416
