1.982782
1.955080
1.951780
1.994035
1.938275
1.871564
1.916869
1.984298
1.985842
1.935764
1.803980
1.798077
1.875405
1.870422
1.850827
1.747809
1.833504
1.610157
1.998313
1.776243
1.940139
1.799658
1.789244
1.887174
1.843152
1.968115
1.954035
1.561623
1.939388
1.754970
1.721475
1.955100
1.591099
1.752747
1.893964
1.936333
1.866577
1.954851
1.868834
1.860251
1.532225
1.541361
1.783310
1.948528
1.957887
1.940545
1.567830
1.772406
1.971513
1.762298
1.983827
1.635629
1.578596
1.863316
1.966318
1.677292
1.644710
1.962208
1.834269
1.966532
1.958248
1.572838
1.682631
1.711928
1.836516
1.610884
1.994316
1.758416
1.875858
1.993307
1.875328
1.584294
1.338204
1.888225
1.643130
1.583787
1.972643
1.743614
1.992392
1.607147
1.566067
1.632147
1.768709
1.904678
1.628964
1.786475
1.824830
1.930162
1.642286
1.798783
1.941615
1.604827
1.930427
1.620250
1.461884
1.887600
1.341400
1.715259
1.937835
1.874404
1.355497
1.805603
1.896411
1.798724
1.564623
1.774731
1.935446
1.977260
1.341146
1.442755
1.680789
1.931527
1.634331
1.923487
1.932788
1.996849
1.355929
1.655286
1.285673
1.512105
1.314486
1.842511
1.553542
1.457394
1.734494
1.633349
1.914746
1.465257
