1.965281
1.987409
1.908980
1.765684
1.895753
1.938564
1.896628
1.990804
1.882678
1.688981
1.822456
1.835801
1.906271
1.965699
1.832902
1.902484
1.935870
1.924613
1.997071
1.978854
1.925632
1.894099
1.645841
1.731270
1.929437
1.750032
1.924548
1.775024
1.769649
1.922693
1.686421
1.814902
1.950064
1.968593
1.691948
1.963974
1.702325
1.720081
1.802852
1.571901
1.771927
1.993285
1.746585
1.981785
1.901763
1.712678
1.807467
1.931842
1.960599
1.717747
1.800273
1.844559
1.907413
1.923452
1.760676
1.967936
1.854157
1.907131
1.707248
1.564998
1.842062
1.845791
1.676604
1.779940
1.979733
1.802121
1.985447
1.782354
1.793210
1.705872
1.863074
1.859115
1.992155
1.682711
1.977706
1.809715
1.913800
1.535591
1.783846
1.988198
1.834764
1.769814
1.887855
1.928904
1.783603
1.653803
1.827963
1.946132
1.815253
1.489016
1.671246
1.813462
1.749497
1.911089
1.628890
1.811207
1.602731
1.893582
1.712840
1.706294
1.939878
1.964991
1.986653
1.687493
1.526468
1.590908
1.649782
1.462812
1.617829
1.761520
1.641924
1.722019
1.572145
1.950568
1.627993
1.655920
1.791060
1.923376
1.665243
1.613573
1.955941
1.547354
1.688968
1.696535
1.516097
1.839368
1.862483
1.903126
1.866442
1.755508
1.456125
1.979283
1.772077
1.508986
1.630990
1.379104
1.951305
1.560747
1.959329
1.825262
1.911180
1.821699
1.637494
1.852507
1.585722
1.324755
1.762982
1.481041
1.872096
1.185584
1.996068
1.759112
