1.826466
1.754018
1.570429
1.235668
1.655696
1.848698
1.463059
1.018299
1.245541
1.846292
1.342619
1.643640
1.674756
1.950098
1.067529
1.907598
1.793761
1.685812
1.997117
1.978435
1.605550
1.531032
1.773249
1.895904
1.273779
1.986767
1.658289
1.830973
1.533730
1.734829
1.519443
1.773483
1.372018
1.660217
1.689687
1.706915
1.991882
1.691882
1.699483
1.849098
1.716878
1.763440
1.969536
1.067679
1.506752
1.531574
1.971709
1.594258
1.529157
1.796299
1.349247
1.808902
1.958690
1.508099
1.984016
1.633018
1.948078
1.651874
1.798283
1.859130
1.388825
1.830266
1.578071
1.506331
1.739353
1.804261
1.915587
1.740245
1.807021
1.860197
1.879281
1.538277
1.316003
1.517273
1.891974
1.607687
1.779351
1.853792
1.987167
1.933945
1.803439
1.827280
1.603096
1.828357
1.250335
1.398520
1.283607
1.848588
1.283084
1.119110
1.759872
1.636758
1.440885
1.606480
1.658297
1.926530
1.321198
1.915389
1.999366
1.214188
1.295725
1.962131
1.572801
1.935471
1.746158
1.363045
1.828597
1.915235
1.855975
1.280219
1.665121
1.412540
1.593338
1.823384
1.304901
1.976015
1.755605
1.824139
1.976178
1.398258
1.904725
1.838325
1.649987
1.708308
1.116181
1.066087
1.664807
1.362077
1.609693
1.930411
1.414753
1.764083
1.955147
1.998061
1.220356
1.175348
1.817038
1.793767
1.405431
1.915039
0.977069
1.714502
1.047651
1.832244
1.072748
1.103768
1.236715
1.874010
1.841078
1.602096
1.553488
1.779521
1.130754
1.862168
1.905430
1.600608
1.391707
1.412144
1.872859
1.991819
1.324080
1.573017
1.299243
1.592505
1.654072
1.861798
1.328092
1.409002
1.620775
1.646146
1.717818
1.556901
1.197800
1.627104
1.728235
1.499107
1.340169
1.436939
1.957190
1.563050
1.725118
0.983685
1.562801
1.786283
1.919985
1.239113
1.268939
1.173464
1.488497
1.982260
1.885637
1.415395
1.382938
1.250101
1.866703
1.294861
1.675501
1.525952
1.755029
1.186556
1.730699
1.130274
1.788585
1.385193
1.970642
1.997601
1.512749
1.684644
1.346768
1.366031
1.629054
1.986294
1.663322
1.745998
1.707951
1.795768
1.207901
1.851844
1.766129
1.832948
0.982089
1.816107
1.734418
1.117305
1.392506
1.187106
1.725223
1.195232
1.991150
1.427529
1.876022
1.613986
1.706774
1.002110
1.797532
1.969091
1.565959
1.663991
1.875988
1.024253
1.700616
1.982299
1.154450
1.296238
1.797468
1.892093
1.197876
1.902102
1.969729
1.256725
1.898114
1.779442
1.206653
1.221178
1.996700
1.325272
1.487744
1.964156
1.567281
1.840865
1.839142
1.273356
1.185530
1.882065
1.558415
1.631692
1.080517
1.851958
1.074624
1.249663
1.384678
1.910851
1.996457
1.976353
0.990420
1.592556
1.410064
1.851153
1.794045
1.901789
1.617159
1.083367
0.822592
1.584993
1.351256
1.062142
1.612748
1.989531
1.252697
1.748072
1.113879
1.285827
0.892076
1.826899
1.649723
1.181207
1.376373
1.650191
1.688914
1.435233
1.024581
1.749224
1.853592
1.211157
1.146658
1.797890
1.480894
1.624539
1.208251
1.096307
1.740716
1.323535
1.806356
1.618028
1.226539
1.922096
1.599356
1.424498
1.436029
1.625911
1.588994
1.699399
1.209486
1.614332
1.092064
1.810583
1.162313
1.397478
1.840429
1.102263
1.807072
1.464941
1.956470
1.765887
0.879258
1.918283
1.262632
1.560859
1.885225
1.303198
1.591791
1.596724
1.558428
1.420011
1.870938
1.693649
1.434080
1.667733
1.631780
1.248964
1.181580
0.792488
1.115570
1.229435
1.242094
1.101499
1.674196
1.896403
1.409511
1.814959
1.715895
1.274815
1.465711
1.796566
1.181492
1.554745
1.002466
1.190983
1.830674
1.563766
1.074963
1.285932
1.963320
1.348967
1.570226
1.340452
1.862007
1.592808
1.174348
1.210794
1.960122
1.875400
1.628001
1.936895
1.598002
1.183308
1.951143
1.929871
1.653941
1.898253
1.990886
1.989991
1.125963
1.810264
1.639390
0.977743
0.972926
1.317094
1.386144
1.505754
1.503642
1.803618
1.484744
