1.862660
1.688806
1.391927
1.939557
1.847622
1.360061
1.764757
1.961173
1.615154
1.668511
1.465086
1.717872
1.975598
1.674859
1.819053
1.524260
1.457633
1.848846
1.134591
1.967765
1.431777
1.173697
1.484999
1.915176
1.648543
1.786747
1.704672
1.503244
1.602695
1.408484
1.793195
1.254911
1.850178
1.812288
1.764939
1.446320
1.934412
1.799816
1.351799
1.794899
1.977687
1.248491
1.865935
1.989008
1.576572
1.598290
1.958292
1.962526
1.774241
1.992394
1.825250
1.552970
1.905955
1.328042
1.619744
1.836864
1.974694
1.520191
1.990939
1.827903
1.726014
1.688844
1.802498
1.709310
1.994726
1.650952
1.309908
1.483394
1.562450
1.786936
1.432444
1.602286
1.775674
1.922089
1.912848
1.678792
1.926160
1.822548
1.596135
1.896011
1.912581
1.671764
1.342339
1.603565
0.966838
1.879277
1.399014
1.525212
1.780280
1.987639
1.635798
1.811585
1.500410
1.020878
1.803022
1.524482
1.845745
1.398138
1.452031
1.945641
1.877381
1.985174
1.643513
1.488018
1.984954
1.358576
1.781770
1.635985
1.891701
1.378117
1.961038
1.641421
1.529513
1.258475
1.687738
1.579481
1.966945
1.809614
1.460745
1.428932
1.485484
1.502686
1.454676
1.009270
1.669236
1.670900
1.476947
1.767194
1.930122
1.054302
1.815434
1.903216
1.886482
1.888977
1.876443
1.466580
1.283740
1.603080
1.901923
1.794958
1.884532
1.982088
1.571205
1.206185
1.488578
1.416530
1.833870
1.541765
1.388583
1.124946
1.496607
1.494740
1.182124
1.795528
1.918277
1.637143
1.876536
1.742744
1.369142
1.962883
1.878016
1.915658
1.223629
1.497096
1.971312
1.511154
1.936524
1.856359
1.772359
1.976529
1.125240
1.809816
1.431012
1.586969
1.687379
1.604244
1.184766
1.826487
1.448180
1.776576
1.494278
1.475211
1.908370
1.566736
1.711249
1.502154
1.794074
1.451760
1.547122
1.817110
1.229959
1.069650
1.282567
1.393259
1.269459
1.258356
1.498899
1.227180
1.320272
1.571721
1.847645
1.939085
1.708891
1.935221
1.688373
1.914047
1.224872
1.388843
1.966832
1.213996
1.675594
1.960379
1.456397
1.418248
1.900424
1.972064
1.113893
0.876544
1.789802
1.121816
1.764136
1.493342
1.508816
1.964568
1.238060
1.362146
1.927289
1.394721
1.973411
1.347684
1.405871
1.960383
1.350901
1.771636
1.710915
1.100053
1.279190
0.963807
1.260515
1.256833
1.987426
1.381979
1.484824
1.946372
1.430348
0.911547
1.488749
1.561138
1.362175
1.134789
1.941527
1.851853
1.717706
1.514230
1.658549
1.685029
1.569826
1.803180
1.663998
1.230386
1.252254
1.823572
1.041870
1.203969
1.902975
1.343481
1.094293
1.498981
1.532686
1.515087
1.508411
1.653764
1.348450
1.960339
1.044742
1.910307
1.359103
1.090210
1.879589
1.715754
1.219495
1.365532
1.879867
1.373907
1.383678
1.955757
1.611149
1.875170
0.970117
1.411990
1.253517
0.987996
1.496175
0.973569
1.982688
1.979457
1.872122
1.229243
0.958777
1.755203
1.723201
1.182928
0.985266
1.286310
1.308258
1.841736
1.203419
1.930720
1.571225
1.102658
1.266849
1.513626
1.911158
1.215561
1.031529
1.334751
1.826521
1.876575
1.695436
1.880818
1.989205
1.828203
1.757226
1.155088
1.840812
1.747701
1.539102
0.992604
1.866788
1.755329
1.799324
1.714675
0.941762
1.901443
1.349138
1.186145
1.873515
1.771730
1.238729
1.318818
1.588998
1.703448
0.992501
1.315223
1.690924
1.655310
1.559095
1.061057
1.712469
1.668674
1.288598
1.081078
1.018524
1.954401
1.022336
1.538979
1.173544
1.926135
1.817569
1.993461
1.222703
1.660214
1.245596
1.428584
1.078459
1.740452
1.396507
1.959745
1.708056
0.987690
1.680975
1.316110
1.313707
1.265533
1.018568
0.982663
1.951719
1.793224
1.799984
1.927839
1.920502
0.827106
1.976098
1.301853
1.058994
1.109898
1.197206
0.793390
1.440441
1.282653
1.710917
1.047768
1.634970
1.192968
1.238012
1.621189
1.712449
1.883552
0.927331
1.088143
