1.952709
1.932608
1.990136
1.894940
1.983741
1.958022
1.855299
1.801917
1.867978
1.884917
1.936270
1.907673
1.931476
1.900899
1.952549
1.906040
1.963833
1.967745
1.891775
1.957100
1.875789
1.833269
1.702048
1.838113
1.932575
1.810631
1.709869
1.692257
1.875110
1.967429
1.910250
1.897928
1.595659
1.981293
1.775298
1.922921
1.987175
1.907625
1.963386
1.902387
1.946095
1.986138
1.645863
1.599690
1.499541
1.627092
1.955418
1.836698
1.692288
1.865799
1.661158
1.610754
1.966822
1.935480
1.471381
1.900067
1.964597
1.779377
1.822631
1.791351
1.989365
1.711344
1.656291
1.865045
1.790134
1.645249
1.876215
1.905378
1.953737
1.982648
1.963808
1.648956
1.963730
1.835748
1.800755
1.902061
1.606803
1.737708
1.883897
1.538254
1.893839
1.958990
1.631700
1.769849
1.866967
1.781492
1.478435
1.976990
1.657962
1.502148
1.976760
1.999336
1.811369
1.520897
1.705735
1.789007
1.559760
1.715280
1.932201
1.656476
1.865603
1.529567
1.961673
1.769090
1.875298
1.623610
1.685087
1.996893
1.604516
1.550169
1.964943
1.925822
1.747840
1.946164
1.710149
1.759967
1.646376
1.715313
1.842732
1.494838
1.472388
1.969369
1.876071
1.968462
1.629101
1.921564
1.788121
1.923303
1.868908
1.408034
1.614651
1.970774
1.651796
1.822031
1.533932
1.636003
1.701535
1.919146
1.718666
1.925360
1.783554
1.698509
1.824420
1.989479
1.390770
1.683374
1.748405
1.432601
1.854104
1.944668
1.194987
1.613142
1.696356
1.291571
