1.971638
1.940911
1.891863
1.945126
1.982238
1.962421
1.989901
1.803983
1.932876
1.907042
1.911027
1.849524
1.753234
1.964239
1.923907
1.714476
1.972757
1.813772
1.898961
1.832828
1.714870
1.905604
1.855498
1.906014
1.806649
1.799226
1.880357
1.983805
1.974188
1.898529
1.918529
1.979163
1.999397
1.941947
1.608876
1.734691
1.830959
1.714444
1.790996
1.977714
1.660708
1.727076
1.981015
1.832310
1.830231
1.783081
1.973760
1.672694
1.707844
1.961146
1.904339
1.707936
1.958282
1.871876
1.933107
1.653922
1.710119
1.982093
1.811658
1.730711
1.765466
1.968426
1.935921
1.910877
1.783276
1.506459
1.561636
1.912097
1.989788
1.724166
1.783985
1.931951
1.563338
1.983499
1.782207
1.796338
1.931808
1.600701
1.695599
1.982681
1.629121
1.417193
1.856364
1.845300
1.919089
1.908926
1.891648
1.764213
1.740985
1.782025
1.748636
1.790745
1.714754
1.803406
1.895078
1.678794
1.709323
1.788752
1.954572
1.784531
1.812981
1.864392
1.884876
1.600768
1.936463
1.655088
1.459904
1.892467
1.691466
1.595572
1.782845
1.987460
1.729269
1.544756
1.363461
1.913500
1.860324
1.964505
1.598064
1.805555
1.580617
1.397067
1.881749
1.932339
1.701222
1.829364
1.596036
1.606208
1.477013
1.442911
1.648165
1.280748
1.555963
1.647714
1.407627
1.782569
1.284556
1.765918
1.959831
1.840934
1.628608
1.736862
1.971165
1.581496
1.741245
1.801655
1.903216
1.736354
1.877585
1.590168
1.959182
1.610966
1.659276
1.707116
1.717025
1.350991
1.321864
1.887128
1.750965
1.497391
1.432979
1.486619
1.931792
1.892073
1.782003
1.996629
