1.486775
1.994422
1.097939
1.863353
1.898290
1.841617
1.563250
1.591824
1.283418
1.942557
1.253643
1.074126
1.443243
1.641603
1.483912
1.782476
1.454136
1.889435
1.771850
1.704900
1.751629
1.883064
1.277111
1.996934
1.780759
1.495489
1.436674
1.131925
1.987596
1.564557
1.612570
1.937112
1.852164
1.936105
1.922035
1.537522
1.436407
1.932356
1.730646
1.909027
1.196706
1.544977
1.772956
1.870589
1.691866
1.823844
1.940614
1.593204
1.735770
1.553333
1.300535
1.509548
1.864384
1.058603
1.808112
1.902718
1.345898
1.136469
1.768478
1.769352
1.540734
1.171242
1.822033
1.205112
1.404552
1.843067
1.908615
1.523430
1.669691
1.727566
1.767669
1.441286
1.791079
1.889963
1.962538
1.633284
1.508581
1.569003
1.983721
1.686246
1.890312
1.323368
1.313334
1.246531
1.646409
1.545703
1.362707
1.225752
1.728654
1.448917
1.755231
1.637540
1.486833
1.564357
1.713891
1.497102
1.314087
1.482880
1.159959
1.171512
1.380253
1.995447
1.493034
1.541601
1.989598
1.744329
1.341097
1.243978
1.663665
1.720492
1.904043
1.912849
1.802258
1.865022
1.432597
1.774048
1.469528
1.686641
1.486811
1.808009
1.603416
1.961528
1.247762
1.462574
1.341452
1.649140
1.680145
1.745710
1.891431
1.916283
1.654953
1.723686
1.983166
1.718236
1.991552
1.261712
1.646077
1.655654
1.869419
1.774901
1.616808
1.847526
1.536414
1.692260
1.312925
1.656212
1.350503
0.975492
1.522616
1.858998
1.450245
1.912973
1.942160
1.971290
1.808791
1.559686
1.467099
1.375539
1.758721
1.828007
1.337116
1.412849
1.916116
1.842165
1.952811
1.405026
1.700294
1.886713
1.258508
1.403876
1.773889
1.318343
1.860150
1.412026
1.634647
1.585637
1.494142
1.567550
1.039171
1.291974
1.799407
1.288266
1.694939
1.449361
1.997124
1.566747
1.489717
1.665179
1.897234
1.408129
0.938835
1.976979
0.949660
1.531298
1.748583
1.190405
1.247123
1.626010
1.371992
1.631788
1.918288
1.172193
1.621851
1.673334
0.971197
1.875751
1.495014
1.099507
1.641122
1.978734
1.389710
1.889429
1.417317
1.601770
1.938451
1.631259
1.854991
1.916251
1.941427
1.446568
1.548206
1.573629
1.840362
1.748015
1.188758
1.847466
1.076439
1.906560
1.697430
1.501196
1.974315
1.523199
1.853268
1.287020
1.873150
1.486707
1.591239
1.979699
1.674262
1.962843
1.716603
1.498332
1.355529
1.259755
1.989566
1.839381
1.853009
1.820828
1.055231
1.875021
1.542348
1.918338
1.621634
1.303374
1.445653
1.954206
1.302509
1.521280
1.159712
1.619739
1.840729
1.132423
1.598316
1.944504
1.520555
1.529273
1.174926
1.976042
1.920827
1.155909
1.110283
1.192257
1.284591
1.870645
1.841340
1.766030
1.939448
1.892738
1.308479
1.737636
1.669889
1.473466
1.483544
1.758155
1.828237
1.096829
1.736083
0.867222
1.616477
0.994941
1.274122
1.787061
1.405134
1.971314
1.778557
1.479721
1.912754
1.927668
1.859897
1.308567
1.587124
1.745770
1.215137
1.316003
1.583635
1.949657
1.657366
1.742586
1.620829
1.567876
1.471374
1.357029
1.635110
1.455720
1.460582
1.403154
1.973766
1.736712
1.292750
1.032648
1.824275
1.350744
1.593634
1.962180
1.867574
1.069925
1.468586
1.788132
1.618650
1.165567
1.270796
1.557275
1.301407
1.274300
1.518877
1.028702
1.777828
1.752489
1.934950
1.736233
1.422131
1.789019
1.006444
1.703568
1.743494
1.533610
0.951795
1.653039
1.160281
1.993146
1.375870
1.387360
1.868785
1.083469
1.845126
1.067394
1.255447
1.070783
1.476227
1.051746
1.848368
1.761835
1.808487
1.203816
1.113584
1.483003
1.491624
1.803062
1.712318
1.592163
1.423408
1.721244
1.685656
1.536851
1.736059
1.516708
1.489192
1.021936
1.793205
0.909492
0.993112
1.703526
1.664964
0.869561
1.990756
1.396181
1.362624
1.475106
1.221306
1.700547
1.504357
1.462907
1.954613
1.283593
1.807719
1.155567
1.288057
0.824028
1.281319
1.508679
1.234428
1.065336
1.515264
1.525926
0.900666
1.843397
1.377655
1.613928
1.838303
1.869784
0.995264
1.284930
1.104769
1.710860
1.442266
1.597528
1.906484
0.872217
1.996939
1.532511
1.657957
1.950944
