1.807691
1.925759
1.873387
1.914742
1.873201
1.950411
1.934844
1.856109
1.744772
1.936130
1.938133
1.924826
1.794646
1.838055
1.767643
1.991000
1.963724
1.996364
1.972979
1.998058
1.931636
1.740030
1.896449
1.758354
1.980076
1.824891
1.791546
1.981613
1.698323
1.918920
1.792120
1.913831
1.833443
1.865176
1.875428
1.898958
1.979559
1.726182
1.900351
1.918376
1.806350
1.719428
1.819430
1.885925
1.993015
1.815060
1.588407
1.370714
1.717458
1.804184
1.972441
1.895039
1.925937
1.837424
1.754802
1.829802
1.824430
1.800208
1.886991
1.749673
1.874793
1.869185
1.815257
1.999033
1.905643
1.551513
1.941581
1.615364
1.956944
1.955640
1.893413
1.438846
1.982359
1.905254
1.748162
1.663787
1.642883
1.721778
1.561154
1.825347
1.492257
1.531737
1.819229
1.765102
1.777519
1.997042
1.892003
1.979009
1.912655
1.576054
1.926318
1.967919
1.723845
1.604046
1.759012
1.921583
1.891500
1.728762
1.831277
1.814037
1.971943
1.857829
1.785933
1.903729
1.880157
1.654454
1.813200
1.863787
1.911855
1.809853
1.746794
1.725297
1.483255
1.639394
1.619488
1.917317
1.745414
1.899547
1.581070
1.983485
1.665523
1.591974
1.696912
1.609728
1.500202
1.377313
1.439072
1.909978
1.721478
1.999773
1.545012
1.758401
1.990750
1.681267
1.458574
1.892958
1.823318
1.506253
1.893869
1.460683
1.892780
1.623897
1.953007
1.755631
1.585784
1.428624
1.718846
1.499994
1.479457
1.816653
1.884600
1.801547
1.367394
1.711513
1.953647
1.398705
1.962604
1.547270
1.507075
1.347237
1.676291
1.916320
1.292669
1.806317
1.770350
1.956761
1.855053
1.512080
1.272978
1.549398
1.978766
1.861675
1.584500
