1.927139
1.940835
1.944318
1.909315
1.897376
1.840679
1.938908
1.864233
1.956694
1.863098
1.940270
1.920501
1.987397
1.848774
1.995017
1.929206
1.986571
1.682165
1.934964
1.977305
1.644805
1.821670
1.946672
1.987942
1.998539
1.893691
1.864994
1.741973
1.938494
1.776902
1.665875
1.728669
1.656054
1.990288
1.942574
1.736680
1.890963
1.892246
1.960907
1.879516
1.655557
1.766935
1.839479
1.671598
1.973675
1.641843
1.950529
1.911432
1.850034
1.839068
1.689123
1.771862
1.669185
1.960457
1.619593
1.843764
1.952594
1.613206
1.731180
1.904551
1.547489
1.745148
1.640013
1.972548
1.579842
1.937203
1.610450
1.952390
1.730733
1.872238
1.759675
1.831803
1.890199
1.727672
1.714541
1.531894
1.632000
1.825078
1.667516
1.999893
1.743726
1.787646
1.841155
1.678967
1.864345
1.542681
1.773060
1.429532
1.563293
1.989817
1.456761
1.924357
1.767112
1.981154
1.830105
1.735596
1.775283
1.684397
1.689625
1.831965
1.476372
1.703636
1.686609
1.637372
1.461455
1.581659
1.868007
1.906752
1.944366
1.578419
1.615455
1.843720
1.764012
1.854623
1.984002
1.950782
1.880354
1.762102
1.761033
1.301670
1.968392
1.290239
1.820561
1.518385
1.950967
1.875701
1.717197
1.363907
1.483747
1.794901
1.825874
1.857287
1.400755
1.566104
1.483025
1.646592
1.775454
1.991446
1.809651
1.718910
