1.829047
1.839149
1.719574
1.810389
1.963961
1.954066
1.685333
1.681973
1.769601
1.951822
1.874770
1.932732
1.782935
1.762380
1.571666
1.721577
1.729799
1.793673
1.927511
1.860010
1.886057
1.974727
1.913462
1.638341
1.915628
1.813573
1.972492
1.651653
1.915345
1.683147
1.778208
1.718449
1.895228
1.897256
1.554690
1.754314
1.969697
1.946918
1.799678
1.887139
1.887710
1.978948
1.593731
1.690849
1.759509
1.818893
1.927691
1.970008
1.690490
1.771560
1.829266
1.702116
1.566384
1.836122
1.475569
1.955633
1.965293
1.895193
1.699196
1.630677
1.967882
1.831131
1.592092
1.492794
1.939323
1.907425
1.748868
1.768904
1.688728
1.930424
1.979019
1.480108
1.490559
1.635590
1.490763
1.790116
1.999412
1.709765
1.788372
1.851949
1.951658
1.792351
1.620928
1.879540
1.982630
1.563119
1.636802
1.907671
1.839521
1.835963
1.714315
1.571481
1.763947
1.915644
1.825107
1.602086
1.501600
1.607187
1.747815
1.536216
1.556077
1.631205
1.961969
1.538943
1.950018
1.991965
1.779632
1.672885
1.400540
1.983444
1.439814
1.837439
1.707203
1.972191
1.984875
1.547795
1.971677
1.597859
1.999633
1.597847
1.655524
1.749975
1.965355
1.665485
1.766550
1.275687
1.870453
1.944705
1.264475
