1.845182
1.999554
1.640065
1.782968
1.698238
1.790366
1.712785
1.982831
1.835540
1.810023
1.888294
1.794425
1.607924
1.852020
1.916742
1.951174
1.976209
1.957136
1.684619
1.929873
1.863126
1.977022
1.877016
1.814283
1.638108
1.573755
1.684772
1.885248
1.916665
1.544808
1.893096
1.747436
1.941439
1.900459
1.834116
1.758136
1.556374
1.638119
1.513567
1.705838
1.966240
1.351147
1.653838
1.742178
1.967311
1.630290
1.650884
1.958932
1.850371
1.902967
1.766726
1.921916
1.602929
1.577172
1.814260
1.930861
1.810532
1.964076
1.847395
1.684226
1.892270
1.311675
1.826630
1.682170
1.839937
1.833667
1.849069
1.950610
1.478956
1.783446
1.742261
1.977838
1.840325
1.837706
1.868630
1.670276
1.871196
1.433438
1.765971
1.296238
1.828593
1.518005
1.631505
1.344716
1.966490
1.970218
1.561019
