1.981287
1.996280
1.917281
1.933116
1.917550
1.894118
1.902734
1.861795
1.907024
1.974002
1.893936
1.920809
1.817661
1.960467
1.981022
1.802645
1.963319
1.995446
1.976264
1.918063
1.841447
1.925370
1.882052
1.721959
1.978794
1.884339
1.682212
1.906941
1.872526
1.950221
1.865257
1.749165
1.834812
1.786493
1.966441
1.894370
1.785417
1.868471
1.990400
1.941156
1.948599
1.962519
1.909293
1.668229
1.757007
1.785157
1.751088
1.602117
1.793343
1.829422
1.546687
1.849656
1.690905
1.940008
1.890127
1.986686
1.726610
1.632932
1.965597
1.561514
1.662999
1.604430
1.983479
1.471643
1.961817
1.619350
1.632110
1.742347
1.755626
1.652972
1.937588
1.847757
1.983221
1.784632
1.788032
1.781019
1.604935
1.602907
1.936442
1.878050
1.744182
1.625899
1.703699
1.660770
1.976989
1.843264
1.775546
1.652952
1.965880
1.632255
1.820687
1.702356
1.666847
1.596560
1.564484
1.759815
1.869646
1.719145
1.539298
1.560011
1.573706
1.791282
1.579214
1.738215
1.777032
1.869622
1.544764
1.776992
1.939145
1.590387
1.647507
1.819316
1.812585
1.820626
1.799289
1.719021
1.776800
1.701968
1.671477
1.908801
1.959385
1.967872
1.494206
1.636733
1.831569
1.808038
1.424878
1.562511
1.393915
1.992585
1.991826
1.848813
1.994435
1.416614
1.603265
1.789703
1.499151
1.740757
1.389944
1.489534
1.494988
1.578197
1.913457
1.797646
1.349977
1.791947
1.658140
1.933220
1.900858
1.373487
1.942945
1.893076
