1.969687
1.943440
1.497103
1.794829
1.698308
1.974888
1.631230
1.392192
1.741831
1.645954
1.918560
1.683388
1.889931
1.212551
1.594777
1.558874
1.308585
1.641825
1.740924
1.621529
1.630623
1.901652
1.083601
1.777142
1.644757
1.591571
1.766327
1.626510
1.966641
1.980332
1.595244
1.474570
1.878158
1.864100
1.741045
1.392394
1.970998
1.293935
1.596474
1.882406
1.816460
1.712809
1.534645
1.440804
1.964847
1.867019
1.987339
1.674746
1.737785
1.405635
1.770926
1.821185
1.116847
1.778454
1.710707
1.672336
1.689144
1.784335
1.140468
1.727514
1.624469
1.422108
1.416404
1.844239
1.586201
1.640822
1.922335
1.529326
1.880265
1.838719
1.658920
1.914881
1.886929
1.897396
1.643199
1.999761
1.054870
1.906594
1.850246
1.694330
1.754071
1.936719
1.512426
1.411798
1.375683
1.690036
1.497465
1.574778
1.739690
1.897580
1.324077
1.249989
1.858252
1.197036
1.357315
1.670370
1.730963
1.678513
1.473405
1.901885
1.411975
1.522328
1.954380
1.511076
1.870777
1.529072
1.557879
1.626091
1.914569
1.947065
1.730291
1.807261
1.726669
1.518179
1.394228
1.674783
1.841139
1.281444
1.608688
1.787044
1.277097
1.544187
1.738984
1.517792
1.572949
1.378856
1.937937
1.751450
1.573833
1.632429
1.793081
1.403301
1.897060
1.193091
1.375627
1.654060
1.495772
1.888956
1.312527
1.568052
1.418713
1.907739
1.819464
1.763586
1.748985
1.107950
1.870383
1.512894
1.747567
1.858935
1.257190
1.853002
1.299027
1.787617
1.155902
1.529924
1.715161
1.879427
1.796516
1.691882
1.448654
1.482219
1.974039
1.352475
1.935879
1.885377
1.815553
1.466880
1.826616
1.537699
1.539444
1.609166
1.314377
1.704980
1.957666
1.827563
1.382557
1.791155
1.670697
1.868117
1.328055
1.520532
1.698871
1.646547
1.977630
1.167290
1.957542
1.274998
1.825527
1.991341
1.956254
1.617085
1.618845
1.226057
1.922586
1.321867
1.977710
1.688006
1.641562
1.381405
1.165907
1.905040
1.547367
1.126151
1.521311
1.560189
1.252997
1.529461
1.718060
1.242196
1.158751
1.763189
1.915213
1.890367
1.367635
1.704352
1.649478
1.301331
1.962629
1.859954
1.204907
1.146960
1.604560
1.866750
1.515986
1.066867
1.853365
1.722094
1.338685
1.864460
1.640038
1.880085
1.846021
1.473065
1.749048
1.680727
1.277171
1.593427
1.962726
1.702926
1.806783
1.924044
1.665070
1.999872
1.663023
1.980688
1.583673
1.568852
1.832925
1.466751
1.457584
1.155294
1.972783
1.870435
1.576425
1.101562
1.674944
1.258433
1.878389
1.903966
1.275545
1.681574
1.538139
1.496758
1.354135
1.731819
1.286858
1.769090
1.152802
1.832682
1.604308
1.820114
1.677368
1.631144
1.352898
1.833582
1.242857
1.410066
1.518763
0.999171
1.674745
1.399755
1.768188
1.649822
1.223806
1.590218
1.854042
1.667354
1.937352
1.943000
1.783142
1.233143
1.786155
1.859387
1.857085
0.968862
1.363924
1.859824
1.252346
1.823869
1.413258
1.457099
1.669070
1.783362
1.381342
1.258379
1.790675
1.731693
1.428296
1.998115
1.167976
1.490190
1.374767
1.875592
1.931335
1.833049
1.471790
1.683925
1.881839
1.141952
1.577921
0.944928
1.915341
1.094185
1.727348
1.256754
1.283586
1.818370
1.987223
1.486175
1.935623
1.760401
1.085887
1.576248
1.880173
1.290812
1.342380
1.073908
1.710947
1.971203
1.805718
1.933787
1.681356
1.556630
1.237948
1.857055
1.516405
1.051472
1.433417
1.809623
1.905525
1.822595
1.101161
1.342010
1.809827
1.765992
1.939686
1.454419
1.934610
1.738727
0.974119
1.846354
1.948611
1.815566
1.526380
1.524817
1.280433
1.826739
1.154908
1.594576
1.877650
1.182622
1.298529
1.797553
1.806237
1.433905
1.638144
1.688888
1.502436
1.531159
1.766785
1.670788
1.987627
1.053980
1.321601
1.828741
1.858500
1.417184
1.490831
1.550174
1.818640
1.925902
1.429056
1.198224
1.691664
1.935156
1.354053
1.483248
1.967795
1.712677
1.962250
1.468153
0.886785
1.967212
1.461095
1.454399
0.936494
1.522107
1.642315
1.976508
1.588007
1.083746
1.235062
1.286978
1.470415
1.706760
1.667616
1.342273
1.436566
1.718555
1.751201
1.222838
1.321763
1.999631
1.475144
1.413598
1.556392
1.756793
1.021814
1.830834
1.968143
1.661834
0.902122
1.609450
1.696360
1.942068
1.382007
0.993910
1.515339
1.289360
1.456933
1.954272
1.910421
1.782910
1.540799
1.549543
1.249769
1.975169
1.479465
1.512264
1.968480
1.881903
1.628159
1.773858
1.090068
1.614594
1.193601
1.832073
1.848500
1.978501
1.715546
1.879327
1.937657
1.669142
1.893501
1.840475
1.052176
1.906010
1.207612
1.448583
1.741435
1.874831
1.076977
1.805008
1.506520
1.609846
1.225251
1.212680
1.765398
1.901084
1.302720
1.411422
1.500388
1.777619
1.687802
1.671317
1.731019
1.601439
1.261642
1.474676
1.201820
1.812377
0.976475
1.340298
1.989368
1.805835
1.750749
1.646409
1.841251
1.218958
1.307074
1.834233
1.591653
1.597876
1.800382
1.213049
1.350161
1.121549
1.758869
1.577199
1.881229
1.962119
1.177229
1.681629
1.928897
1.141938
1.289379
1.070830
1.231616
1.590640
1.186531
1.899445
1.966345
1.868279
1.563612
1.102381
1.719591
1.687356
1.872263
1.116111
1.822244
1.098438
1.482121
1.519936
1.491518
1.356766
1.622982
1.743757
1.495100
1.664644
1.071880
1.832537
1.401472
1.646880
1.960219
1.952586
1.886482
1.974479
1.988907
1.916745
1.861633
1.088037
1.371484
1.277049
1.750185
0.851169
1.105174
1.948103
1.602199
1.747303
0.990656
1.352227
1.263337
1.997792
1.162331
1.368750
1.520871
1.734302
1.327111
1.354323
1.926909
1.313087
1.454080
1.650733
1.272372
1.217494
1.740228
1.792949
1.551189
1.695830
1.314706
1.022771
1.832285
1.431961
1.391470
1.416761
1.968393
1.672816
1.737315
1.260774
1.300631
1.293931
1.756435
1.987675
1.701459
0.977197
1.988002
1.414634
1.955203
1.735031
1.543201
1.927067
1.212882
1.432446
1.781074
1.777403
1.750885
1.732457
1.217310
1.387398
1.890472
1.852014
1.652787
1.684977
1.751577
1.603545
1.951368
1.262732
1.116583
1.243904
1.454319
1.903526
1.144616
1.524829
1.631676
1.696178
1.798409
1.925839
1.624181
1.662938
1.154656
1.930476
1.554315
1.443101
0.891570
1.772038
1.723579
1.926293
0.902576
1.013213
1.947128
1.624432
1.911392
1.863837
1.528933
1.916881
1.316136
1.557296
1.100787
1.845149
1.395105
1.727166
1.220853
1.573217
1.101212
1.897648
1.525216
1.248501
1.674496
1.948454
1.607624
1.493244
1.910714
1.635699
1.784502
1.724440
1.454017
0.849278
1.977909
1.180493
1.187086
1.891694
1.056587
1.923792
1.989604
1.250571
1.827261
1.492459
1.302806
1.192306
1.721464
1.049341
1.625707
1.358838
1.105813
1.467913
1.742411
1.113642
1.771529
1.718438
1.804242
0.978036
1.141849
1.502485
1.392222
0.946885
1.583527
1.182858
1.358034
1.288210
1.732675
1.633112
1.308528
1.404418
0.969607
1.776583
1.125807
1.151548
1.310571
1.124902
0.900336
1.983102
1.631101
1.813670
1.219559
1.318320
1.392604
1.529391
1.914942
1.166903
1.647300
1.909019
1.158496
1.872378
1.246560
1.900346
1.953493
1.327938
1.814247
1.779243
1.374228
1.459921
1.260603
1.966529
1.562586
1.616415
1.983476
1.450120
1.882712
1.462294
1.576829
1.806477
1.301624
1.904020
1.559060
1.933034
1.039884
1.320497
1.800902
1.542312
1.485312
0.971447
1.083626
1.451155
0.987505
1.438786
1.649723
1.236846
1.240914
1.980852
1.627290
1.564180
1.896825
1.543799
1.708574
1.929664
0.990801
1.132008
1.143913
1.545718
1.018973
1.924252
1.875554
1.712664
1.002406
1.882658
1.875598
1.548354
1.665115
1.966479
1.976614
1.134891
1.252012
1.314905
1.513877
1.947453
1.440219
1.033487
1.360582
1.749610
1.054556
0.929510
0.938841
1.914299
1.285144
1.455586
1.771043
1.887551
1.950976
1.554093
1.938967
1.098396
1.903992
1.053708
1.811742
1.351651
1.496134
1.801787
1.307967
1.824893
1.161911
1.735926
1.770183
1.875274
1.124043
1.387358
1.268256
1.602070
1.689503
1.403207
1.590516
1.474553
1.859468
1.102522
1.001843
1.921994
1.646629
1.644540
1.423522
1.998745
