1.970920
1.928284
1.730970
1.886322
1.969393
1.814455
1.756474
1.951328
1.994041
1.914872
1.874092
1.740923
1.623710
1.905741
1.766549
1.907638
1.891268
1.599854
1.952399
1.710229
1.875645
1.710012
1.828352
1.842143
1.562805
1.617312
1.667742
1.717829
1.969948
1.594597
1.833090
1.724500
1.925149
1.874979
1.942318
1.903291
1.876245
1.423211
1.619404
1.914076
1.868262
1.869285
1.901573
1.925627
1.667817
1.884627
1.931917
1.644365
1.886774
1.737358
1.872709
1.831321
1.922729
1.752752
1.727332
1.933635
1.342067
1.611060
1.719068
1.652410
1.849972
1.979989
1.622977
1.540912
1.670883
1.983872
1.981496
1.503383
1.593495
1.652309
1.873445
