1.956147
1.993232
1.881947
1.969384
1.980842
1.946821
1.982181
1.896799
1.809836
1.870792
1.883353
1.994681
1.684703
1.958730
1.936852
1.955128
1.679749
1.942288
1.938036
1.811340
1.846463
1.941648
1.987841
1.957602
1.855259
1.883285
1.900509
1.864762
1.915180
1.721038
1.894591
1.951907
1.708114
1.989641
1.996772
1.499868
1.956010
1.754047
1.751605
1.942072
1.841356
1.900421
1.885391
1.873858
1.840792
1.755216
1.820571
1.731739
1.919796
1.907485
1.557111
1.844558
1.952093
1.849291
1.705617
1.704420
1.911750
1.602911
1.912919
1.864913
1.917743
1.860619
1.920551
1.847109
1.839315
1.765931
1.764030
1.844564
1.832460
1.532074
1.719005
1.511978
1.850712
1.890971
1.920984
1.840131
1.958988
1.693399
1.857464
1.949702
1.833656
1.934261
1.921169
1.641483
1.910390
1.732815
1.901937
1.685824
1.878520
1.835797
1.661279
1.831279
1.934588
1.695022
1.612564
1.394207
1.922820
1.583045
1.894467
1.996457
1.851906
1.563530
1.538648
1.799143
1.449514
1.867882
1.376422
1.478012
1.850669
1.800697
1.824667
1.749190
1.918304
1.696275
1.950615
1.830467
1.556538
1.757622
1.783849
1.747103
1.773061
1.784610
1.855600
1.855098
1.965659
1.422825
1.724502
1.757856
1.443837
1.604132
1.448082
1.907529
1.361965
1.750585
1.403272
1.481445
1.538717
1.537383
1.458562
1.967105
1.724078
1.515112
1.735357
1.425076
1.411824
1.256024
1.793464
1.517689
1.979635
1.450446
1.395111
1.835352
1.231928
1.793931
1.840395
1.828178
1.796222
1.948079
1.985643
1.955830
1.512310
1.608568
1.582490
1.908453
