1.650507
1.789318
1.995989
1.785543
1.962765
1.846838
1.999397
1.755436
1.949572
1.987006
1.699164
1.802645
1.812950
1.910170
1.450524
1.749041
1.802667
1.904244
1.948203
1.829081
1.619071
1.512118
1.964761
1.844832
1.869018
1.636916
1.755907
1.570813
1.602065
1.495589
1.962473
1.854262
1.784817
1.808662
1.758120
1.970265
1.823689
1.825686
1.974349
1.770433
1.787460
1.967045
1.265072
1.321290
1.697933
1.708859
1.994196
1.547239
1.514902
1.999810
1.941409
1.754099
1.467063
1.522320
1.909505
1.665699
1.876212
1.993507
1.307136
1.340147
1.986878
1.755272
1.418021
