1.761958
1.830005
1.858224
1.785302
1.274284
1.588937
1.510940
1.730702
1.764345
1.769010
1.836371
1.857377
1.923581
1.754298
1.891977
1.706065
1.848029
1.978392
1.822636
1.827345
1.069538
1.735394
1.954539
1.597689
1.659863
1.500417
1.556278
1.952932
1.668055
1.454119
1.789878
1.329039
1.797835
1.546928
1.684115
1.830269
1.655906
1.805840
1.649428
1.822892
1.830668
1.784500
1.960550
1.905136
1.512944
1.522131
1.923982
1.641082
1.936448
1.408546
1.140513
1.946878
1.941944
1.691644
1.623409
1.795778
1.836340
1.474048
1.649586
1.279626
1.685358
1.704289
1.818554
1.951770
0.888152
1.933438
1.834638
1.949299
1.772916
1.464576
1.396178
1.207438
1.999503
1.769236
1.920713
1.627707
1.884289
1.592058
1.436005
1.732489
1.350518
1.531198
1.519629
1.738625
1.467158
1.673913
1.359081
1.866163
1.946644
1.703586
1.911141
1.722009
1.563965
1.534380
1.736474
1.532934
1.835452
1.950647
1.585563
1.846730
1.697152
1.659127
1.417347
1.678713
1.934938
1.328536
1.547794
1.197745
1.624619
1.968997
1.542992
1.649110
1.111299
1.553301
1.535274
1.470059
1.934679
1.770862
1.225269
1.496105
1.858224
1.617706
1.286028
1.294896
1.198121
1.277292
1.769103
1.843271
1.587378
1.267484
1.243049
1.786366
1.307783
1.863383
1.972003
1.563182
1.936923
1.845263
1.883352
1.323369
1.636175
1.978422
1.979355
1.960243
1.109257
1.214362
1.986373
1.031843
1.890154
0.908608
1.887833
1.604245
0.858336
1.727451
1.818686
1.850517
1.752912
1.545794
1.408431
1.605937
1.094714
1.662335
1.924791
1.544620
1.174211
1.616128
1.865420
1.763259
1.480373
1.667530
1.427108
1.086996
1.353310
1.848854
1.699710
1.844463
1.375516
1.441943
1.368400
1.716221
1.630705
1.553491
1.718528
1.822588
0.884448
1.862331
1.934311
1.942664
1.753730
1.483751
1.908112
1.818713
1.719539
1.687909
1.576207
1.590197
1.629554
1.603100
1.928702
1.409920
1.777001
1.679322
1.890197
1.815315
1.573140
1.458265
1.421443
1.915207
1.253425
1.667539
1.867399
1.532796
1.627172
1.897383
1.665929
1.421903
1.212796
1.668008
1.570910
1.397376
1.192477
1.650913
1.880512
1.489555
1.163913
1.552021
1.676417
1.709625
1.462819
1.091930
1.012538
1.559426
1.609191
1.911405
1.086405
1.667801
0.984433
1.425683
1.139577
1.827268
0.906808
1.974851
1.971922
1.349097
1.537164
1.384966
1.035812
1.321070
1.927887
1.929433
1.824201
1.419260
1.771876
1.277127
1.573356
1.820987
1.361459
1.340709
1.611549
1.921458
1.879535
1.674885
1.288159
1.654811
1.884706
0.894358
1.340860
1.037172
1.096978
1.769190
1.295404
1.373746
1.761919
1.090795
1.666708
1.784342
1.887046
1.551904
1.647920
1.737499
1.391907
1.427030
1.815837
1.406453
1.155421
1.367178
1.985152
1.847354
1.575020
1.965344
1.127036
1.802545
1.725450
1.727467
1.706484
1.400529
1.093273
1.431442
1.414958
1.908365
1.525333
1.308934
1.619883
1.122151
1.131013
1.743686
1.209915
1.911566
1.181296
1.693105
1.836113
1.694699
1.864201
1.334542
1.924697
1.486550
1.707149
1.251498
1.387889
1.914229
1.180586
1.783981
1.445863
1.647410
1.428150
1.856620
1.102531
1.937381
1.348550
1.200649
1.592026
1.663183
1.670017
1.452632
1.553725
1.583558
1.625452
1.418767
1.749130
1.999024
1.188498
1.969514
1.155087
1.828812
1.448131
1.215243
1.465369
1.314946
1.841723
0.962082
1.759311
1.508334
0.958927
0.813742
1.899548
1.665860
1.577498
1.805159
1.432974
1.226849
1.112917
1.105487
1.082253
1.584136
1.508843
1.405458
1.006354
1.439989
1.138380
1.152768
0.967244
1.342480
1.177289
1.226914
1.384144
0.906342
1.294926
1.699052
1.027817
1.479413
1.509591
1.765319
1.791745
1.572824
1.719339
1.160226
1.247386
1.180354
0.973303
1.053332
0.870236
1.951967
1.402925
1.062249
1.033578
1.512807
1.537976
1.932794
1.213820
1.685632
1.766524
1.392318
0.992642
1.565834
1.079582
1.755122
1.335799
1.829459
