1.754208
1.820529
1.899987
1.872271
1.952216
1.695946
1.973984
1.703928
1.932726
1.976510
1.955125
1.986137
1.828223
1.981358
1.902149
1.977817
1.921940
1.597147
1.860803
1.871336
1.806647
1.694068
1.998473
1.714331
1.626485
1.712694
1.895415
1.992960
1.655223
1.963915
1.845663
1.716136
1.757155
1.901138
1.978300
1.835620
1.697075
1.884494
1.703666
1.685757
1.713056
1.923948
1.571035
1.990232
1.729263
1.629049
1.738281
1.668893
1.531990
1.876774
1.883739
1.715842
1.780339
1.520816
1.754726
1.847335
1.810514
1.500076
1.988198
1.805533
1.449196
1.626778
1.465748
1.758760
1.882264
1.549394
1.504109
1.892351
1.813896
1.927837
1.821416
1.483569
1.628266
1.411299
1.562264
1.507881
1.616961
1.991534
1.803402
