1.982269
1.677059
1.293867
1.997069
1.824170
1.889948
1.529048
1.659478
1.131787
1.839162
1.878916
1.866279
1.875387
1.957317
1.501332
1.033936
1.794190
1.496723
1.821728
1.142776
1.369645
1.882235
1.643522
1.028681
1.936524
1.523615
1.829099
1.837628
1.442572
1.510443
1.132577
1.781193
1.762563
1.671456
1.294945
1.910642
1.165878
1.698339
1.803522
1.586468
1.517095
1.700496
1.541535
1.527819
1.309569
1.544218
1.796766
1.591154
1.083110
1.618296
1.551252
1.285399
1.756321
1.314817
1.029606
1.493909
1.894118
1.758354
1.937818
1.515915
1.952218
1.371515
1.913417
1.273035
1.914366
1.614890
1.429210
1.666072
1.476554
1.977793
1.751421
1.636465
1.937011
1.544112
1.802231
1.394803
1.282929
1.652251
1.533159
1.999207
1.309602
1.304927
1.422824
1.099708
1.254505
1.981630
1.669588
1.744533
1.494277
1.771546
1.991705
1.634051
1.378879
1.702794
1.994345
1.999867
1.686563
0.921243
1.524128
1.963885
1.782705
1.204103
1.319325
1.837734
1.325418
1.598300
1.889533
1.955966
1.343398
1.779882
1.872080
1.549004
1.343583
1.692727
1.736472
1.951664
1.610428
1.894822
1.998590
1.572032
1.949324
1.576878
0.939683
1.893925
1.837709
1.470442
1.802437
1.449811
1.294831
1.981201
1.489056
1.621813
1.800892
1.444427
1.386799
1.230514
1.597515
1.284620
1.429568
1.761987
0.938831
1.377356
1.946196
1.848300
1.943210
1.740813
1.998442
1.447677
1.958832
1.963969
1.855053
1.791352
1.783454
1.815558
1.752241
1.482847
1.202778
1.415845
1.893469
1.984084
1.894676
1.667916
1.917715
1.676200
1.818289
1.810523
1.932850
1.557864
1.651841
1.862581
1.555883
1.917806
1.519000
1.356356
1.334009
1.812577
1.181509
1.638414
1.615862
1.251600
1.867847
1.449549
1.817004
1.950279
1.996010
1.753706
1.785237
1.363529
1.995228
1.549898
1.604166
1.952210
1.714453
1.895547
1.833383
1.459131
1.733240
1.427843
1.215307
1.363680
1.585326
1.427434
1.491481
1.831562
1.808858
1.826231
0.894441
1.717301
1.775321
1.793513
1.604846
1.891614
1.329058
1.745597
1.926123
1.743820
1.887719
1.312121
1.611883
1.093555
1.718032
1.739099
1.392213
1.537763
1.279627
1.488744
1.913454
1.250714
1.368531
1.843461
1.092469
1.758426
1.628993
1.690157
1.937027
1.550665
1.548280
1.451022
1.411995
1.863616
1.460302
1.922585
1.598831
1.520317
1.613260
1.396194
1.768567
1.669241
1.444728
1.484713
1.370010
1.681819
1.929130
1.365408
1.928195
1.789386
0.933537
1.391348
1.694802
1.212476
1.403816
1.771299
1.964711
1.904183
1.961639
1.973834
1.964095
1.457890
1.783739
1.157948
1.310264
1.848611
1.203844
1.032190
1.493712
1.336136
1.063553
1.215870
1.886109
1.523468
1.970124
1.745043
1.627192
0.998767
1.746592
1.236636
1.392318
1.819763
1.760561
1.362583
1.708707
1.363521
1.426641
1.298820
0.982577
1.811109
1.787144
1.231608
1.288107
1.764006
1.904290
1.012208
1.414227
1.948692
1.815605
1.792450
1.690309
1.365830
1.928009
1.270628
1.959184
0.927657
1.154313
1.248709
1.290131
1.719984
1.951846
1.317053
1.758673
1.112422
1.902966
1.091484
1.515937
1.755696
1.659638
1.638804
1.226570
1.685683
1.779038
1.469311
1.657270
1.333161
1.360970
1.459927
1.378686
1.429475
1.887506
1.860382
1.414966
0.975986
1.806680
1.997566
1.100049
1.654723
1.423843
1.527502
1.633312
1.737299
0.953581
1.279935
1.014068
1.494058
1.999642
1.451580
1.760165
1.681645
1.974081
1.501682
1.401983
1.827097
1.996995
1.053948
1.697051
1.544999
1.948887
1.713935
1.656408
1.749588
1.089311
1.463204
1.241100
1.239543
1.674185
1.610313
1.966714
1.906417
1.513771
1.279047
1.235670
1.453967
1.173209
1.348449
1.217654
1.506011
1.468779
1.272920
1.188183
1.507137
1.809171
1.175313
1.911672
1.570051
1.853760
1.504779
1.684198
0.873407
0.955130
1.271770
1.821440
1.714344
1.535063
1.572869
1.610146
0.857738
1.322901
1.378434
1.741258
1.509619
1.937694
1.995070
1.519490
1.470796
1.081061
1.108706
1.238385
1.962167
1.988907
0.836357
0.990269
1.198296
1.602160
1.171098
1.367742
1.591438
1.460746
1.598351
1.851021
1.580565
1.947981
1.227487
0.992556
1.896124
1.460537
1.427225
1.851657
1.027921
1.949066
1.917772
1.715868
1.215561
1.893887
1.831114
