1.954544
1.947954
1.912804
1.667396
1.950423
1.726683
1.918923
1.935174
1.555215
1.888156
1.799752
1.681552
1.888597
1.845989
1.988663
1.817468
1.986595
1.999036
1.661723
1.983429
1.950141
1.991920
1.919388
1.907958
1.850533
1.983933
1.632387
1.803600
1.917730
1.618142
1.860279
1.965518
1.917077
1.931608
1.892039
1.612856
1.861889
1.473172
1.886982
1.741713
1.651094
1.723950
1.950654
1.512122
1.975320
1.439945
1.965623
1.962225
1.724405
1.842824
1.396861
1.875411
1.675295
1.708547
1.970890
1.607899
1.759761
1.504609
1.973953
1.910287
1.947789
1.340101
1.953859
1.670430
1.848625
1.858451
1.723939
1.807126
1.503999
1.488859
1.971341
1.779057
1.891952
1.656381
1.442614
1.480302
1.707597
1.414314
1.758164
1.535526
1.411138
1.749748
1.837996
1.877805
1.660706
1.913350
1.391894
1.700863
1.957136
1.559752
1.382516
1.792440
1.779047
1.674347
1.814224
1.659009
1.451844
1.514966
1.238562
