1.837770
1.562900
1.564428
1.903310
1.322442
1.932026
1.440444
1.605788
1.789229
1.542804
1.544556
1.704477
1.531126
1.801027
1.821117
1.960272
1.829922
1.189592
1.978392
1.822925
1.613296
1.453085
1.744743
1.611147
1.363645
1.791841
1.913776
1.860930
1.984347
1.960269
1.417756
1.816310
1.621968
1.333235
1.787338
1.679910
1.554941
1.711390
1.666677
1.856290
1.685194
1.957652
1.974270
1.818209
1.562751
1.850376
1.859906
0.979732
1.587350
1.502472
1.342970
1.570013
1.914598
1.877762
1.785317
1.721489
1.998038
1.793253
1.708370
1.931070
1.942122
1.802193
1.917266
1.057069
1.985848
1.914048
1.858997
1.298692
1.692083
1.480063
1.640027
1.997705
1.914808
1.816980
1.322827
1.068882
1.993642
1.987206
1.880081
1.865079
1.752940
1.190556
1.492432
1.637257
1.960417
1.671219
0.999981
1.655024
1.299798
1.963325
1.695652
1.654723
1.168735
1.574008
1.827070
1.285356
1.747199
1.870664
1.622952
1.614859
1.513376
1.660578
1.613987
1.541426
1.740478
1.842698
1.883936
1.851525
1.615986
1.598723
1.821309
1.763350
1.295042
1.903139
1.871777
1.361581
0.991250
1.706717
1.839519
1.984477
1.064741
1.252204
1.729330
1.706685
1.432160
1.790971
1.416189
1.052544
1.876235
1.522349
1.372294
1.567113
1.205965
1.853265
1.530792
1.367419
1.882118
1.760923
1.039753
1.805126
1.249134
1.848433
1.866340
1.558470
1.605039
1.742372
1.961730
1.853475
1.695751
1.656980
1.402214
1.309195
1.676474
1.563625
1.423391
1.927533
0.919874
1.948267
1.724804
1.961883
1.321281
1.277031
1.385360
1.593076
1.787634
1.499440
1.775814
1.239284
1.886788
1.886843
1.968899
1.413928
1.452724
1.520363
1.845694
1.995147
1.731912
1.491639
1.726863
1.552031
1.488257
1.549542
1.909889
1.771935
1.319376
1.773381
1.867777
1.970842
1.759441
1.291678
1.983807
1.744581
1.690389
1.536865
1.138165
1.553202
1.544531
1.886727
1.939214
1.402181
1.920369
1.369073
1.807156
0.940479
1.052178
0.981292
1.864960
1.355448
1.722285
1.096987
1.246998
1.212256
1.851781
1.474780
1.717976
0.898231
1.418172
1.733286
1.498373
1.012481
1.229366
1.778593
1.879434
1.131343
1.643503
1.417595
1.583718
0.981440
1.387405
1.257027
1.127623
1.587314
1.590305
0.961313
1.910858
1.795090
1.302872
0.986846
1.792638
1.000566
1.425818
1.169294
1.106604
1.783121
1.976924
1.130390
1.198783
1.287335
0.856798
1.997921
1.862426
1.563579
1.752066
0.891734
1.485320
