1.841984
1.574476
1.478242
1.260914
1.188544
1.810419
1.999984
1.918995
1.583012
1.612275
1.913908
1.368252
1.859819
1.604341
1.785422
1.793685
1.764847
1.909745
1.486314
1.434784
1.818621
1.377270
1.660640
1.952100
1.684836
1.832752
1.816566
1.761331
1.987785
1.677921
1.208973
1.986336
1.774474
1.793048
1.813908
1.864799
1.791310
1.966127
1.650133
1.790431
1.440667
1.813539
1.647815
1.611684
1.805871
1.240924
1.303675
1.595654
1.779746
1.607536
1.922327
1.110327
1.341071
1.712583
1.837732
1.488770
1.598160
1.178988
1.271985
1.960637
1.948403
1.736859
1.773925
1.684111
1.881885
1.869610
1.694136
1.491681
1.846694
1.999199
1.922574
1.395808
1.601333
1.552400
1.962472
1.690874
1.788642
1.622429
1.870188
1.910296
1.205190
1.602490
1.089344
1.723299
1.787855
1.407409
1.899922
1.603157
1.202828
1.559518
1.684420
1.520888
1.909327
1.178978
1.858786
1.907504
1.818870
1.401882
1.702163
1.293570
1.325742
1.776866
1.779313
1.222111
1.665077
1.267684
1.814534
1.707147
1.703995
1.819022
1.669282
1.982799
1.285647
1.786545
1.843151
1.456158
1.746004
1.641362
1.274229
1.576829
1.869881
1.570843
1.806558
1.280154
1.879088
1.462355
1.701407
1.337067
1.088520
1.128512
1.484188
1.353373
1.799636
1.339178
1.927649
1.943717
1.515723
1.647202
1.896444
1.740111
1.417107
1.664390
1.509434
1.470756
1.783393
1.171182
1.767082
1.520742
0.989380
1.496009
1.883622
1.660371
1.807453
1.824869
1.723553
1.679207
1.652240
1.263190
1.607816
1.545136
1.373077
1.755472
1.947186
1.484860
1.643067
0.955429
1.921349
1.740135
1.956643
1.746103
1.658253
1.662478
1.037952
1.110230
1.998054
1.445068
1.640267
1.041060
1.312226
1.318626
1.850349
1.927578
1.653259
1.698462
1.971752
1.854299
1.183329
1.497108
1.240549
1.370971
1.616091
1.807289
1.979587
1.567474
1.839276
1.560222
1.391155
1.752676
1.830352
1.716194
1.288489
1.486502
1.453439
1.962125
1.825232
1.375819
1.986523
1.966792
1.452163
1.654793
1.677026
1.805974
1.795193
1.580017
1.635603
1.801189
1.268112
1.961580
1.725547
1.403794
1.411115
1.657705
1.700993
1.360071
1.512579
1.292040
1.682459
1.523762
1.999924
1.927381
1.195171
1.354146
1.960642
1.314995
1.795237
1.708745
1.364435
1.375166
1.364818
1.900293
1.203226
1.261009
1.791237
1.469081
1.918826
1.486378
1.225891
1.977402
1.486455
1.570123
1.301592
1.948934
1.529376
1.501803
1.681837
1.515482
1.232497
1.570660
1.073615
1.627193
1.068396
1.913773
1.852492
1.672843
1.288177
1.880733
1.851743
1.585831
1.940788
1.643296
1.818318
1.094135
1.596931
1.917678
1.469084
1.568691
1.575849
1.804115
1.254014
1.782513
1.565083
1.324471
1.330378
1.978479
1.655436
1.781547
1.972756
1.354100
1.802400
0.915919
1.455023
1.912487
1.831902
1.318034
1.701342
1.638682
1.318743
1.797658
1.948076
1.082028
1.775660
1.648112
1.918113
1.748499
1.666287
1.316106
1.296894
1.891849
1.417878
1.446587
1.583280
1.469109
1.900806
1.824795
1.105327
1.842143
1.667237
1.950892
1.115256
1.813412
1.989499
1.960294
1.179740
1.705414
1.742766
1.747518
1.673590
1.449663
1.802444
1.785121
1.498647
1.666715
1.110402
1.888375
1.358925
1.333969
1.805366
1.105784
1.825508
1.394954
1.917256
1.794409
1.783177
0.938064
1.811051
1.495386
1.607304
1.935273
1.686634
1.729200
1.839237
1.756813
1.071663
1.677268
1.424098
1.424154
1.382040
1.753752
1.986306
1.570663
1.824625
1.993978
1.845688
1.500774
1.746700
1.647154
1.047300
1.988760
1.311442
1.214429
1.921977
1.969802
1.955176
1.851944
1.645135
1.877425
1.656338
1.249347
1.256962
1.267697
1.622390
1.244184
1.417574
1.993726
1.088923
1.692406
1.443172
1.289094
1.698301
1.591977
1.347556
1.490457
1.176301
1.830915
1.712198
1.157533
1.629422
1.797300
1.308653
1.859534
1.921203
1.066437
0.933228
0.979677
1.748322
1.780401
1.975738
1.598008
1.890320
1.610435
1.728742
1.030111
1.952465
1.500112
1.182105
0.965876
1.782797
1.797433
1.427945
1.812180
1.624170
1.799234
1.070186
1.023348
1.899264
1.260161
1.620600
1.734750
1.193316
1.055283
1.628382
1.325421
1.617789
1.099337
1.940787
1.866585
1.118999
1.495135
1.788794
1.866720
0.837004
1.545702
1.061462
1.511428
0.940701
1.713012
1.423008
1.319214
1.887303
1.764641
1.766049
1.996101
1.492225
1.924662
1.423551
1.289071
1.533050
1.733745
1.169985
1.352155
0.835974
1.104123
1.268538
1.336780
1.708126
1.700838
0.993326
1.417399
1.431423
1.124089
1.447611
1.694085
1.289641
1.404802
1.601258
1.955970
1.465939
1.277257
1.384192
1.759563
1.889617
1.609867
1.330464
1.512897
1.241605
1.454226
1.976882
1.656151
1.703472
1.982607
1.349417
1.914983
1.421882
0.893675
1.079729
1.241698
1.237740
1.868112
1.661049
1.633451
1.828688
1.053485
1.012514
1.658660
1.434067
1.159109
1.940908
1.988938
1.868181
1.814410
1.737769
0.882748
1.936317
1.914875
1.710883
1.818746
0.927464
1.696641
1.422409
1.273194
1.264132
1.993277
1.783215
1.309705
1.482659
1.647796
1.949529
1.730721
1.883729
1.577852
1.385222
1.904537
1.528463
1.579705
1.225081
1.129070
1.226823
1.334454
1.544519
1.322846
1.510570
1.864100
1.763506
1.682725
1.525703
1.679370
1.636798
1.640802
1.797575
1.427005
1.610640
1.860794
1.458536
1.883219
1.674549
1.920264
1.892241
1.071516
1.692216
1.400367
1.940503
1.058335
1.461918
1.510645
1.218567
1.901896
1.552627
0.866883
1.780527
1.601340
1.536808
1.302075
1.800034
1.205051
1.478256
1.429070
0.961729
1.273684
1.675506
1.992784
1.266102
1.872886
1.657337
0.847362
1.827931
1.552548
1.384265
0.976961
1.368169
1.100813
1.542491
1.110568
1.331591
1.332326
1.197367
1.811474
1.155027
1.608096
1.838956
1.925370
0.831265
1.351329
1.045021
