1.911151
1.686470
1.840189
1.824380
1.507704
1.967758
1.426594
1.680780
1.803755
1.728518
1.786288
1.786358
1.909292
1.914550
1.656418
1.962979
1.353120
1.774572
1.945933
1.624524
1.672054
1.908026
1.426963
1.669899
1.721881
1.628325
1.996243
1.447061
1.862885
1.139300
1.871754
1.892364
1.913354
1.616659
1.378034
1.559575
1.837649
1.497356
1.088327
1.866113
1.609012
1.960885
1.288758
1.430719
1.688055
1.698003
1.733003
1.564162
1.419719
1.702517
1.695172
1.658175
1.551094
1.816137
1.527446
1.667868
1.932042
1.414453
1.902030
1.954354
1.822183
1.984999
1.905302
1.796223
1.734867
1.905797
1.654299
1.589967
1.792850
1.794879
1.980825
1.284642
1.466092
1.565618
1.539190
1.981516
1.995006
1.747363
1.829037
1.266680
1.985541
1.182490
1.614174
1.418065
1.491242
1.405829
1.974547
1.780687
1.891814
1.539618
1.795384
1.848716
1.603549
1.704620
1.426106
1.692312
1.708626
1.316999
1.423311
1.729177
1.414711
1.309191
1.818961
1.872709
1.697380
1.813331
1.681688
1.965889
1.675760
1.795907
1.982144
1.363216
1.312030
1.709335
1.976558
1.699227
1.621139
1.770983
1.895403
1.704391
1.375643
1.794701
1.461644
1.501623
1.962169
1.800089
1.901982
1.776359
1.910447
1.283685
1.977844
1.860648
1.355653
1.230015
1.709812
1.972286
1.834222
1.365842
1.600195
0.920796
1.721280
1.960301
1.109690
1.430083
1.901387
1.580950
1.607013
1.356383
1.505325
1.128743
1.914058
1.862591
1.696357
1.510945
1.834259
1.556344
1.403168
1.492090
1.737549
1.585331
1.907914
1.952914
1.375573
1.976878
1.310269
1.885227
1.236516
1.970358
1.555846
1.959683
1.767882
1.673440
1.546562
1.793579
1.231758
1.871870
1.122437
1.964191
1.997678
1.851086
1.435574
1.624396
1.519861
1.858554
1.693640
1.882603
1.729397
1.126025
1.458113
1.017007
0.933949
1.818363
1.479643
1.997832
1.973363
1.398282
1.918389
1.521540
1.601814
1.842832
1.330688
1.887232
1.938013
1.671495
1.877619
1.683816
1.873052
1.088496
1.827094
1.594543
1.362151
1.068236
1.264108
1.697343
0.907720
1.577327
1.833244
1.294929
1.818370
1.516659
1.020781
1.682655
1.619516
1.480385
1.455653
1.373397
1.899655
1.666342
1.192544
1.865365
1.369979
1.361884
1.890851
1.428572
1.355248
1.295641
1.545911
1.288767
0.989091
1.928918
0.875049
1.173615
1.802759
1.337979
1.458676
1.682428
1.183376
1.627723
1.294704
1.461973
1.708931
1.680800
1.711166
1.633204
1.941620
1.784577
1.775821
1.384668
1.326677
1.591521
1.602137
1.698963
1.823433
1.549519
1.723786
1.959391
1.297378
1.409017
1.246535
1.300837
1.676765
1.772138
1.944699
1.817067
1.726880
1.550916
1.827342
1.566507
1.819253
1.810119
1.276986
1.617004
1.929972
1.545073
1.396046
1.962289
1.444870
1.561096
1.403110
1.785933
1.353391
1.644721
1.922817
1.516997
1.543921
1.742099
1.359500
1.873448
1.525268
1.640655
1.791415
1.430613
1.601891
1.209213
1.621170
1.598615
1.741217
1.237941
1.278919
1.437362
1.816571
1.961277
1.164226
1.649396
1.794467
1.335954
1.999278
1.086516
1.045177
1.925528
1.087357
1.986281
1.341043
1.912959
1.936475
1.924746
1.631201
1.516372
1.177662
1.710470
1.842449
1.958650
1.306377
1.995098
1.713532
1.114899
1.799338
1.673446
1.717512
1.794443
1.779011
1.853379
1.905129
1.904852
1.590233
1.984264
1.428370
1.658227
1.041015
1.855634
1.606626
1.864378
1.761002
1.965529
1.613569
1.992991
1.491875
1.973988
0.846540
1.277580
1.589134
1.986371
1.911013
1.860884
1.631619
1.750354
1.673289
1.437513
1.607401
1.950193
0.888753
1.630490
1.656626
1.054124
1.675344
1.792404
1.859311
0.961588
1.005089
1.970549
1.025996
1.840953
1.496973
1.678711
1.056315
1.583318
1.311036
1.023433
1.407321
1.372170
1.405971
1.989481
1.122587
1.856383
1.832699
1.515249
1.851317
1.135564
1.923337
1.943107
1.579181
1.540877
1.473896
1.315246
1.261497
1.408274
1.522858
1.602847
1.545635
1.264399
1.428837
1.795653
1.759301
1.816997
1.536351
1.063641
1.120022
1.272482
1.924499
1.811670
1.792625
1.097267
1.996859
1.258061
1.724668
1.491243
1.879524
1.489090
1.839664
1.686974
1.900592
1.912609
1.788003
1.199820
0.990636
1.584792
1.934603
1.125087
1.661898
1.685040
1.107554
1.430753
0.921016
1.637872
1.849736
1.820581
1.793793
1.857366
1.581042
1.357467
1.865478
1.172918
1.493648
1.086297
1.991584
1.320442
1.302692
1.940800
1.917247
1.771096
1.089420
1.866984
1.642823
1.564396
1.554250
1.391574
1.134142
1.491535
1.793820
1.564634
1.258445
1.435958
1.962625
1.407766
1.930786
1.786738
1.973795
1.363115
1.975708
1.350618
1.554983
1.362299
1.857605
1.316409
1.549078
1.925962
1.835518
1.219144
1.290628
1.704920
1.301646
0.964273
1.861644
1.051972
1.929932
1.695020
0.964750
1.126702
1.608784
1.414095
1.098632
0.928876
1.927946
0.926424
1.474636
1.622362
1.548235
1.171892
1.273884
1.666188
1.264846
1.099373
1.069171
1.773487
1.545446
1.211079
1.185145
1.766340
1.410342
1.259094
1.886285
1.267001
1.218211
1.809689
1.462231
1.379402
1.736807
1.560931
1.749298
0.926047
1.329400
1.014934
1.823644
1.806954
1.959763
1.861730
1.518648
1.703789
1.047041
1.187148
1.018668
1.223406
0.990267
1.844295
1.883509
1.775125
1.409324
1.869892
1.176737
1.687952
1.815232
1.818526
0.990976
1.561686
1.385701
1.557087
1.630423
1.517233
1.837724
1.787109
1.000948
1.483581
1.625001
1.512859
1.699073
0.773002
1.136925
1.101667
1.189497
1.844486
1.998955
0.912441
1.612958
1.202590
1.322432
1.917303
1.195807
1.805002
1.501496
1.957410
1.179912
1.036473
1.867575
1.843686
1.829611
1.139625
1.797144
1.143144
1.490169
1.731777
1.780239
1.603764
1.775831
1.914914
1.966171
1.414590
0.931341
1.997022
1.467763
1.752902
1.648695
1.956480
1.875379
1.493424
1.208953
1.738240
1.686681
1.648411
1.319372
1.645319
1.494967
1.204404
1.236917
1.774172
1.787430
1.617863
1.361430
1.781864
1.918880
1.017020
1.609226
1.664597
1.803363
1.866228
1.882795
1.972795
1.340293
1.690292
0.745410
1.440958
1.893821
1.368770
1.427518
1.723050
1.043552
1.963223
1.199933
1.750468
0.997467
1.407878
1.851313
1.452205
1.241927
0.825865
1.109069
1.271883
1.533142
1.784944
1.903012
1.509886
1.063365
1.225322
1.673355
1.963552
1.223872
0.999949
1.988895
1.744241
1.439863
1.721156
1.390364
1.888894
0.912785
1.526274
1.003822
1.775008
1.809527
0.931838
1.869168
1.000308
1.452206
1.658793
1.398383
1.971566
0.974723
1.901587
1.880464
1.351796
1.509450
1.913090
1.512926
1.075069
1.147950
1.679343
1.636647
1.879813
1.611761
1.611117
1.051522
1.291572
1.356031
1.617247
1.928168
1.229081
1.586178
1.715840
1.336893
1.465401
1.108479
1.242724
1.827106
1.618355
1.032470
1.066283
1.283326
1.499373
1.137512
0.780281
1.342052
1.135723
1.356968
1.587395
1.243153
1.475240
