1.977064
1.801281
1.674326
1.811282
1.520234
1.897359
1.991332
1.701268
1.896377
1.953998
1.985172
1.688469
1.952883
1.815742
1.728687
1.899786
1.750471
1.826481
1.908484
1.890356
1.926331
1.770725
1.786039
1.955542
1.532416
1.498551
1.587338
1.980882
1.427961
1.649979
1.982183
1.858771
1.783980
1.908209
1.812683
1.621332
1.581303
1.665585
1.858045
1.433838
1.585601
1.933820
1.988038
1.999341
1.596835
1.450961
1.544002
1.675764
1.817271
1.428550
1.730599
1.527060
1.824831
1.579604
1.406439
1.723550
1.724564
1.575343
1.717468
1.611888
1.881873
1.844531
1.499147
1.316675
1.573065
1.761851
