1.990186
1.743812
1.977799
1.977300
1.919377
1.488943
1.793285
1.663130
1.810666
1.657789
1.800026
1.912427
1.966452
1.707592
1.807239
1.938942
1.908046
1.795053
1.821604
1.946651
1.925836
1.947464
1.891990
1.664782
1.874646
1.643634
1.857075
1.947732
1.795404
1.847880
1.987141
1.494756
1.577537
1.980556
1.939718
1.935971
1.775672
1.633637
1.862576
1.835982
1.880899
1.695519
1.998238
1.420276
1.619574
1.590230
1.690376
1.416965
1.768360
1.841050
1.699094
1.771504
1.885468
1.432355
1.754855
1.918572
1.519442
1.688247
1.804203
1.939885
1.450074
1.500751
1.329919
1.770047
1.769629
1.764709
1.320024
