1.960624
1.916054
1.997427
1.891751
1.945659
1.991168
1.873274
1.797170
1.960794
1.903619
1.908019
1.805392
1.993340
1.945620
1.999155
1.981265
1.878003
1.911886
1.990822
1.890263
1.735350
1.804493
1.976803
1.763525
1.996850
1.892223
1.958588
1.728192
1.977505
1.873510
1.921065
1.894696
1.963422
1.912437
1.558311
1.802435
1.750567
1.720228
1.830133
1.952821
1.887527
1.796799
1.857099
1.945438
1.812943
1.980934
1.817685
1.742136
1.592457
1.807269
1.592816
1.970612
1.630602
1.596701
1.982225
1.477159
1.601191
1.838687
1.647152
1.664604
1.756070
1.984442
1.942498
1.751201
1.671878
1.973492
1.841550
1.990261
1.940815
1.986722
1.822369
1.966678
1.641518
1.783433
1.777816
1.769393
1.657654
1.555381
1.987259
1.541422
1.669124
1.897811
1.759494
1.772489
1.869820
1.834930
1.797646
1.900208
1.503268
1.598870
1.415437
1.674147
1.752779
1.684306
1.522184
1.864300
1.690345
1.941386
1.601811
1.865304
1.543092
1.786816
1.595649
1.887536
1.627006
1.976755
1.971165
1.952538
1.811398
1.469779
1.661887
1.727923
1.850688
1.704528
1.720087
1.840556
1.733335
1.811220
1.605316
1.699612
1.863304
1.951441
1.421884
1.582115
1.461844
1.705945
1.879858
1.515705
1.755805
1.989296
1.439388
1.651853
1.823698
1.399103
1.436552
1.533482
1.903009
1.970757
1.750179
1.893407
1.785541
1.456085
1.801278
1.584233
1.984470
1.423694
1.808546
1.868774
1.883247
1.711675
1.456837
1.786719
1.980296
1.710710
1.872448
1.881211
1.973150
1.871297
1.378594
1.704164
1.447551
1.439872
1.957156
1.917990
1.423178
1.606745
1.853869
1.797095
1.720247
1.999717
1.859067
1.541422
1.694085
1.416645
