1.158581
1.737981
1.542601
1.546797
1.666140
1.339178
1.731879
1.671618
1.959324
1.377857
1.269538
1.831253
1.710892
1.395632
1.930296
1.682939
1.914234
1.889586
1.022531
1.908402
1.597216
1.979979
1.797303
1.735677
1.907710
1.420078
1.794031
1.142850
1.255958
1.636079
1.758833
1.629796
1.818087
1.334153
1.998258
1.872186
1.382331
1.081526
1.229081
1.418767
1.261218
1.603381
1.698828
1.456785
1.573417
1.315136
1.917703
1.835606
1.984768
1.246775
1.725193
1.548266
1.254585
1.278903
1.246475
1.904741
1.261359
1.980978
1.514529
1.648938
1.554988
1.801901
1.713656
1.832473
1.352958
1.794363
1.888060
1.544397
1.583548
1.620839
1.799266
1.903558
1.999095
0.994502
1.863076
1.591353
1.626108
1.942410
1.686821
1.934519
1.005652
1.677114
1.867519
1.466110
1.970660
1.631298
1.283243
1.710690
1.775375
1.023296
1.636175
1.533860
1.164736
1.716963
0.938956
1.504818
1.720401
1.365137
1.453222
1.409331
1.469350
1.947009
1.554691
1.321791
1.287309
1.567700
1.463798
1.165763
1.854204
1.893010
1.284081
1.887055
1.736397
1.182462
1.775218
1.392807
1.145546
1.863163
1.449118
1.949280
1.332021
1.712738
1.445658
1.950979
1.519671
1.374203
1.947531
1.669621
1.007801
1.156116
1.334602
1.929942
1.016844
1.081077
1.291934
1.149643
1.604244
1.749715
0.902582
1.639976
1.932764
1.388674
1.259200
1.975369
1.137307
1.737010
1.731661
1.813125
1.513842
1.440557
1.177766
1.595421
1.460379
0.870246
1.583834
1.907736
1.214478
1.490800
1.916920
1.408243
1.930959
1.257075
1.768903
1.416577
1.442938
1.777118
1.210025
1.350209
1.230796
1.367366
1.109309
0.879194
1.593105
1.271629
1.726135
1.916662
1.871624
1.779645
1.690720
1.862966
1.110403
1.568001
1.815032
1.603659
1.838596
1.140296
1.933945
1.861045
1.042409
1.475488
1.902735
1.426753
1.698916
1.300933
1.438896
1.721081
1.092285
1.721967
1.387456
1.503674
1.722417
1.030670
1.728639
1.513684
1.842506
1.943831
1.367548
1.619733
1.099874
1.319039
1.057599
1.920352
1.232326
1.743790
1.642127
1.539304
1.312110
1.263684
1.854111
1.570600
1.389886
1.655515
1.396110
1.854495
1.447120
1.299870
1.712409
1.365713
1.720977
1.662829
1.967677
1.132416
1.503375
1.871799
1.532502
1.401417
1.102552
1.825510
1.683284
1.686759
1.446762
1.588068
1.591536
1.619988
1.307117
1.545363
1.688378
1.367719
1.807447
1.306450
1.652371
1.577600
1.795910
0.919887
1.577278
1.038170
1.387697
1.463187
1.658683
1.614603
1.960089
1.794683
1.830591
1.127412
1.615067
1.856435
1.498097
1.550708
1.875757
1.935832
1.093420
1.254445
1.137878
1.398465
0.997482
1.370581
1.605788
1.203077
1.391301
1.422169
1.857396
1.516768
1.941044
1.989598
1.716171
1.359122
1.273418
1.973219
1.318907
1.301866
1.350384
1.458555
1.813765
1.617186
1.676007
1.873154
1.657942
1.395949
1.838598
1.879454
1.515337
1.634976
1.444637
1.921240
1.601216
1.428380
1.881105
1.517775
1.492810
1.192729
1.449075
1.240757
1.923868
1.166138
1.147898
1.994356
1.521436
1.309554
1.303796
1.909300
1.905146
1.874585
1.419445
1.759363
1.793680
1.337054
1.699849
1.942705
1.687065
1.914318
1.319362
1.480245
1.677206
1.238242
1.974813
1.749702
0.842720
1.338608
1.637368
1.080188
1.396349
1.662580
0.854007
1.649358
1.315995
1.774913
1.334530
1.924873
0.789780
1.571597
1.131274
0.802039
1.466395
1.496569
1.680681
1.939166
1.482278
1.887410
1.258705
1.896421
1.596132
1.940458
1.042592
1.442560
1.820887
1.344298
1.282308
0.851188
1.286558
1.168020
1.987672
1.694776
1.015224
1.785454
1.113309
0.875466
1.422513
1.737819
1.822088
1.329863
1.042307
1.987852
1.530311
