1.637713
1.722995
1.895411
1.957641
1.573729
1.961601
1.760127
1.877631
1.933933
1.431768
1.503154
1.152994
1.520892
1.263355
1.429357
1.904494
1.877053
1.999744
1.760248
1.762576
1.973310
1.957143
1.941211
1.653500
1.951696
1.587051
1.637725
1.780032
1.924670
1.784055
1.849028
1.818539
1.902989
1.360845
1.989642
1.883057
1.450097
1.627519
1.399617
1.521607
1.702216
1.024987
1.861847
1.976386
1.720379
1.578719
1.527708
1.550326
1.506720
1.748079
1.874622
1.712248
1.456454
1.467938
1.445398
1.182747
0.934107
1.066906
1.772865
1.764563
1.654687
1.672293
1.465412
1.607222
1.046158
1.768555
1.759087
1.847612
1.480190
1.595773
1.624566
1.912253
1.760479
1.913922
1.769052
1.790503
1.599488
1.269497
1.783448
1.910630
1.776981
1.883649
1.527886
1.906268
1.785863
1.828554
1.860059
1.649501
1.716499
1.973072
1.455340
1.381475
1.889514
1.923043
1.639463
1.880034
1.731533
1.479842
1.396035
1.604366
1.826914
1.641937
1.959046
1.920957
1.560651
1.458498
1.551481
1.702893
1.823146
1.333242
1.673673
1.510617
1.645565
1.480130
1.505596
1.920566
1.214063
1.412278
1.232258
1.936197
1.777353
1.277868
1.929773
1.543814
1.158196
1.691496
1.959391
1.553114
1.816842
1.115511
1.487268
1.281855
1.184903
1.354123
1.906298
1.826555
1.811441
1.066986
1.446036
1.359020
1.652034
1.355071
1.486687
1.375584
1.806077
1.558983
1.498207
1.939064
1.815788
1.235520
1.922321
1.826310
1.988902
1.933952
1.274510
1.310694
1.885477
1.515457
1.998534
1.626699
1.811644
1.546584
1.498746
1.859504
1.962475
0.887460
1.747585
1.251341
1.827123
1.755177
1.322369
1.719614
1.720071
1.416360
1.907916
1.953935
1.943950
1.142437
1.282194
1.711611
0.984903
1.689231
1.253716
1.539134
1.767937
1.733538
1.156255
1.830949
1.419002
1.254431
1.271806
1.784178
1.494116
1.818172
1.721983
1.627079
1.616346
1.757326
1.336123
1.404295
1.471670
1.181633
1.234648
1.807121
1.724278
1.431870
1.827801
1.247414
1.277681
1.451473
1.118752
1.284831
1.287156
1.540828
1.183956
1.919902
1.846462
1.856324
1.100261
0.840163
1.904073
1.515054
1.756835
1.311998
1.792669
1.960009
1.589039
1.587528
1.460808
1.798155
1.863161
1.631773
1.752106
1.394983
1.877995
1.325180
1.513092
1.886257
1.152891
1.875113
1.308275
1.197456
0.945830
1.778012
1.987951
1.862436
1.973060
0.993736
1.930191
1.374988
1.322902
1.183265
1.574377
1.640432
1.567313
1.330367
1.920001
1.736925
1.805307
1.541839
1.617280
1.694076
1.694572
1.228540
1.312418
1.556524
1.312653
1.612710
1.922898
1.853136
1.641027
1.982509
1.102936
1.236299
1.385683
1.960841
1.023075
1.681827
1.418276
1.329941
1.452076
1.000099
1.552450
1.161264
1.919957
1.952157
1.537061
1.596374
1.964530
1.194681
1.242964
1.361997
1.765683
1.763468
1.982164
1.499871
1.132224
1.621810
1.328129
1.417893
1.193063
1.348761
1.518415
1.527419
1.384461
1.231597
1.992935
1.711144
1.686294
1.355337
1.825148
1.030532
1.946288
1.442925
1.380920
1.366274
1.311195
1.456511
1.377780
1.183987
1.232976
0.883604
1.668187
1.687020
1.969390
1.308999
1.710781
1.036067
1.817491
1.690590
1.472193
1.053926
1.567752
1.380460
1.959005
1.526806
1.624980
1.623227
1.184217
1.697432
0.993927
1.171344
1.186809
1.595388
1.544106
1.784337
1.253486
1.574764
1.886959
1.438499
0.893599
1.892901
1.872876
1.827836
1.712187
1.234900
1.920896
1.148752
1.239664
1.388517
1.836693
1.211654
1.979780
1.531835
1.863224
1.688336
1.448950
1.484553
1.570305
1.898659
1.872985
1.568956
1.025071
1.968940
1.271577
1.691849
1.643697
0.826174
1.358009
1.370883
1.785642
1.222774
1.692297
1.361609
1.440486
0.915750
1.730230
1.043984
1.353276
1.078620
0.909656
1.328901
1.553831
1.949687
1.731268
1.077618
