1.655217
1.512930
1.606641
1.396298
1.608977
1.927993
1.851190
1.991859
1.764889
1.530307
1.860695
1.942289
1.516358
1.113809
1.806784
1.783072
1.795930
1.836117
1.725447
1.810629
1.802549
1.916491
1.758657
1.914478
1.368820
1.872708
1.539528
1.714119
1.993717
1.691447
1.144193
1.438363
1.910165
1.730305
1.826039
1.838652
1.435530
1.824492
1.279597
1.946796
1.859577
1.734227
1.064827
1.994118
1.314157
1.979665
1.890134
1.740831
1.363703
1.490246
1.722092
1.142989
1.736471
1.874219
1.819898
1.687194
1.838563
1.978195
1.629681
1.594408
1.979991
1.633905
1.793163
1.784737
1.929201
1.351775
1.526680
1.126181
1.534830
1.938353
1.108923
1.528595
1.301640
1.778285
1.902935
1.692479
1.732528
1.767397
1.495881
1.459302
1.808398
1.884493
1.924802
1.761130
1.767431
1.249697
1.926909
1.730825
1.010123
1.768624
1.153709
1.680591
1.790887
1.748267
1.855274
1.933883
1.601969
1.586721
1.757188
1.492525
1.942596
1.821917
0.972721
1.646945
1.860210
1.814929
1.462321
1.917808
1.812865
1.722315
1.614484
1.811103
1.597350
1.692138
1.840448
1.933537
1.705889
1.495882
1.738265
1.675908
1.740385
1.968740
1.527784
1.388129
1.657694
1.850446
1.933316
1.731639
1.883393
1.949763
1.903434
1.877270
1.374494
1.428381
1.814158
1.824771
1.248407
1.514791
1.171642
1.188692
1.617426
1.701534
1.529862
1.701961
1.781862
1.122194
1.630034
1.909796
1.317809
1.655520
1.309859
1.893562
1.742197
1.666731
1.055587
1.588087
1.793885
1.195929
1.734073
1.893435
1.393424
1.052380
1.248760
1.878295
1.298723
1.896339
1.637461
1.874868
1.590227
1.926618
1.098789
1.476919
1.662693
1.816662
1.704726
1.894513
1.507324
1.831667
1.982355
0.952576
1.736044
1.360175
1.099459
1.265736
1.934925
1.526767
1.957994
1.793805
1.273742
1.216827
1.179180
1.958044
1.783133
1.189954
1.932381
1.364532
1.336084
1.998848
1.930019
1.432965
1.254516
1.479691
1.723785
1.219725
1.984952
1.659846
1.914130
1.523490
1.235772
1.777701
1.582971
1.208303
1.653847
1.536259
1.115167
1.940086
1.485428
1.799382
1.796926
1.412003
1.800458
1.643003
1.254955
1.715872
1.851042
1.092276
1.753228
1.705479
1.648265
1.549952
1.492672
1.749674
1.746219
0.943474
1.377183
1.826173
1.758263
1.383634
1.470427
1.949722
1.254265
1.681402
1.995661
1.226531
1.801743
1.501016
1.930985
1.612588
1.158601
1.967640
1.841197
1.215735
1.532965
1.040505
1.614860
1.606576
1.246473
1.932607
1.250453
1.542959
1.630582
1.217235
1.606840
1.792374
1.689411
1.297383
1.919116
1.717365
1.046190
1.635260
1.283826
1.964829
1.019694
1.824322
1.692778
1.632987
1.893560
1.581943
0.935462
1.344766
1.829121
1.247824
1.500420
1.601546
1.113489
1.501913
1.797182
1.640969
1.814718
1.941516
1.750253
1.434163
1.519805
1.843593
1.415239
1.940049
0.953685
1.819401
1.801647
1.494615
1.704117
1.897956
1.579202
1.662090
1.225928
1.921029
1.291708
1.947893
1.282275
0.929783
1.428325
1.191696
1.489973
1.427750
1.707169
1.168566
1.955171
1.489233
1.373805
1.375071
1.011367
1.302897
1.151193
1.355350
1.990342
1.249565
1.951682
1.204515
1.017634
1.624893
1.596862
0.828640
1.695327
1.351729
1.610594
1.305649
1.176797
1.449365
1.032632
1.693515
0.915017
1.316489
0.932738
1.815339
1.360255
1.241638
1.989585
1.168072
1.886253
1.586397
1.300053
1.922735
1.763720
1.174419
1.963982
1.618709
1.155640
1.314233
0.917460
1.877389
1.328931
1.616443
1.507255
1.667579
