1.937282
1.781252
1.996137
1.931786
1.925887
1.843458
1.921021
1.994701
1.965130
1.883190
1.912535
1.836001
1.887338
1.955067
1.793993
1.888115
1.970826
1.947490
1.866260
1.983956
1.965745
1.781099
1.756334
1.997742
1.984906
1.858475
1.911396
1.765872
1.621866
1.991181
1.979738
1.668089
1.808711
1.575891
1.902246
1.996201
1.826827
1.818942
1.777116
1.986513
1.967167
1.746246
1.825291
1.920096
1.928816
1.785148
1.666489
1.880490
1.888117
1.877273
1.659208
1.973619
1.940143
1.649763
1.834638
1.744122
1.721297
1.959580
1.840989
1.895866
1.823799
1.883534
1.693201
1.812163
1.752524
1.931470
1.949716
1.671575
1.966635
1.890774
1.581245
1.784962
1.970504
1.909007
1.605557
1.984473
1.962259
1.547081
1.893934
1.564661
1.952229
1.916043
1.889934
1.974557
1.896840
1.896640
1.808906
1.981320
1.966606
1.655847
1.858568
1.592837
1.916730
1.601647
1.845511
1.665543
1.782483
1.781081
1.477529
1.606027
1.546155
1.602850
1.930300
1.702246
1.544458
1.812095
1.923373
1.861482
1.532850
1.980677
1.684017
1.682620
1.753727
1.510198
1.936778
1.758504
1.861833
1.617419
1.491708
1.827623
1.416519
1.948014
1.451004
1.562807
1.854778
1.599751
1.564489
1.883434
1.582699
1.428120
1.768924
1.992191
1.975495
1.663958
1.793444
1.999080
1.606863
1.348401
1.690191
1.625321
1.372426
1.674081
1.673374
1.653391
1.520011
1.314754
1.944991
1.410444
1.223347
