1.955863
1.902202
1.976494
1.797125
1.453036
1.858656
1.716105
1.574007
1.811668
1.795460
1.993981
1.658435
1.484431
1.868203
1.893011
1.651604
1.905776
1.597458
1.487373
1.310576
1.992458
1.675464
1.924961
1.730352
1.925198
1.848168
1.958746
1.962271
1.861281
1.586586
1.604117
1.513035
1.761869
1.830707
1.815734
1.740809
1.976767
1.350203
1.989956
1.923655
1.441385
1.756093
1.305345
1.658098
1.797879
1.655166
1.886709
1.787030
1.877918
1.789497
1.384395
1.932623
1.566867
1.992974
1.818781
1.486502
1.895003
1.768882
1.995962
1.249567
1.693555
1.823530
1.746306
1.920448
1.602232
1.797907
1.974791
1.504986
1.964283
1.696213
1.121937
1.839827
1.474546
1.932060
1.981779
1.716833
1.904016
1.490439
1.693919
1.876844
1.836349
1.630911
1.540253
1.784234
1.917635
1.659587
1.925621
1.893882
1.521061
1.675878
1.948394
1.821605
1.820554
1.660866
1.521812
1.537394
1.675524
1.798316
1.768305
1.750741
1.817152
1.265128
1.713812
1.830265
1.917543
1.179678
1.906414
1.171999
1.550154
1.887004
1.178833
1.563095
1.638276
1.765419
1.375870
1.938761
1.805819
1.836717
1.397708
1.874223
1.885960
1.550818
1.459852
1.826066
1.287477
1.603273
1.929508
1.794847
1.537534
1.218158
1.532204
1.713709
1.627618
1.992083
1.510643
1.643258
1.970740
1.722444
1.765035
1.502299
1.373415
1.505792
1.982261
1.705349
1.431295
1.627389
1.944863
1.687061
1.626106
1.571012
1.991073
1.595174
1.673808
1.087539
1.794980
1.806864
1.885618
1.989424
1.678344
1.627751
1.238980
1.553337
1.613599
1.735689
1.110212
1.557784
1.316246
1.793819
1.495750
1.318654
1.320339
1.352300
1.557714
1.429919
1.059334
1.674224
1.678283
1.613727
1.288476
1.746018
1.075642
1.926591
1.444613
1.765605
1.467009
1.653106
1.033677
1.937681
1.582637
1.391479
1.928268
1.925754
1.949439
1.699021
1.795382
1.251269
1.632282
1.971066
1.986983
1.681106
1.836144
1.580206
1.995667
1.574662
1.188594
1.494828
1.246450
1.763938
1.899543
1.130972
1.704607
1.863429
1.617298
1.964166
1.631745
1.190379
1.713808
1.414303
1.278947
1.788963
1.946560
1.742068
1.255386
1.658873
1.570052
1.743922
1.631743
1.418097
1.129674
1.830753
1.516059
1.970080
1.275522
1.943595
1.690671
1.906329
1.539620
1.974828
1.611824
1.641223
1.603817
1.875898
1.823554
1.923737
1.864689
1.828452
1.731590
1.829354
1.189264
1.917086
1.817162
1.555905
1.269641
1.552698
1.890610
1.490254
1.238148
1.513993
1.861043
1.591021
1.844683
1.923823
1.600507
1.366187
1.637435
1.865532
1.457529
1.236230
1.832051
1.527278
1.558633
1.732023
1.823510
1.324152
1.999822
1.965545
1.825983
1.896614
1.090441
1.811591
1.074744
1.722926
1.950124
1.337284
1.724282
1.873023
1.317434
1.873429
1.254026
1.863687
1.316834
1.804931
1.151699
1.381848
1.913355
1.966761
1.612084
1.789646
1.511819
1.746580
1.750303
1.820426
1.122012
1.145011
1.886307
1.411155
1.727487
1.132647
1.389800
1.755803
1.707954
1.337909
1.270831
1.316416
1.968748
1.468111
1.680123
1.729856
1.109676
1.672909
1.700214
1.331559
1.495595
1.641535
1.869012
1.676945
1.548952
1.970277
1.748897
1.340131
1.974246
1.269878
1.720404
1.448462
1.634954
1.824307
1.673255
1.698388
1.542272
1.173460
1.271033
1.376112
1.890733
1.401849
1.648885
1.303430
1.819385
1.913112
1.646722
1.213345
1.690071
1.543912
1.926163
1.430562
1.887260
1.537778
1.207542
1.180018
1.203472
1.411274
1.775556
1.769664
1.298835
1.699098
1.423334
1.619815
1.057498
0.969037
1.887983
1.085927
1.835713
1.458378
1.661326
1.308776
1.182420
1.643644
1.778416
1.621078
1.682083
1.981833
1.393964
1.971887
1.862365
1.173549
1.340131
1.409597
1.959518
1.979550
1.304801
1.402990
1.963766
1.465346
1.420980
1.978603
1.575391
1.125921
1.554180
1.323374
0.910829
1.770139
1.899197
1.612025
0.984542
1.398915
1.623700
1.927986
1.992637
1.424338
1.673302
1.595131
1.597042
1.924599
1.832816
1.127351
1.337171
1.153771
1.540952
1.586367
1.516020
1.432248
1.114615
1.892704
1.992002
0.939898
1.630766
1.956877
1.675482
1.689696
1.868810
1.349660
1.826946
1.312885
1.915769
1.695209
1.510810
1.304776
1.887944
1.707247
1.108084
1.201805
1.480153
1.419245
1.775772
1.859042
1.831214
1.699769
1.438747
1.821550
1.701948
1.450349
1.191389
1.946259
1.701557
1.739155
1.664270
1.762124
1.385224
1.728125
1.705290
1.655050
1.843651
1.570116
1.206242
1.978053
1.912752
1.480378
1.786345
1.684714
1.681583
1.458276
1.263531
1.163168
1.459984
1.815555
1.745762
1.596456
1.080420
1.802226
1.833444
1.068794
1.878474
1.567903
1.963888
1.996898
1.356053
0.968942
1.373343
1.439902
1.898561
1.843290
1.618623
1.009382
1.723932
1.359402
0.943053
1.572705
1.399916
1.258338
1.509948
1.848121
1.043035
1.950945
1.267290
1.597380
1.531007
1.182201
1.730651
1.251995
1.882514
1.940260
1.233691
1.746937
1.447818
1.897105
1.261020
1.459324
1.252596
1.323803
1.603019
1.925816
1.458677
1.481704
1.089850
1.967659
1.429874
1.464382
1.117988
1.516125
1.806707
1.843518
1.694152
1.278495
1.448454
1.286353
1.693767
1.330457
1.265193
1.285406
1.399462
1.122387
1.932190
1.728370
1.036138
1.821654
0.987201
1.696360
1.670154
1.851617
1.929091
1.596148
1.684758
1.249258
1.953238
1.809962
1.718009
1.864374
1.070019
1.653690
1.976790
1.502650
1.284711
1.641899
1.905090
1.247582
1.743025
1.786072
1.844389
1.354309
1.826475
1.737725
1.195701
1.362561
1.320908
1.524782
1.818960
1.276218
1.528901
1.259399
1.749577
1.903916
1.266478
1.140485
1.944856
1.770997
1.519502
1.313510
1.996416
1.867335
1.753910
1.391624
1.290427
1.786336
1.697258
1.639528
1.075768
1.717569
1.827631
1.369826
1.803457
1.335051
1.619701
1.400933
1.449007
1.980842
1.512190
1.787772
0.975466
1.772674
1.478362
1.586638
1.352545
1.031251
1.217056
1.638180
1.651953
1.973528
1.382416
1.721001
1.449379
1.941646
1.763437
1.205314
1.730384
1.796651
1.507756
1.862077
1.098644
1.480378
1.582973
1.441802
1.316820
0.980701
1.181601
1.395376
1.039549
1.790837
1.416515
1.950199
1.251978
1.713606
1.637550
1.826564
1.761810
1.555686
1.479208
0.972398
1.851030
0.922250
1.927202
1.690535
1.211356
1.664872
1.374898
1.581724
1.815374
1.734498
0.919163
1.943062
1.984850
1.366137
1.607990
1.404074
1.284749
1.393926
1.466527
1.763417
1.470412
1.590839
1.370879
1.750290
1.808440
1.553692
1.017816
1.865024
1.372785
1.779421
0.903682
1.582670
1.645947
1.693966
1.138635
1.809876
1.919637
1.975161
1.565159
1.775718
1.623125
1.723849
1.281773
1.396771
0.946627
1.973489
1.847921
1.639335
0.982544
1.426934
1.488657
1.500726
1.451326
1.121305
0.776010
1.275176
1.675390
0.950132
1.889583
1.147126
1.994007
1.493922
1.381883
1.254935
1.732458
1.898414
0.918476
1.892118
1.023738
1.018491
1.591618
1.032828
1.857746
1.703963
1.349601
1.149568
1.698631
1.688431
1.758972
1.903131
1.817058
1.372514
1.986494
1.567060
1.642997
1.295630
1.897993
1.522678
0.923767
1.026166
1.404260
0.982630
1.445182
1.617852
1.728481
1.301981
1.113594
0.894574
1.139421
1.764991
0.975807
0.857577
1.368941
1.782926
1.995238
1.220945
1.978185
1.064730
1.101641
1.654891
1.150805
0.818689
1.847226
1.879075
1.472518
1.319445
1.700978
1.633061
0.948675
1.960714
0.891650
1.430461
1.503729
1.620880
1.165676
1.272837
1.552730
1.988903
1.165210
1.496351
1.487518
1.653616
1.106084
1.945282
1.758036
0.988696
1.407118
0.816407
1.312179
