1.966954
1.726087
1.840805
1.894188
1.932251
1.692525
1.780583
1.861207
1.701821
1.621120
1.755677
1.942077
1.816232
1.559305
1.778769
1.751582
1.900426
1.696032
1.975962
1.906706
1.858670
1.990751
1.974279
1.922457
1.977742
1.670619
1.607120
1.723259
1.862695
1.841111
1.961051
1.484491
1.812143
1.664088
1.495608
1.967422
1.980391
1.329047
1.908346
1.660519
1.932058
1.625815
1.762281
1.763047
1.763104
1.630118
1.614005
1.596503
1.890899
1.681349
1.705534
1.610901
1.806643
1.319176
1.659071
1.915034
1.780720
1.591842
1.638409
1.555563
1.892874
1.656763
1.852850
1.981176
1.793223
1.346719
1.803064
1.868943
1.805636
1.931327
1.354537
1.886781
1.716277
1.522620
1.645968
1.768905
1.933381
1.762823
1.794125
1.398547
1.610017
1.823253
1.600952
1.915744
1.748535
1.882880
1.792600
1.619815
1.806777
