1.719057
1.827406
1.730438
1.835636
1.947530
1.627651
1.710422
1.854452
1.758029
1.996885
1.848704
1.500592
1.823319
1.715918
1.805339
1.785754
1.859966
1.698077
1.862963
1.506068
1.574820
1.436675
1.476096
1.580610
1.474441
1.926852
1.543916
1.632049
1.538117
1.908697
1.648757
1.782626
1.222422
1.705982
1.726481
1.754830
1.678400
1.441866
1.933479
1.965318
1.737996
1.876775
1.912010
1.716688
1.819270
1.832962
1.663236
1.683245
1.384999
1.647911
1.828910
1.842505
1.909194
1.358818
1.872681
1.716149
1.820919
1.773231
1.928468
1.641236
1.546518
1.806158
1.484380
1.589917
1.865896
1.621070
1.561530
1.607576
1.595895
1.961959
1.494821
1.874825
1.338289
1.808752
1.932221
1.422253
1.879345
1.946458
1.124373
1.975297
1.828463
1.922268
1.589195
1.618963
1.553764
1.153002
1.417557
1.563387
1.743310
1.951258
1.978244
1.847750
1.890983
1.040676
1.649765
1.435763
1.627244
1.352086
1.894500
1.973701
1.303874
1.992869
1.424366
1.959918
1.397100
1.384909
1.670731
1.748469
1.995958
1.863836
1.241853
1.633581
1.591529
1.222736
1.928606
1.672538
1.954315
1.075617
1.585202
1.681246
1.627348
1.279843
1.864492
1.425738
1.355954
1.728325
1.716859
1.281493
1.963046
1.289429
1.116261
1.858780
1.346076
1.391655
1.379719
1.950140
0.989815
1.692052
1.995121
1.611440
1.339967
1.374441
1.830565
1.211300
1.064056
1.563093
1.912411
1.355606
1.350805
1.958609
1.320005
1.488472
1.977351
1.955514
1.846977
1.977459
1.989411
1.400583
1.929069
1.359602
1.558677
1.894922
1.556943
1.994499
1.989297
1.793551
1.637579
1.720360
1.779730
1.329038
1.686675
1.410537
1.319357
1.546780
1.924833
1.569916
1.913963
1.259169
1.836498
1.780714
1.945827
1.875586
1.608705
1.897391
1.991345
1.327575
1.970008
1.103874
1.666852
1.253121
1.819828
1.548570
1.550062
1.440336
1.816203
1.936647
1.869912
1.650952
1.626592
1.951226
1.389940
0.959381
1.732323
1.918485
1.356477
1.857902
1.248036
1.858974
1.265978
1.752263
1.328056
1.567559
1.685546
1.356731
1.575402
1.715677
1.651855
1.954903
1.631373
1.086898
0.962750
1.516794
1.699515
1.386285
1.622512
1.559014
1.688421
1.865828
1.398559
1.702586
1.822319
1.898761
1.711355
1.952959
1.134949
1.484904
1.009550
1.800531
1.698014
1.939440
1.825340
1.835995
1.599478
1.864028
1.846878
1.588240
1.900095
1.454820
1.305313
1.794805
1.852481
1.390855
1.534321
1.877878
1.126366
1.458966
1.403869
1.839465
1.351620
1.412977
1.602235
1.602657
1.409839
1.809200
1.587686
1.768688
1.916970
1.580169
1.984695
1.188303
1.420494
1.589727
1.905700
1.652447
1.295547
1.661761
1.566116
1.927907
1.443184
1.350448
1.421360
1.091684
1.857532
1.479801
1.702203
1.424417
1.935721
1.226802
1.760586
1.691354
1.129267
1.032756
1.550981
1.841801
1.953911
1.431337
1.788775
1.612324
1.604005
1.473722
1.644290
1.620316
1.848988
1.692622
1.891104
1.419196
1.009631
1.996352
1.914859
0.946899
1.339824
1.326185
1.019905
1.959429
1.633166
1.985196
1.819625
1.426641
1.475539
1.950301
1.806408
1.555866
1.516680
1.401940
1.315375
1.745704
1.985092
1.486162
1.796394
1.392062
1.739350
1.870435
1.835075
1.886878
1.882997
1.532971
1.356539
1.585117
1.326713
1.524182
1.017704
1.440350
1.849726
1.865328
1.296185
1.899935
1.811851
1.560301
1.426658
1.056299
1.406741
1.595178
1.819648
1.272735
1.196757
1.726177
1.182504
1.525962
1.751998
1.959099
1.244075
1.520381
1.621779
1.974473
1.197404
1.747978
1.938072
1.995542
1.952015
1.132171
1.957824
1.751915
1.807706
1.684778
1.824179
1.621207
1.190899
1.885292
1.748817
1.800598
1.022301
1.690495
1.760537
1.924303
1.926292
1.393176
1.801745
1.640155
1.118019
1.911495
1.551864
1.143105
1.852410
1.096392
1.819321
1.707314
1.966845
1.448768
1.240084
1.529029
1.944376
1.385600
1.448787
1.348654
1.571453
1.931516
1.153465
1.491546
1.479845
1.169850
1.413185
1.627155
1.540339
1.593207
1.830252
1.496278
1.729519
1.487226
1.290881
1.515735
1.498299
1.991590
1.647253
1.516142
1.910207
1.508614
1.472856
1.750899
1.757466
1.499932
1.686210
1.087160
1.332445
1.366655
1.898963
1.224835
1.640838
1.499211
1.808462
1.383728
1.966602
1.634578
1.604711
1.193247
1.394742
1.132064
1.250624
0.945799
1.805705
1.081957
1.494999
1.451074
1.466421
1.873794
1.596577
1.691113
1.351750
1.863333
1.574949
1.292293
1.328664
1.863846
1.861844
1.566808
1.596022
1.502311
1.478050
1.483396
1.420387
1.890167
1.823731
1.827056
1.808414
1.656108
1.839385
1.282057
1.371542
1.574123
1.332673
1.265884
1.454866
1.909244
1.031011
1.096040
1.337719
1.891509
1.512337
0.982156
1.289794
1.687028
1.981513
1.796681
1.900572
1.806265
1.798960
1.233793
1.393852
1.938754
1.736355
1.204099
1.296402
1.626280
1.109275
1.531185
1.467746
1.361669
1.060946
1.166180
1.973445
1.249719
1.422761
1.659052
0.982371
1.718163
1.155534
1.917466
1.947127
1.607362
1.518402
1.430386
1.460676
1.710025
1.286643
1.784396
1.404189
1.562470
1.860360
1.777088
0.880685
1.899050
1.824522
1.970105
1.502894
1.969450
1.800771
1.755284
1.652659
1.577126
1.893655
1.065972
1.056110
1.236290
1.634176
1.671074
1.299305
1.657203
1.801680
1.294032
1.633533
1.659912
1.345925
1.784154
1.769857
1.380966
1.574428
1.689211
0.939303
1.098041
1.854595
1.995214
1.737107
1.633248
1.099900
1.166018
1.771323
1.942536
1.508559
1.438905
1.064613
1.783443
1.131365
1.536866
1.970982
1.892917
1.989527
1.845891
1.019634
1.584342
1.967682
1.880887
0.960646
1.927274
1.877623
1.401592
1.527461
1.368562
1.034627
1.940376
1.263378
1.051320
1.395644
1.597452
1.969326
1.731789
1.154592
1.103917
1.415501
1.177035
1.973115
1.517212
1.474264
1.922593
1.422267
1.309906
1.727485
1.981962
1.555609
1.640023
1.936989
1.340784
1.000544
1.220477
1.439619
1.108705
1.678714
1.352754
1.052108
1.921911
1.689206
1.788714
1.873538
0.791565
1.749190
1.448686
1.842953
1.610618
1.997521
1.748818
1.814407
1.066680
1.710689
1.641106
1.329427
1.231760
1.450332
1.070349
1.151020
0.917060
1.287081
1.836798
1.505223
1.387186
1.510508
1.649112
1.261694
1.168900
1.658036
1.060744
1.318390
1.603910
1.362876
1.130215
1.803118
1.242452
1.534770
1.175856
1.512572
1.677039
1.511452
1.523412
1.966440
1.363766
1.366520
1.108742
1.941073
1.882228
1.451965
1.586272
1.936032
1.345094
1.796605
1.432935
1.372441
1.279202
1.266953
1.536268
1.492181
1.565744
1.544663
1.239354
0.933390
1.813152
1.795065
0.763042
1.281242
1.358512
1.792802
1.563694
1.656955
1.055486
1.623151
1.038661
1.936770
1.795888
1.132327
1.483239
1.435620
1.898292
1.173623
1.927086
1.760535
1.725034
1.753866
1.419874
1.495935
1.821041
1.724942
1.709549
1.451408
1.343947
1.435277
1.564879
1.004658
1.269321
1.404337
1.919389
0.997486
1.489000
0.889592
1.766785
1.887229
1.841864
1.199443
1.969780
0.949289
1.942904
0.973592
1.329847
1.773258
0.906687
1.439136
1.457748
