1.922538
1.596025
1.852243
1.935286
1.609849
1.968654
1.558552
1.494448
1.633743
1.746134
1.730706
1.512633
1.405447
1.363492
1.720429
1.622294
1.501974
1.891534
1.557830
1.993288
1.823904
1.914799
1.487438
1.506950
1.892379
1.800195
1.648584
1.795437
1.773365
1.780525
1.577350
1.694817
1.913674
1.443140
1.366288
1.897754
1.733152
1.568480
1.812872
1.859201
1.284349
1.339061
1.509189
1.605646
1.688713
1.453659
1.727671
1.893442
1.166543
1.994364
1.782814
1.387843
1.784510
1.788941
1.586214
1.872644
1.808001
1.841493
1.407943
1.825014
1.444111
1.609384
1.753293
1.803033
1.833498
1.323624
1.885369
1.520168
1.980290
1.879934
1.765636
1.672027
1.747696
1.713336
1.464621
1.599771
1.908755
1.682339
1.530168
1.679383
1.746450
1.758037
1.852988
1.869477
1.422780
1.890539
1.664582
1.952507
1.565526
1.900291
1.955416
1.524244
1.624530
1.933328
1.923637
1.606021
1.330064
1.490985
1.781306
1.857936
1.769720
1.505177
1.747778
1.704778
1.989577
1.460417
1.921527
1.269845
1.178923
1.006913
1.777415
1.308128
1.733219
1.842426
1.481779
1.577100
1.928237
1.037953
1.623217
1.613405
1.802163
1.892606
1.389749
1.363442
1.875867
1.077912
1.441355
1.746160
1.955638
0.852411
1.178288
1.888747
1.964853
1.816393
1.277655
1.661858
1.815173
1.429553
1.934871
1.681981
1.531004
1.999794
1.321456
1.163291
1.916676
1.511486
1.712962
1.401661
1.366398
1.989967
1.884439
1.207353
1.200245
1.130492
1.460756
1.488886
1.696587
1.983806
1.021860
1.825328
0.991571
1.833302
1.400840
1.985267
1.252602
1.417885
1.879031
1.962789
1.175079
1.310931
1.779047
1.662025
1.958697
1.869552
1.815340
1.658509
1.207581
0.906569
1.655850
1.181741
1.045002
1.077684
1.263019
1.958524
1.951313
1.532797
1.865265
1.420121
1.451233
1.718248
1.423338
1.794763
1.759566
1.728044
1.839829
0.922300
0.969484
1.876071
1.687270
1.990902
1.383643
1.723009
1.095363
1.470194
1.223933
1.605299
0.990679
1.723005
1.711604
1.903964
1.211889
1.692815
1.140009
1.907438
1.057205
1.655718
1.515175
1.315484
1.369215
1.443830
1.970190
1.513514
1.814594
1.978302
1.441858
1.477347
1.946177
1.702879
1.906220
1.892650
1.883798
1.206481
1.101357
1.960164
0.954938
1.412214
1.790490
1.502758
1.516896
0.769917
1.682080
1.646429
1.490039
1.204650
1.948934
1.581105
1.872291
1.444488
1.354844
1.651944
1.427521
1.589113
1.261762
1.940226
1.276592
1.857776
1.808346
1.045926
1.952915
1.620507
1.904807
1.996690
1.969261
1.144529
1.999303
1.159780
1.592829
1.917233
1.120523
1.660082
1.729057
1.480861
1.128007
0.967318
1.747725
1.731851
1.887223
1.776962
1.642150
1.812738
1.425311
1.917856
1.577325
1.969564
1.914122
1.981485
1.117293
1.976321
1.967667
1.019350
1.105938
0.973774
1.474693
1.349082
1.501382
0.964752
