1.986395
1.660409
1.746071
1.928075
1.950329
1.654070
1.866601
1.927366
1.958637
1.880982
1.828719
1.599819
1.950875
1.429549
1.815476
1.750356
1.962713
1.701856
1.967000
1.902777
1.966822
1.881936
1.820122
1.874563
1.808515
1.664946
1.761688
1.935699
1.834310
1.957157
1.941035
1.779547
1.934972
1.930008
1.982708
1.966436
1.805498
1.809725
1.979348
1.853816
1.937804
1.936328
1.611862
1.750248
1.938417
1.839264
1.818819
1.962617
1.809467
1.815015
1.828432
1.750267
1.895134
1.703769
1.698256
1.845150
1.641441
1.913959
1.457672
1.481501
1.775456
1.526361
1.633191
1.600329
1.964812
1.834286
1.449635
1.824556
1.807581
1.618673
1.830513
1.804530
1.867127
1.842033
1.661612
1.459569
1.438830
1.783521
1.460200
1.919307
1.647697
1.610684
1.881704
1.592299
1.949887
1.968598
1.586759
1.330469
1.244464
1.866389
1.296429
1.741153
1.658240
1.416521
1.942354
1.637049
1.524289
1.283059
1.975702
1.658895
1.557446
1.368817
1.789647
1.196769
1.672070
