1.784315
1.677885
1.786983
1.648348
1.751471
1.597385
1.728872
1.670193
1.659939
1.958335
1.943928
1.570776
1.996348
1.823013
1.206477
1.892141
1.720429
1.505895
1.666006
1.547212
1.992963
1.797348
1.636651
1.348754
1.797896
1.994037
1.797671
1.492181
1.876279
1.755659
1.800349
1.604222
1.451563
1.747494
1.977397
1.420029
1.835429
1.288007
1.934122
1.705534
1.558702
1.789339
1.928467
1.401422
1.707311
1.727877
1.780439
1.734777
1.882911
1.207588
1.842678
1.544083
1.698663
1.973104
1.621304
1.911237
1.543168
1.659914
1.775248
1.806071
1.561464
1.308867
1.208417
1.549939
1.405143
1.873262
1.262724
1.417681
1.554574
1.485188
1.496017
1.678663
1.703182
1.536458
1.499780
1.458850
1.222334
1.519745
1.714827
1.921346
1.688446
1.811337
1.696185
1.774480
1.685956
1.637107
1.881266
1.237012
1.428556
1.797983
1.113583
1.779514
1.596219
1.963859
1.151518
1.877275
1.426633
1.972228
1.758978
1.373560
1.988383
1.406903
1.241830
1.803810
1.763465
1.188020
1.226332
1.525993
1.711981
1.953093
1.786080
1.411857
1.570521
1.524801
1.834612
1.968710
1.952660
1.516076
1.793543
1.044858
1.805842
1.957700
1.523082
1.964024
1.399340
1.205999
1.844035
1.896887
1.833975
1.932821
1.683574
1.415756
1.151140
1.433559
1.539894
1.952377
1.100514
1.635379
1.232443
1.786015
1.678359
1.739360
1.512212
1.922801
1.752334
1.162836
1.443813
1.525476
1.435198
1.071179
1.665009
1.873551
1.114670
1.667934
1.808685
1.395050
1.319242
1.375430
1.455348
1.778494
1.620060
1.307710
1.847601
1.837167
1.787177
1.940266
1.696712
1.313776
0.944975
1.971845
1.255579
1.024573
1.773789
1.549350
1.980828
1.481863
1.439712
1.833104
1.778990
1.756968
1.891799
1.395824
1.784991
1.916999
1.715433
1.274060
1.426519
1.524633
1.557471
1.497715
1.580251
1.147090
1.333681
1.010143
1.528088
1.601941
1.680451
1.052051
1.811814
1.432321
1.800435
1.560535
1.436330
1.928269
1.335223
1.685847
1.036137
1.760984
1.363374
1.365074
1.055648
1.798253
1.414289
1.787587
1.607665
1.813225
1.740163
0.965349
1.927598
1.497562
1.908859
1.868052
1.745652
1.822049
1.982019
0.986573
1.622656
1.211084
1.646620
1.284222
1.447266
1.327563
1.445970
1.895927
1.867345
1.668258
1.845694
1.471521
1.627814
1.103049
1.598634
1.857920
1.268058
1.293313
1.796676
1.480186
1.619690
1.522313
1.860238
1.813813
1.964037
1.530554
1.561780
1.394682
0.866040
1.643920
1.456582
1.539958
1.554875
1.287713
1.091146
1.264470
1.180227
1.733307
1.205286
1.677899
1.582286
1.744971
1.864319
1.648119
1.538032
1.695829
1.839824
1.900039
1.309101
1.023300
1.392225
1.176393
1.731301
1.667631
1.277125
1.332347
1.505034
1.763895
1.496053
1.919377
1.764730
1.656858
1.871903
1.697736
1.734065
1.579771
1.692244
1.035609
1.863214
1.636515
1.603685
1.635971
1.711788
1.479094
1.905732
1.725118
1.884838
1.212797
1.305751
1.641659
0.989785
1.641607
1.639182
1.676094
1.299901
1.630572
0.926011
1.901431
1.675151
1.911159
1.459150
1.925961
1.683878
1.726499
1.962327
1.778232
1.710855
1.260518
1.297255
1.838550
1.635981
1.838026
1.155440
1.666638
1.775342
1.189067
1.146948
1.152583
1.668644
1.522558
1.274645
0.930961
1.689615
1.342302
1.272576
1.386829
0.921464
1.876101
1.858857
1.937801
1.697397
1.293237
0.973200
1.601269
1.116009
1.634271
1.489887
1.767307
0.998988
0.937737
1.953270
1.853942
1.770542
1.995836
1.980324
1.162111
1.823468
1.935079
1.371168
1.607570
1.276486
0.750512
1.618570
1.309321
1.582804
1.396786
