1.672931
1.986528
1.378125
1.670108
1.876284
1.672003
1.818749
1.027944
1.897657
1.645238
1.582436
1.423898
1.396936
1.760492
1.118432
1.812288
1.410550
1.378310
1.552262
1.478917
1.795598
1.212603
1.862121
1.962668
1.831424
1.482786
1.786590
1.723209
1.286332
1.653049
1.498530
1.592084
1.829947
1.835814
1.792618
1.695432
1.457639
1.713498
1.874294
1.893497
1.724626
1.867834
1.969561
1.868109
1.398663
1.279693
1.687353
1.317680
1.728854
1.944385
1.447892
1.278090
1.915311
1.633193
1.631115
1.668200
1.691910
1.847449
1.407855
1.748222
1.606699
1.525372
1.680834
1.874099
1.509744
1.601141
1.865912
1.933605
1.215242
1.430809
1.789438
1.421758
1.588812
1.748835
1.051564
1.628201
1.748762
1.891077
1.332139
1.569271
1.597136
1.975130
1.584619
1.351840
1.234120
1.344584
1.444667
1.348708
1.673785
1.763883
1.524644
1.897140
1.760076
1.973457
1.899584
1.945408
1.355891
1.724608
1.810599
1.503939
1.652978
1.730643
1.166831
1.589756
1.153570
1.466174
1.955019
1.550973
1.932202
1.386673
1.548783
1.655668
1.605087
1.008764
1.249767
1.496463
1.719044
1.240308
1.110388
1.955803
1.308073
1.851166
1.791734
1.860203
1.152134
1.658113
1.581648
1.316817
1.710820
1.491892
1.985650
1.802958
1.759768
1.899859
1.654399
1.931276
1.717835
1.588562
1.349980
1.904555
1.308387
1.687597
1.944500
1.957630
1.908845
1.760450
1.240281
1.977177
1.363125
1.348726
1.385709
1.558376
1.716792
1.770091
1.343946
1.547957
1.653768
1.965973
1.868651
1.862822
0.946829
1.424888
1.163140
1.621110
0.887570
1.373799
0.969584
1.427341
1.380835
1.579752
1.683474
1.743685
1.032295
1.977255
1.044342
1.812120
1.734565
1.499727
1.491766
0.928206
0.979242
1.742935
1.415431
1.364932
1.321624
0.875007
1.691731
1.813221
1.254036
1.581325
1.418792
1.247860
1.151342
1.166817
1.595818
1.277420
1.961936
1.461806
1.651104
1.924961
1.415118
1.789327
1.805218
1.454246
1.379175
1.987234
1.919107
1.668370
1.148409
1.778787
1.559127
1.068654
1.586390
1.651938
1.009909
1.053343
1.977319
1.395229
1.408885
1.459300
1.379874
1.290103
1.501398
1.952206
1.555301
0.919058
0.988625
1.802320
1.628442
1.875708
1.200501
1.685292
1.863069
1.266980
1.951392
1.709999
1.900539
1.868087
1.628041
1.410711
1.266329
1.785192
1.933929
1.275065
1.362790
1.202538
1.341186
1.281050
1.061154
1.886291
1.009273
1.059693
1.866560
1.636059
1.581160
1.566595
1.322827
1.903643
1.445278
1.749376
1.037181
1.224177
0.883593
1.800971
