1.987858
1.976981
1.878522
1.990131
1.872506
1.744991
1.927879
1.935430
1.991292
1.991045
1.884959
1.860767
1.992053
1.970587
1.903119
1.974543
1.852050
1.996983
1.808378
1.844615
1.834201
1.793788
1.957656
1.705018
1.712324
1.715835
1.692239
1.910116
1.964637
1.981156
1.769788
1.945522
1.866398
1.720179
1.918072
1.543716
1.817592
1.587208
1.730639
1.892750
1.734763
1.857687
1.941110
1.667050
1.626373
1.663922
1.842402
1.892040
1.769211
1.970855
1.780883
1.716200
1.583039
1.924838
1.711934
1.766492
1.848642
1.844525
1.563816
1.842019
1.794222
1.707148
1.751808
1.773928
1.982910
1.791535
1.892990
1.607275
1.913709
1.923685
1.902671
1.961454
1.820699
1.936723
1.742371
1.849701
1.500936
1.911809
1.435493
1.808614
1.672706
1.990157
1.935706
1.967694
1.495723
1.786082
1.604463
1.755320
1.776398
1.880557
1.975187
1.508524
1.710227
1.721606
1.620386
1.820720
1.864878
1.941454
1.894947
1.459960
1.940607
1.694144
1.435775
1.794725
1.484161
1.611229
1.887789
1.838736
1.744694
1.671120
1.776337
1.964943
1.795957
1.525449
1.453794
1.852884
1.757013
1.441619
1.733712
1.733030
1.557515
1.974186
1.695430
1.495639
1.870759
1.867828
1.470208
1.557889
1.499012
1.916544
1.174125
1.764068
1.706617
