1.980643
1.951717
1.950013
1.998363
1.989920
1.776609
1.940247
1.937441
1.944905
1.824285
1.978369
1.923452
1.761199
1.802070
1.878934
1.726415
1.798887
1.798471
1.772571
1.880716
1.792769
1.830132
1.823672
1.821632
1.794643
1.607265
1.887792
1.861659
1.917808
1.841947
1.895893
1.783584
1.674554
1.710480
1.966310
1.982924
1.801225
1.883440
1.929414
1.832082
1.784476
1.805773
1.938910
1.895582
1.887227
1.873573
1.843911
1.663253
1.662196
1.835248
1.680754
1.886017
1.684600
1.655028
1.833814
1.731128
1.916049
1.735114
1.810780
1.852131
1.978332
1.979661
1.619422
1.510921
1.574775
1.735100
1.681397
1.752710
1.637685
1.958503
1.590292
1.923985
1.869819
1.891250
1.894394
1.870504
1.991836
1.670770
1.892680
1.938642
1.634700
1.857662
1.988940
1.705623
1.466722
1.904820
1.938639
1.681487
1.876896
1.640340
1.491985
1.867190
1.638818
1.792366
1.909633
1.955747
1.900866
1.581809
1.739543
1.982981
1.910485
1.748839
1.693267
1.742366
1.913733
1.534490
1.585638
1.960768
1.897404
1.863941
1.489288
1.375297
1.904377
1.631306
1.968948
1.764783
1.406108
1.659188
1.878249
1.871610
1.952017
1.890044
1.410543
1.476399
1.764189
1.998817
1.581300
1.536904
1.841965
1.466095
1.527243
1.941709
1.448656
1.770080
1.480206
1.354586
1.843934
1.847135
1.597113
1.925781
1.961055
1.715114
1.693166
1.510467
1.305028
1.675270
1.434319
1.459002
1.375650
1.460978
1.507174
1.464292
1.811216
1.670808
