1.950586
1.987007
1.999914
1.795157
1.957553
1.989340
1.888371
1.964220
1.786146
1.774666
1.967149
1.781957
1.753785
1.898743
1.950698
1.925427
1.812693
1.735622
1.797261
1.906840
1.895335
1.852029
1.810240
1.770522
1.879936
1.887781
1.711131
1.850423
1.682644
1.716416
1.923936
1.680404
1.808376
1.775063
1.940248
1.873858
1.883700
1.657715
1.970455
1.895093
1.951782
1.919746
1.994740
1.676278
1.804712
1.852092
1.920700
1.889819
1.722555
1.603447
1.896439
1.765176
1.971921
1.719479
1.740675
1.851624
1.929433
1.997084
1.673928
1.966424
1.922864
1.704980
1.892051
1.585034
1.757355
1.627180
1.717353
1.527124
1.934379
1.998106
1.560146
1.517570
1.515874
1.632405
1.887286
1.987922
1.574047
1.779753
1.446045
1.517253
1.954945
1.622177
1.902014
1.968304
1.629833
1.997620
1.889729
1.701531
1.771324
1.640238
1.767068
1.568685
1.725540
1.673779
1.699413
1.585131
1.896360
1.951228
1.784740
1.731553
1.889424
1.720716
1.994298
1.670325
1.645085
1.867534
1.804632
1.818676
1.446902
1.556029
1.758027
1.907984
1.982547
1.691783
1.942853
1.819502
1.590335
1.920622
1.814943
1.866782
1.502077
1.888946
1.681357
1.663304
1.614244
1.904597
1.624264
1.734968
1.610557
1.732068
1.917557
1.478627
1.765937
1.899059
1.907762
1.413504
1.692147
1.699261
1.904605
1.990097
1.177161
1.525650
1.730843
1.333326
1.548822
1.713697
1.337210
1.965203
