1.843473
1.892713
1.887260
1.989136
1.811376
1.741859
1.945301
1.969302
1.931321
1.698502
1.921336
1.908844
1.953331
1.954187
1.787144
1.965731
1.896051
1.841546
1.898245
1.829862
1.815157
1.920278
1.791412
1.954115
1.994679
1.720131
1.975397
1.790868
1.677876
1.685943
1.630238
1.890904
1.513916
1.977425
1.832138
1.463174
1.371634
1.640864
1.781986
1.665401
1.785967
1.871923
1.806110
1.974647
1.774299
1.608103
1.604696
1.841670
1.921649
1.868441
1.951627
1.828068
1.743026
1.799513
1.601471
1.984768
1.590527
1.876456
1.531681
1.776762
1.731404
1.891012
1.665686
1.885677
1.606056
1.959800
1.830505
1.684189
1.962506
1.593756
1.705576
1.839790
1.723693
1.942638
1.994895
1.608441
1.708229
1.881950
1.543765
1.601709
1.901561
1.371761
1.924469
1.953134
1.918795
1.630738
1.390967
1.640398
1.978706
1.905881
1.720985
1.753723
1.829282
1.978976
1.672502
1.528478
1.664362
1.497250
1.693347
