1.954018
1.929837
1.975233
1.990226
1.951365
1.997278
1.870534
1.952605
1.977326
1.932717
1.940426
1.831208
1.934538
1.874642
1.825462
1.647599
1.841000
1.949031
1.915081
1.871856
1.997663
1.785351
1.942519
1.701302
1.725925
1.916677
1.854728
1.775383
1.788286
1.962339
1.874996
1.650721
1.788039
1.733980
1.968135
1.986803
1.960658
1.832824
1.862246
1.800012
1.725885
1.681133
1.869722
1.850992
1.844059
1.865907
1.907939
1.925372
1.770561
1.730661
1.877789
1.588623
1.982931
1.837554
1.736552
1.973976
1.560792
1.751974
1.727138
1.643019
1.979400
1.867141
1.993826
1.719877
1.966287
1.863769
1.822425
1.896625
1.837495
1.971275
1.965821
1.684798
1.503115
1.553424
1.598706
1.617238
1.968884
1.905826
1.594503
1.530913
1.778300
1.642280
1.993430
1.864168
1.786453
1.918038
1.591980
1.835387
1.852733
1.688511
1.444695
1.900450
1.933493
1.928790
1.703087
1.449648
1.920674
1.817276
1.845738
1.547269
1.621361
1.853323
1.547393
1.935099
1.609834
1.891462
1.600330
1.644009
1.768883
1.706432
1.567118
1.780900
1.791198
1.785474
1.538971
1.851751
1.798566
1.851009
1.993061
1.556716
1.697948
1.420283
1.741600
1.798074
1.800686
1.722669
1.984006
1.873882
1.516168
1.795016
1.506867
1.755727
1.325564
1.909446
1.356991
1.435574
1.589161
1.804262
1.777692
1.907892
1.950501
1.365674
1.925975
1.641271
1.812345
1.658177
1.544832
1.812574
1.876427
1.869848
1.687082
