1.146610
1.779018
1.869449
1.204054
1.892106
1.845048
1.688897
1.276241
1.888233
1.982799
1.980262
1.988046
1.598468
1.706494
1.380651
1.503573
1.319613
1.664744
1.764298
1.693145
1.851329
1.353711
1.608036
1.338478
1.578315
1.825370
1.494662
1.940900
1.989978
1.376638
1.980812
1.869221
1.463441
1.280445
1.954357
1.975588
1.969132
1.953671
1.974636
1.027198
1.610754
1.515274
1.483854
1.743320
1.259771
1.763503
1.288677
1.534254
1.395707
1.968246
1.775253
1.892738
1.739574
1.776581
1.054824
1.489267
1.079873
1.403653
1.766159
1.172642
1.861033
1.408461
1.358956
1.718856
1.809868
1.267740
1.208565
1.738204
1.981860
1.930765
1.474974
1.112882
1.841109
1.835891
1.749312
1.539489
1.472766
1.519397
1.098433
1.752733
1.779297
1.748134
1.403544
1.792623
1.207816
1.697519
1.518147
1.858214
1.939527
1.819150
1.260401
1.334587
1.250945
1.525724
1.800411
1.730821
1.574097
1.893944
1.645086
1.659946
1.855552
1.954265
1.622107
1.981849
1.421890
1.953491
1.696346
1.498215
1.870491
1.768855
1.653711
1.602868
1.588961
1.936213
1.760786
1.897248
1.632937
1.385568
1.071844
1.937744
1.916739
1.060415
1.638911
1.967701
1.507018
1.751338
1.841984
1.238563
1.611127
1.740993
1.226316
1.644908
1.802200
1.596327
1.924004
1.075153
1.995238
1.731250
1.705671
1.440713
1.946485
1.240814
1.753466
1.144468
1.167077
1.791078
1.375951
1.943139
1.059324
1.905653
1.105765
1.970436
1.260804
1.813207
1.605135
1.248120
1.711826
1.801436
1.418566
1.181654
1.554666
1.463882
1.875741
1.998655
0.987334
1.878210
1.740806
1.425923
1.177707
1.427408
1.783091
1.565083
1.710359
1.401855
1.537395
1.631979
1.411513
1.836113
1.068991
1.386994
1.615346
1.611692
0.993540
1.903690
1.500412
1.642105
1.632465
1.311085
1.014192
1.227405
1.854850
1.273922
1.697165
1.541159
1.661104
1.835759
1.248992
1.596729
0.900701
1.945316
1.898315
1.648844
1.158034
0.941147
1.679934
1.318349
1.499659
1.852932
1.126940
1.392563
1.269696
1.744074
1.651920
1.613520
1.973991
1.960183
1.745843
1.791838
1.616834
1.634676
1.499833
1.839104
1.618815
1.652785
1.176609
1.913998
1.851889
1.958224
1.974723
1.816060
1.190739
1.912261
1.306762
1.637060
1.440616
1.451081
1.772538
1.714466
1.519890
1.576026
1.774964
1.604253
1.862673
1.672657
1.613157
1.430117
1.079848
1.673583
1.840045
1.769563
1.741649
1.473158
1.237635
1.158523
1.192780
1.850681
1.984364
1.424115
1.627807
1.084178
1.714256
1.626065
1.837689
1.610748
1.897760
1.428782
1.462485
1.738037
1.168566
1.457726
1.859508
1.967432
1.349112
1.850936
1.427648
1.564981
1.177873
1.687281
1.460037
1.276375
1.159307
1.667455
1.806098
1.773936
1.964412
1.976494
1.673167
1.617375
1.417845
1.584619
1.599153
1.457912
1.556998
1.583923
1.916593
1.940818
1.487591
1.436192
1.621028
1.453273
1.872713
1.032756
1.222031
1.880004
1.180132
1.648213
0.838938
1.652578
1.603565
1.434378
1.260259
1.510381
1.542328
1.980033
1.511587
1.294051
1.495016
1.388201
1.086876
1.121485
1.163101
1.954342
1.754934
1.580176
1.142980
1.633395
1.314854
1.973085
1.767455
1.453370
0.957444
1.151598
1.199273
1.655404
1.320024
1.496171
1.383537
1.950326
1.934152
1.218937
1.269203
1.577825
0.837280
1.383817
1.507444
1.649806
1.910903
1.417830
1.870282
0.964212
1.132824
1.631492
1.437966
1.905151
1.826536
1.160210
1.511737
1.858471
1.871179
1.206478
1.110486
1.166801
1.757577
1.916110
1.679864
1.528962
1.227088
1.992996
1.508457
1.981259
1.937803
1.582503
1.622272
1.203935
1.975610
1.068073
1.476978
1.489223
1.517474
1.900511
1.168250
1.220568
1.031487
1.401450
1.820098
1.211937
1.956760
1.439388
1.816732
1.007170
1.232180
1.938321
1.113703
1.470314
1.205215
1.498862
0.919779
1.064118
1.250687
1.384105
1.659177
1.608552
1.598926
1.237981
1.953712
1.708281
1.528284
1.715419
1.305178
1.828185
1.578964
1.399536
1.714149
1.573388
1.475382
1.590175
1.741661
1.761858
1.857566
1.225609
1.350573
1.271394
1.496829
1.623113
1.793811
1.498518
1.770799
1.810406
1.721501
1.678019
1.556895
1.400724
1.803499
1.133662
1.306763
1.839622
1.754563
1.624815
1.744311
1.876494
1.766242
1.734041
1.329637
1.517313
1.372544
1.112706
1.541108
1.310956
1.978407
1.809139
1.539499
1.214865
1.475037
1.931685
1.115970
1.522454
1.011531
1.076621
1.461885
1.591427
1.677673
0.914867
1.741412
1.325549
1.723273
1.383484
1.971441
1.226250
0.935922
1.326127
1.598689
1.862747
1.825431
0.877161
1.895984
1.508161
1.842997
1.645254
0.758061
1.089710
1.342351
1.669815
1.583504
1.227108
1.911693
1.718528
1.395985
1.826409
1.659333
1.740377
1.755054
1.024580
1.656080
1.795301
0.864644
1.252571
1.516396
1.190959
1.528434
1.644133
1.720528
1.043014
