1.878286
1.620484
1.248352
1.182953
1.412723
1.763298
1.975758
1.658245
1.528866
1.480778
1.641474
1.831047
1.354168
1.891492
1.584233
1.935334
1.819233
1.368076
1.838211
1.992127
1.912512
1.866331
1.340249
1.239815
1.584067
1.414325
1.114616
1.304936
1.933105
1.581156
1.956729
1.733934
1.915910
1.450947
1.334954
1.841875
1.900177
1.500679
1.387679
1.366034
1.622564
1.915651
1.596195
1.895515
1.918241
1.754295
1.560683
1.454239
1.563404
1.567650
1.940206
1.795735
1.495232
1.608496
1.837115
1.293559
1.909046
1.715307
1.460106
1.174323
1.666224
1.306250
1.497501
1.601720
1.990233
1.565185
1.616480
1.690586
1.348569
1.570508
1.891527
1.572971
1.782925
1.611586
1.447282
1.451128
1.469959
1.656896
1.839818
1.306082
1.970989
1.436497
1.047489
1.749669
1.292651
1.604536
1.727497
1.436365
1.759134
1.168118
1.436917
1.631622
1.483115
1.724863
1.867613
1.258967
1.992540
1.356358
1.879877
1.406320
1.703415
1.984982
1.758640
1.857852
1.887128
1.783103
1.563917
1.811149
1.534550
1.794322
1.845197
1.771419
1.700423
1.641879
1.910668
1.216920
1.509363
1.985986
1.658633
1.778676
1.741165
1.390304
1.992251
1.864915
1.458191
1.587155
1.998431
1.855954
1.780909
1.502625
1.757550
1.295484
1.887225
1.426873
1.597800
1.810819
1.889920
1.913710
1.553942
1.577242
1.944047
1.764092
1.571275
1.226310
1.635473
1.999722
1.187698
1.691402
1.644925
1.169194
1.931279
1.753529
1.103242
1.870345
1.310836
1.964369
1.350860
1.860455
1.300873
1.547076
1.924283
1.839039
1.845524
1.181492
1.378163
1.477709
1.693896
1.788607
1.352688
1.305507
1.135063
1.744564
0.987443
1.127536
1.967761
1.707348
1.342688
1.794876
1.863880
1.459484
1.422943
1.677198
1.873240
1.659865
1.538922
1.477295
1.219627
1.640437
1.349953
0.988633
1.878435
1.591313
1.170355
1.725655
1.708994
1.801303
1.367097
1.665610
1.859215
1.155852
1.399360
1.878616
1.483801
1.380219
1.520908
1.373962
1.712045
1.291031
1.907547
1.875152
1.998977
0.888546
1.727687
1.371858
1.541697
1.690603
1.962548
1.828605
1.743523
1.624793
1.839844
1.844133
1.829152
1.896880
1.539182
1.397127
1.532229
1.365906
1.846617
1.695181
1.324489
1.631299
1.550184
1.294991
1.228649
1.709723
1.829366
1.667649
1.825427
1.962350
1.404237
1.261840
1.990220
1.742821
1.364590
1.228948
1.409724
1.642849
1.741874
1.230570
0.960079
1.303156
1.788106
1.664024
1.855166
1.519521
1.159801
1.733703
1.144582
0.944906
1.151801
1.400941
1.334060
1.181353
1.681665
1.729474
1.043133
1.729408
1.726986
1.523184
1.175896
1.764000
1.580673
1.373739
1.503009
1.797181
1.848883
1.131588
1.344462
1.729721
1.177779
1.649219
1.326210
1.545412
1.477369
1.068009
1.003727
1.124394
1.712451
1.536485
1.038324
1.857588
1.621732
0.950964
1.461738
1.135281
1.631836
1.622168
1.585906
1.531560
1.189630
1.976085
1.379075
1.401614
1.113706
1.551545
