1.942677
1.836858
1.695693
1.848270
1.992900
1.771507
1.865220
1.805737
1.952468
1.935292
1.962320
1.929291
1.848635
1.530674
1.937862
1.901950
1.892092
1.832742
1.985571
1.753755
1.893226
1.932264
1.974170
1.874586
1.945234
1.757652
1.979130
1.772133
1.849908
1.800809
1.617381
1.566096
1.899574
1.938112
1.920723
1.496193
1.856926
1.950174
1.515396
1.797731
1.380341
1.623472
1.577441
1.949277
1.829875
1.710699
1.925780
1.857130
1.968723
1.561462
1.976869
1.671170
1.615505
1.650368
1.849650
1.914050
1.862980
1.638478
1.521524
1.689812
1.637406
1.507971
1.881611
1.619649
1.780555
1.393981
1.585479
1.347585
1.412121
1.616804
1.793668
1.679214
1.615121
1.426252
1.343971
1.968545
1.979954
1.729657
1.635738
1.586068
1.583762
1.843068
1.880485
