1.537015
1.896404
1.794447
1.955972
1.982472
1.693189
1.919051
1.813123
1.994642
1.605204
1.878032
1.688284
1.694427
1.720550
1.545963
1.969303
1.908175
1.373873
1.912733
1.945240
1.566133
1.726987
1.810036
1.826886
1.758807
1.908102
1.788480
1.772007
1.722788
1.642471
1.924763
1.880585
1.971992
1.915524
1.875002
1.372988
1.846394
1.999894
1.583923
1.794096
1.890120
1.918669
1.739222
1.716814
1.853647
1.965142
1.626889
1.971792
1.224928
1.941293
1.987361
1.964149
1.990325
1.808678
1.852515
1.821112
1.833544
1.849590
1.992095
1.972174
1.851345
1.936671
1.514304
1.744835
1.937496
1.873775
1.582840
1.419712
1.938381
1.856072
1.432538
1.442495
1.871445
1.485169
1.167878
