1.542170
1.363234
1.793485
1.961681
1.922049
1.924125
1.347728
1.814202
1.593458
1.692407
1.928380
1.957740
1.531856
1.796108
1.711548
1.431290
1.821512
1.396597
1.444206
1.696150
1.441837
1.513181
1.881323
1.434811
1.799235
1.771738
1.741958
1.711536
1.933301
1.888475
1.126323
1.541868
1.975168
1.712032
1.720556
1.091341
1.423404
1.849724
1.276879
1.603968
1.876297
1.150427
1.913431
1.491961
1.700627
1.463999
1.263095
1.555876
1.634294
1.118981
1.723076
1.947128
1.920845
1.860015
1.889228
1.289064
1.367069
1.779583
1.774147
1.598323
1.899580
1.140685
1.945634
1.558163
1.745947
1.241991
1.267344
1.960486
1.564215
1.765412
1.660035
1.776721
1.974074
1.923179
1.569029
1.963415
1.439120
1.778365
1.143731
1.782483
1.384573
1.928827
1.360112
1.814731
1.830777
1.751309
1.663463
1.663193
1.637802
1.775719
1.749346
1.937582
1.632488
1.235141
1.965619
1.995358
1.864191
1.966730
1.456490
1.470207
1.755829
1.586000
1.914515
1.904830
1.591643
1.341798
1.527259
1.154421
1.802596
1.549681
1.777910
1.764892
1.954641
1.939845
1.847987
1.675135
1.628504
1.946784
1.201702
1.779449
1.491043
1.844078
1.552913
1.799782
1.577398
1.463165
1.566689
1.890706
1.741475
1.381626
1.494441
1.759180
1.691395
1.667665
1.644219
1.780345
1.708277
1.600906
1.939514
1.514099
1.727766
1.642591
1.847155
1.840446
1.802973
1.613678
1.053110
1.788761
1.406045
1.400707
1.303527
1.720871
1.776638
1.848358
1.400387
1.248874
1.518471
1.977755
1.637482
1.387645
1.966837
1.587238
1.769912
1.751341
1.701748
1.593817
1.017914
1.776613
1.553342
1.467316
1.942759
1.416501
1.594485
1.928629
1.642317
1.365025
1.253715
1.702478
1.750465
1.427945
1.939885
1.688603
1.561651
1.739289
1.367636
1.861015
1.871078
1.817127
1.419624
1.795678
1.914448
1.313840
1.459269
1.336820
1.746266
1.657612
1.915916
1.962415
1.541220
1.634442
1.747018
1.618952
1.266494
1.223424
1.588412
1.520353
0.840971
1.486614
1.035996
1.069904
1.708666
1.553180
1.735254
1.416746
1.946478
1.472257
1.856766
1.497376
1.988664
1.762479
1.364665
1.573414
1.985035
0.953695
1.280403
1.945953
1.226180
1.166756
1.619867
1.762543
1.249812
1.846842
1.452233
1.392945
1.691738
1.595421
0.965232
1.335707
1.609320
1.492128
1.488131
1.390977
1.169762
1.610909
1.764833
1.224996
1.999128
1.253449
1.256318
1.800160
1.874182
0.937260
1.777826
1.729464
1.471723
1.842960
1.599743
1.819778
1.635901
1.955392
1.363216
1.794804
1.148898
1.664561
0.972285
1.561899
1.796709
1.032201
1.891633
1.924335
1.763321
1.392070
1.795536
1.846237
1.363324
1.324080
1.520201
1.492308
1.494047
1.726376
1.355403
1.752574
1.802534
1.683194
1.106403
1.324449
1.995880
1.752232
1.417322
1.838229
1.674541
0.824089
1.194801
1.734833
1.933016
1.330292
1.372512
1.500268
1.496850
1.611686
1.800732
1.411121
1.479127
1.789048
1.094887
1.889610
1.960303
0.972665
1.808825
1.632956
1.858567
1.622207
1.663305
1.582799
1.268605
1.876975
1.968827
1.842434
1.088955
1.667566
1.191765
1.344297
1.800386
1.951669
0.895377
1.997952
1.168901
1.171068
1.705954
1.211049
1.103950
0.995374
1.378618
1.445155
1.940035
1.294135
1.815769
1.152404
1.743635
1.725215
1.764056
1.989259
1.758005
1.213486
1.988339
1.988746
1.297500
1.284867
1.353343
0.971850
1.019859
1.412029
1.451236
1.744122
1.527087
1.724961
1.777260
1.661955
1.776800
1.425200
1.465948
1.913234
1.375010
1.523689
1.407880
1.596498
1.935678
1.949406
0.875500
1.100734
1.586468
1.254870
1.291262
0.949623
1.058273
1.436865
1.788513
1.516683
1.852370
1.193306
1.708940
0.911283
1.994677
1.639468
1.816207
1.984380
1.805632
1.910518
1.996078
1.929825
0.972479
1.945920
1.948594
1.419851
1.649137
1.204025
1.453242
0.805110
1.227948
1.731300
1.197580
1.470193
1.869810
1.492823
1.919357
1.377763
0.874870
1.938431
1.624326
1.711217
1.386508
1.908862
1.224305
