1.927746
1.893858
1.875892
1.655612
1.947634
1.958011
1.810018
1.980051
1.971295
1.893549
1.991924
1.825986
1.864121
1.828352
1.582905
1.957977
1.915598
1.953029
1.981061
1.705483
1.905137
1.964068
1.881238
1.730923
1.703923
1.852614
1.869837
1.645123
1.970613
1.668032
1.960915
1.974935
1.802763
1.976440
1.895433
1.999951
1.855279
1.863615
1.552695
1.770212
1.953179
1.845404
1.731179
1.751346
1.865592
1.851202
1.689839
1.890194
1.875264
1.948307
1.903108
1.606711
1.769014
1.613095
1.927818
1.911160
1.856380
1.712116
1.912417
1.902873
1.892732
1.888309
1.861913
1.998564
1.683938
1.716794
1.694862
1.867324
1.668572
1.626866
1.462796
1.966615
1.664528
1.816356
1.814227
1.952273
1.883334
1.493684
1.562435
1.765434
1.817384
1.878683
1.621785
1.762879
1.492319
1.729551
1.957582
1.390900
1.907887
1.905142
1.816587
1.829198
1.851540
1.379279
1.517501
1.864401
1.469226
1.734811
1.721718
1.476655
1.597919
1.921183
1.980325
1.790951
1.536809
1.640522
1.765324
1.799218
1.560505
1.915082
1.736340
1.585961
1.803476
1.838533
1.685901
1.675391
1.731770
1.889241
1.509377
1.842765
1.612184
1.576670
1.615422
1.728237
1.970364
1.362032
1.839542
1.724712
1.381341
1.781466
1.326872
1.440085
1.359163
1.825362
1.797127
1.780697
1.592868
1.953764
1.674574
1.659668
1.481085
1.450121
