1.793401
1.863677
1.674443
1.617189
1.784451
1.626383
1.942591
1.871565
1.569939
1.946290
1.739569
1.928269
1.768737
1.762855
1.988904
1.892045
1.954308
1.953986
1.725671
1.970387
1.923684
1.662166
1.908850
1.734614
1.978534
1.880889
1.902777
1.895409
1.816544
1.693500
1.575093
1.703946
1.920508
1.988174
1.602939
1.805240
1.836105
1.878182
1.764944
1.782036
1.979256
1.925019
1.547486
1.619174
1.813103
1.846527
1.470029
1.776073
1.740297
1.803413
1.691966
1.948702
1.948185
1.873075
1.761153
1.965947
1.859973
1.795612
1.985013
1.343672
1.658059
1.905073
1.862780
1.970326
1.706840
1.726051
1.915706
1.928175
1.729648
1.908027
1.762443
1.991389
1.690675
1.478054
1.641765
1.818170
1.477288
1.199383
1.768381
1.666158
1.854353
