1.916208
1.998541
1.839426
1.571861
1.995243
1.594983
1.908519
1.827473
1.664247
1.839936
1.856261
1.852702
1.863617
1.986415
1.990349
1.893392
1.951854
1.830996
1.930413
1.756999
1.815421
1.750390
1.936715
1.779940
1.981494
1.660064
1.949685
1.416966
1.701599
1.485051
1.993144
1.627332
1.822266
1.574462
1.981098
1.996240
1.901214
1.908832
1.838798
1.993052
1.998726
1.629506
1.922979
1.865382
1.659009
1.795111
1.829694
1.698530
1.866236
1.819375
1.904655
1.927492
1.971565
1.885291
1.827645
1.700508
1.618415
1.697496
1.882034
1.496674
1.457021
1.989584
1.691234
1.549391
1.949077
1.967975
1.799329
1.781095
1.747187
1.665884
1.424844
1.803208
1.871889
1.948496
1.346348
1.918757
1.739077
1.395383
1.892635
1.763177
1.794121
1.693305
1.446910
1.658926
1.342950
1.311482
1.899478
1.920817
1.652264
