1.986479
1.982290
1.886881
1.630704
1.963104
1.954728
1.998963
1.863324
1.638251
1.858441
1.866854
1.747841
1.900121
1.964066
1.836899
1.790045
1.636406
1.802681
1.842632
1.809606
1.733920
1.981149
1.830790
1.901982
1.761128
1.925436
1.948696
1.668268
1.671177
1.857033
1.975037
1.930319
1.844733
1.915420
1.985987
1.961265
1.843051
1.746698
1.869662
1.794919
1.912381
1.714430
1.959786
1.741815
1.901949
1.564135
1.620905
1.845443
1.948583
1.817174
1.633990
1.777936
1.674667
1.838030
1.868578
1.862245
1.647237
1.985248
1.844044
1.750585
1.805250
1.927676
1.838584
1.994364
1.621177
1.893328
1.829144
1.757043
1.939579
1.892151
1.565615
1.740336
1.810907
1.511330
1.544634
1.939695
1.655057
1.847309
1.856838
1.964384
1.976596
1.759421
1.960703
1.724508
1.695023
1.654114
1.658537
1.993211
1.897050
1.681664
1.747336
1.918223
1.626264
1.867485
1.451587
1.852936
1.904349
1.535297
1.972483
1.592423
1.774058
1.853921
1.735702
1.806427
1.851693
1.785323
1.807917
1.583036
1.894352
1.780864
1.866604
1.982073
1.582564
1.647418
1.661539
1.714956
1.905326
1.962196
1.678785
1.895339
1.814100
1.565002
1.575416
1.587240
1.383027
1.976338
1.940372
1.887597
1.579855
1.671567
1.710616
1.822128
1.852812
1.954066
1.744341
1.651231
1.489400
1.409691
1.346216
1.829328
1.949345
1.990985
1.895336
1.627816
1.999557
1.950365
1.465484
1.902331
1.707020
1.995145
1.577335
1.662751
1.780705
1.763430
1.902407
1.577936
1.410580
1.971328
1.644356
1.647628
1.899537
1.863755
1.690424
1.506506
1.912492
1.338820
1.995557
1.698284
1.643843
1.952272
1.635055
1.700863
1.756941
1.744834
1.274717
1.485120
