1.925278
1.930194
1.899119
1.673730
1.811218
1.897488
1.829708
1.931406
1.981419
1.972319
1.982836
1.977044
1.875259
1.965563
1.841624
1.860560
1.766036
1.839340
1.722978
1.895046
1.943514
1.883459
1.934800
1.765488
1.862660
1.686812
1.908003
1.728524
1.881126
1.981725
1.917434
1.844910
1.928676
1.915692
1.857873
1.661325
1.835857
1.674082
1.992989
1.906167
1.856894
1.605281
1.709357
1.860281
1.918046
1.827742
1.763958
1.792460
1.787653
1.947659
1.979151
1.918103
1.885448
1.702538
1.967932
1.825580
1.891480
1.971692
1.956334
1.864194
1.874125
1.841319
1.946444
1.730135
1.866894
1.954862
1.665540
1.743505
1.976200
1.769328
1.775505
1.783025
1.800519
1.886204
1.899357
1.857976
1.693510
1.635081
1.558502
1.739636
1.840977
1.914456
1.925807
1.719350
1.699646
1.737966
1.988162
1.908973
1.689478
1.625131
1.717874
1.814957
1.626053
1.978164
1.768424
1.493147
1.544472
1.854516
1.912189
1.977359
1.754493
1.680022
1.864311
1.617087
1.934050
1.462074
1.585643
1.817978
1.451957
1.819464
1.488147
1.681683
1.884789
1.489951
1.522186
1.347992
1.342126
1.482041
1.778385
1.482145
1.855895
1.355415
1.573315
1.867879
1.591976
1.813087
1.677678
1.475698
1.589324
1.441133
1.805354
1.503630
1.515327
1.480948
1.630548
1.855237
1.881662
1.868830
1.505167
1.989348
1.584972
1.782089
1.518619
1.600158
1.710158
1.503794
1.944290
