1.984415
1.927946
1.795398
1.771131
1.971526
1.738479
1.809182
1.912654
1.856666
1.818146
1.986686
1.886222
1.969560
1.837714
1.853709
1.930097
1.971021
1.994437
1.879166
1.758657
1.688669
1.755877
1.833131
1.957160
1.617135
1.886753
1.823732
1.896847
1.755846
1.804972
1.932948
1.861184
1.620965
1.694548
1.789165
1.846552
1.975169
1.653095
1.916388
1.682804
1.802697
1.707633
1.877593
1.929379
1.853320
1.915268
1.947722
1.937210
1.743364
1.800300
1.721921
1.869460
1.907148
1.655369
1.768859
1.823315
1.589470
1.848411
1.837626
1.791215
1.705199
1.849469
1.729732
1.798179
1.982056
1.649358
1.640231
1.792721
1.914619
1.864096
1.857984
1.781712
1.477926
1.994657
1.791490
1.850546
1.549125
1.904996
1.734655
1.658571
1.899557
1.836885
1.418946
1.790503
1.497408
1.774107
1.749265
1.999654
1.881771
1.426295
1.775228
1.544023
1.635068
1.504683
1.557853
1.631596
1.908512
1.936206
1.933173
1.416620
1.606047
1.970240
1.720583
1.385237
1.325828
1.972929
1.595942
1.264629
1.610631
1.683378
1.976356
1.891221
1.915108
1.801826
1.908079
1.886099
1.713849
1.896717
1.895072
1.192237
1.955263
1.749480
1.901728
1.864463
1.328617
1.940173
