1.934044
1.894519
1.824460
1.972450
1.867923
1.992305
1.857365
1.888286
1.935315
1.933416
1.997153
1.694669
1.898558
1.625439
1.894586
1.784971
1.978205
1.833435
1.946622
1.853652
1.768472
1.715929
1.620884
1.790485
1.647172
1.615703
1.827985
1.880219
1.911472
1.757481
1.754582
1.764742
1.720406
1.864658
1.818124
1.700767
1.996841
1.982699
1.691373
1.987494
1.599009
1.806452
1.972982
1.879844
1.983082
1.889965
1.757584
1.920245
1.720800
1.978467
1.888830
1.663568
1.683625
1.937730
1.810331
1.960896
1.815414
1.846054
1.658740
1.738745
1.968713
1.532203
1.748431
1.756555
1.661635
1.799056
1.502609
1.500573
1.678890
1.854662
1.657466
1.584048
1.662371
1.673159
1.858989
1.862135
1.813009
1.994783
1.891029
1.977046
1.730880
1.763382
1.694547
1.726925
1.753602
1.861115
1.576712
1.787401
1.546429
1.777961
1.634510
1.868660
1.869295
1.538643
1.671971
1.853014
1.897365
1.853585
1.737916
1.584500
1.670709
1.858327
1.735931
1.720491
1.488293
1.709360
1.401230
1.902207
1.619473
1.916174
1.881030
1.835764
1.473245
1.612485
1.573856
1.498110
1.760030
1.451718
1.978448
1.737722
1.602236
1.617263
1.664472
1.855516
1.556418
1.816224
1.397441
1.978257
1.832431
1.462714
1.564825
1.824988
1.839267
1.450977
1.466791
1.968947
1.677386
1.595779
1.872741
1.814412
1.574667
1.817675
1.916701
1.662817
1.860847
1.402451
1.426189
1.929435
1.890392
1.443237
1.495917
1.887598
1.843739
1.933729
1.570476
1.544799
1.782145
1.604603
1.869043
1.893776
1.400509
1.812314
1.430249
1.263706
1.972703
