1.883225
1.827443
1.743775
1.246435
1.789499
1.616417
1.934979
1.975882
1.615870
1.692047
1.434683
0.996650
1.449934
1.571384
1.958863
1.479536
1.988401
1.705914
1.330811
1.570361
1.597093
1.910422
1.977748
1.411412
1.781416
1.989060
1.842376
1.537797
1.926549
1.120048
1.659728
1.445111
1.764420
1.672588
1.467277
1.788200
1.665920
1.516367
1.847057
1.716330
1.808223
1.733857
1.792538
1.373593
1.971709
1.182904
1.449165
1.801494
1.543792
1.646460
1.673981
1.792978
1.217446
1.765734
1.563390
1.304224
1.303665
0.816419
1.675465
1.190469
1.971347
1.884892
1.943236
1.252693
1.751930
1.319784
1.497485
1.793650
1.676350
1.753319
1.553857
1.389195
1.405639
1.851015
1.313020
1.092183
1.937871
1.345915
1.993370
1.985714
1.378028
1.942865
1.751210
1.169547
1.987286
1.384559
1.427159
1.819186
1.495353
1.925288
1.877189
1.982519
0.975436
1.648702
1.376991
1.316869
1.350460
1.564329
1.699705
1.620959
1.479620
1.810912
1.687954
1.285698
1.937012
1.875822
1.460861
1.618751
1.840390
1.306963
1.194078
1.810888
1.303557
1.830370
1.819444
1.855769
1.788433
1.532093
1.106344
1.253546
1.545864
1.627373
1.294015
1.563534
1.354952
1.639951
1.687132
1.229382
1.377861
1.821330
1.567040
1.638925
1.683298
1.414110
1.076602
1.499281
1.162420
1.776497
1.184909
1.491200
1.510709
1.642239
1.530537
1.849015
1.744924
1.895127
1.077980
1.817230
1.326241
1.965397
1.580119
1.634354
1.379731
1.936585
1.757699
1.622877
1.270639
1.148549
1.742194
1.640704
1.909482
1.617008
1.425970
1.619631
1.358111
1.787023
1.572765
1.540406
1.915371
1.810645
1.654971
0.991201
1.680500
1.959628
1.829984
1.484026
1.626176
1.711681
1.146429
1.760908
1.056051
1.679441
1.499161
1.778452
1.996754
1.406852
0.898874
1.765701
1.467960
1.985284
1.795891
1.350441
1.679673
1.679275
1.454241
1.791158
1.180560
1.789691
1.572750
1.853775
1.956223
1.918223
1.986231
1.603636
1.317942
1.896081
1.749775
1.366208
1.997859
1.823682
1.719944
1.193556
1.332255
1.298217
1.143079
1.231126
1.412332
1.662524
1.403465
1.563560
1.272886
1.590791
1.224034
0.944707
1.960535
1.260822
1.831507
1.238666
1.679515
1.418332
1.619435
1.139885
1.791407
1.172115
1.745794
1.797470
1.319466
1.371614
1.324779
1.858062
1.644558
1.015352
1.458467
1.520023
1.561968
1.881056
1.717503
0.826023
1.166804
1.572474
1.595597
1.529159
0.999603
1.510647
1.399914
1.501218
1.223682
1.870768
1.727470
1.267991
1.968218
1.982191
1.874659
0.919087
1.619359
1.765007
1.979663
1.772741
1.277296
0.927685
1.837759
1.474952
1.981372
1.389036
1.041903
1.764778
1.001077
1.805459
1.948403
0.893447
1.958217
1.400422
1.194568
1.663382
1.897777
1.885826
1.812261
1.482129
1.620329
1.479560
1.241300
1.430753
1.920094
1.406613
1.925694
1.820535
1.909250
1.476971
0.876203
1.245798
1.109795
1.346468
1.243616
1.485653
1.538015
1.100030
1.143733
1.672664
1.217018
1.589924
1.989632
1.621400
1.684973
0.886457
1.427722
1.184285
0.816788
1.963167
1.016604
1.910068
1.955183
1.868413
1.903311
