1.977263
1.962594
1.971531
1.978784
1.905501
1.920718
1.965791
1.931380
1.808557
1.912029
1.790634
1.785885
1.831396
1.794705
1.723158
1.981775
1.884508
1.915188
1.998334
1.728339
1.833183
1.941827
1.766249
1.891310
1.914152
1.845837
1.889595
1.929790
1.970115
1.845049
1.933714
1.726461
1.806258
1.745213
1.955861
1.927257
1.795023
1.986071
1.921658
1.950112
1.941679
1.749368
1.492408
1.734073
1.681968
1.801642
1.884545
1.742908
1.766998
1.467031
1.957152
1.815959
1.738309
1.587880
1.816523
1.758236
1.720943
1.740238
1.985755
1.671838
1.910044
1.803952
1.938747
1.942553
1.944392
1.886020
1.959436
1.901502
1.978583
1.906878
1.950265
1.845078
1.629793
1.840014
1.945836
1.766590
1.988728
1.600283
1.741654
1.817402
1.978548
1.793607
1.622619
1.728567
1.914105
1.784188
1.827562
1.720465
1.961895
1.770133
1.913482
1.863961
1.681971
1.843532
1.845708
1.710712
1.928067
1.887263
1.902182
1.994815
1.765288
1.585982
1.962360
1.451041
1.987537
1.709746
1.720001
1.830311
1.714300
1.854589
1.679487
1.673024
1.832134
1.850726
1.469410
1.744365
1.701820
1.960927
1.627103
1.411596
1.881063
1.440824
1.799545
1.650512
1.875019
1.493100
1.673320
1.493506
1.652275
1.554136
1.966329
1.770929
1.756100
1.900629
1.650447
1.942361
1.597387
1.712606
1.811821
1.553732
1.956865
1.686253
1.708798
1.957741
1.583805
1.369588
1.419391
1.824648
1.814543
1.504078
1.883846
1.280106
1.927812
1.832420
1.744396
1.605691
1.750486
1.577043
1.589146
1.367612
1.791871
1.926782
1.907394
1.500280
1.447110
1.881482
1.365750
1.691564
1.559509
1.690103
1.849409
1.442954
1.808434
1.701123
