1.710843
1.940134
1.880060
1.412397
1.959652
1.463791
1.571356
1.816679
1.393178
1.112707
1.651823
1.820859
1.545899
1.700381
1.749885
1.549629
1.835631
1.861645
1.985131
1.911067
1.819735
1.774229
1.632060
1.516828
1.755081
1.876962
1.628528
1.833611
1.977942
1.231102
1.353606
1.549911
1.321995
1.986659
1.780205
1.633701
1.753402
1.555068
1.906435
1.927150
1.505798
1.794684
1.871717
1.891740
1.788111
1.959112
1.878782
1.496385
1.929947
1.483822
1.564989
1.984801
1.698265
1.910989
1.698768
1.644267
1.979804
1.765299
1.716290
1.863882
1.485157
1.253228
1.934466
1.674343
1.649208
1.942901
1.923838
1.991532
1.689953
1.933066
1.889752
1.787031
1.919730
1.577373
1.845432
1.896004
1.899830
1.638556
1.403568
1.667324
1.333854
1.931157
1.774853
1.765767
1.381757
1.910229
1.311638
1.704961
1.851791
1.980678
1.980521
1.712240
1.917094
1.725714
1.827527
1.533403
1.942428
1.790594
1.183270
1.472508
1.624425
1.390408
1.946395
1.746134
1.639050
1.901287
1.665403
1.793523
1.984185
1.965069
1.621697
1.885077
1.884775
1.713405
1.881897
1.656809
1.812936
1.217665
1.536718
1.900120
1.660668
1.570849
1.869259
1.662470
1.783605
1.941693
1.550467
1.068827
1.466217
1.767022
1.992658
1.323033
1.800101
1.625288
1.823674
1.440128
1.947218
1.514293
1.847610
1.113897
1.630593
1.921084
1.253435
1.622091
1.731223
1.246090
1.899763
1.880113
1.185027
1.443852
1.525212
1.841061
1.906511
1.931043
1.157032
1.524430
1.687722
1.740599
1.832980
1.962238
1.795951
1.679887
1.304001
1.648420
1.982872
1.584051
1.678848
1.562235
1.214820
1.279925
1.206929
1.358939
1.160372
1.816064
1.228085
1.917042
1.402979
1.280621
1.280401
1.148067
1.844563
0.998655
1.732612
1.034760
1.593869
1.852600
1.574186
1.227949
1.844811
1.844694
1.908002
1.719699
1.901001
1.315893
1.372526
1.459159
1.851625
1.946850
1.616382
1.788958
1.582282
1.343892
1.312895
1.725532
1.959173
1.623918
1.527791
1.705669
1.615842
1.339077
1.747120
1.130437
1.404457
1.488403
1.964930
1.499450
1.891498
1.420534
1.799651
1.764518
1.690188
1.766220
1.515174
1.223558
1.740555
1.835052
1.312979
1.289644
1.568976
1.894143
1.887483
1.585887
1.749893
1.667729
1.926623
1.934768
1.895216
1.344147
1.599198
1.373446
1.382688
1.597200
1.356939
1.835049
1.985527
1.246076
1.778761
1.352073
1.995206
1.384735
1.713361
1.072466
1.535215
1.846544
1.634148
1.849598
1.768784
1.991186
1.603040
1.531906
1.870098
1.793490
1.804638
1.756599
1.741807
1.526311
1.265594
1.810357
1.547299
1.773143
1.426074
1.612920
1.949507
1.994062
1.825241
1.356136
1.729861
1.803657
1.812231
1.858786
1.298032
1.938776
1.476558
1.569006
1.394958
1.676948
1.900907
1.575178
1.522418
1.878728
1.282483
1.615882
1.541428
1.602740
1.107945
1.247835
1.721154
1.500677
1.889443
1.886410
1.617575
1.652830
1.585312
1.366289
1.182125
1.646022
1.242402
1.496205
1.349197
1.539087
1.835490
1.458073
1.722471
1.767323
1.966538
1.564720
1.575432
1.527078
1.931726
1.249096
1.410783
1.768675
1.974791
1.662514
1.821382
1.990916
1.810708
1.780605
1.716712
1.794731
1.928291
1.719749
1.197159
1.648378
1.620437
1.385544
1.390212
1.470380
1.593539
1.385170
1.093329
1.535496
1.092823
1.669732
1.276354
1.995228
1.837545
1.859838
1.044207
1.837268
1.854437
1.601372
1.135807
1.998406
1.112434
1.795132
1.266537
1.221451
1.536554
1.099169
1.263901
1.540534
1.870815
0.982973
1.970046
1.914402
1.953951
1.530603
1.402633
1.471782
1.135795
1.371670
1.426211
1.626733
1.574067
1.504138
1.906467
1.754278
1.482715
1.556413
1.655774
1.765135
1.513767
1.639156
1.250844
1.125233
1.725917
1.669622
1.754129
1.412075
1.975889
1.943246
1.496430
1.390561
1.573184
1.286487
1.285187
1.843313
1.894630
1.388681
1.305611
1.633329
1.912177
1.808507
1.502965
1.405446
1.776040
1.724107
1.298181
1.747743
1.245182
1.722696
1.669741
1.429631
1.393622
1.258841
1.760252
1.833225
1.413691
1.598642
1.800854
1.832623
1.685499
1.928235
1.252633
1.995509
1.686673
1.322205
1.968529
1.547843
1.418373
1.881853
1.940792
1.364623
1.932053
1.080331
1.616305
1.921634
1.455947
1.494149
1.656527
1.436829
1.725163
1.523117
1.526578
1.813680
1.004390
1.614290
1.924901
1.702185
1.909806
1.693277
1.590901
1.328054
1.511758
1.990530
1.313401
1.694831
1.486594
1.943684
1.950277
0.987400
1.620177
1.608927
1.798343
1.373002
1.152794
1.812850
1.652823
1.885294
1.663512
1.352369
1.967378
1.810100
0.909854
1.263035
1.664321
1.557768
1.396566
1.059722
1.287130
1.388777
1.520272
1.590041
1.256734
1.997439
1.726127
1.759360
1.504010
1.448549
1.989176
1.926083
1.826860
1.542056
1.647824
1.231022
1.942807
1.077449
1.925395
1.499721
1.305342
1.736339
1.448047
1.757523
1.525349
1.203491
1.896896
1.856089
1.120516
1.515285
1.983411
0.929056
1.968306
1.962954
1.869521
1.539500
1.261352
1.137871
1.659787
1.506653
1.989986
1.394717
1.495329
1.612192
1.834810
1.119511
1.074874
1.388869
1.395591
1.315735
0.945630
1.843080
1.394157
1.614356
1.687683
1.942494
1.454690
0.972957
1.332260
1.346401
1.212850
1.802678
1.809493
1.443121
1.274161
1.785773
1.208466
0.992145
1.521076
1.875974
1.256429
1.349262
1.739302
1.816892
1.247775
1.515558
1.976697
1.573341
1.224622
1.374260
1.860934
1.667578
1.807032
0.992422
1.918014
1.567107
1.105755
1.859564
1.630676
1.653114
1.525342
1.973209
1.275504
1.420193
1.741476
1.625613
1.967292
1.221851
1.325026
1.463489
1.137495
1.383179
1.633758
1.937753
1.481400
1.958933
1.133442
1.306802
1.346601
1.859227
1.233028
1.939544
1.015232
1.866178
1.555817
1.781574
1.185515
1.744299
1.004040
1.884726
1.539681
1.052208
1.608682
1.097735
1.796236
1.622700
1.521841
1.219407
1.157207
1.585652
1.224299
1.550050
1.620313
1.109522
1.714243
1.715321
1.896479
1.444717
1.468206
1.178146
0.794686
1.946786
1.026141
1.473571
1.471023
1.017893
1.688037
1.075998
1.203148
1.010363
0.966104
1.704614
1.703517
1.357010
1.523620
1.641792
1.570920
1.707821
1.534319
1.561439
0.985214
0.856555
1.158622
1.267315
1.002438
1.076137
1.224270
1.547584
0.964841
1.470935
0.757535
1.100159
1.719995
1.519941
1.209727
1.065043
0.981856
1.620855
1.926885
1.024468
1.729918
1.915738
1.792205
