1.991826
1.925710
1.636090
1.995381
1.778078
1.846400
1.926584
1.919591
1.997266
1.945226
1.938013
1.923879
1.672328
1.872713
1.645002
1.909960
1.911727
1.903792
1.521269
1.979416
1.818977
1.801281
1.923911
1.580787
1.735979
1.896789
1.996749
1.674428
1.884324
1.715156
1.767273
1.918518
1.929398
1.661486
1.640667
1.945747
1.674493
1.733399
1.670333
1.674644
1.518712
1.617496
1.806931
1.798426
1.962897
1.556436
1.897458
1.513721
1.805253
1.968084
1.343884
1.821238
1.950040
1.844579
1.347387
1.707803
1.927457
1.752018
1.749403
1.504703
1.883359
1.943572
1.586033
1.916270
1.974325
1.974170
1.704601
1.832051
1.525278
1.848359
1.851962
1.855299
1.606492
