1.962636
1.974288
1.831611
1.825365
1.702395
1.886404
1.914221
1.993910
1.856634
1.767092
1.735437
1.906164
1.974548
1.898618
1.671688
1.886422
1.909084
1.661212
1.839372
1.834346
1.766305
1.827202
1.666619
1.921300
1.963688
1.650801
1.842373
1.951986
1.996536
1.868810
1.782776
1.945993
1.753406
1.867811
1.770871
1.915757
1.854020
1.838747
1.979953
1.709986
1.859733
1.818292
1.865731
1.793577
1.918379
1.845098
1.916712
1.947881
1.662798
1.997905
1.971100
1.827821
1.687041
1.979981
1.898213
1.524410
1.771155
1.547773
1.859729
1.614827
1.984428
1.533788
1.736015
1.801951
1.906238
1.653846
1.966401
1.500952
1.803533
1.491401
1.929366
1.964403
1.625139
1.951976
1.743020
1.574046
1.924167
1.569915
1.828249
1.977905
1.454092
1.983780
1.898699
1.802025
1.956728
1.534647
1.986110
1.868996
1.974222
1.613116
1.719570
1.747922
1.949806
1.964308
1.623699
1.694624
1.805205
1.778288
1.860863
1.541181
1.494083
1.853341
1.843171
1.940203
1.998242
1.733134
1.773237
1.811797
1.769542
1.804865
1.799139
1.947324
1.533630
1.821883
1.523629
1.889758
1.388050
1.621947
1.970163
1.425743
1.662016
1.951341
1.984616
1.692253
1.895706
1.943956
1.987322
1.529172
1.741423
1.984395
1.632278
1.562919
1.983802
1.625276
1.623920
1.519535
1.749268
1.601148
1.612357
1.388400
1.733202
1.847854
1.415558
1.685570
1.416785
1.967779
1.739321
1.869082
1.939157
1.687987
1.506444
1.638503
1.918381
1.630931
1.262809
1.903859
1.771679
1.318389
1.998913
1.568663
1.528884
1.279755
1.652641
1.671046
1.435786
1.603167
1.665774
1.863575
1.213227
1.696033
1.289190
