1.964355
1.845168
1.771681
1.971636
1.952280
1.944256
1.784215
1.620491
1.816945
1.914369
1.583873
1.758983
1.958261
1.905471
1.960614
1.926420
1.826654
1.903896
1.820827
1.777846
1.768143
1.578329
1.831323
1.865430
1.983771
1.743016
1.793893
1.837387
1.860771
1.581403
1.755519
1.803476
1.863952
1.963776
1.893865
1.705258
1.593895
1.758998
1.784860
1.839491
1.798082
1.893131
1.899082
1.655209
1.462204
1.955047
1.612258
1.859248
1.863118
1.660968
1.888910
1.640402
1.493463
1.853907
1.803885
1.986498
1.802274
1.616417
1.626424
1.823273
1.904007
1.623289
1.960523
1.811804
1.731160
1.733450
1.641863
1.707115
1.989098
1.997170
1.634758
1.748430
1.634849
1.738710
1.790717
1.598323
1.936166
1.483431
1.414766
1.750241
1.455358
1.982471
1.956495
1.437657
1.429372
