1.933694
1.812247
1.729685
1.960099
1.387347
1.560963
1.866620
1.608869
1.395277
1.769941
1.509693
1.858072
1.310637
1.582789
1.588876
1.713487
1.709162
1.848342
1.771520
1.841586
1.731516
1.291835
1.647909
1.593291
1.991083
1.899589
1.934235
1.359320
1.767022
1.416688
1.879603
1.282866
1.448259
1.985219
1.878735
1.954662
1.295691
1.412053
1.228819
1.991175
1.999313
1.546711
1.057953
1.404467
1.318599
1.521750
1.494519
1.837689
1.814192
1.058225
1.651350
1.369340
1.646574
1.748117
1.862112
1.901188
1.984524
1.997206
1.487385
1.870772
1.488662
1.935461
1.930266
1.864358
1.970480
1.689734
1.239068
1.628683
1.997494
1.549694
1.437448
1.999793
1.557785
1.336117
1.923925
1.953307
1.745701
1.490587
1.891925
1.760159
1.667619
1.583598
1.526815
1.932758
1.866216
1.892373
1.670584
1.759468
1.406939
1.864347
1.813264
1.523055
1.477429
1.436049
1.240286
1.978323
1.484962
1.669495
0.945090
1.574143
1.849833
1.741177
1.621833
1.339134
1.754903
1.865115
1.821754
1.580061
1.775764
1.538136
1.323167
1.170716
1.528796
1.831232
1.702123
1.803036
1.809306
1.427292
1.308479
1.164940
1.555985
1.912202
1.549872
1.963205
1.632784
1.096229
1.457253
1.552463
1.974708
1.601206
1.792506
1.134122
1.619015
1.418138
1.926347
1.773406
1.991154
1.179949
1.132353
1.896378
1.401011
1.983291
1.465076
1.946909
1.860832
1.956354
1.893066
1.990102
1.429908
1.736808
1.157403
1.749152
1.726325
1.793614
1.755313
1.668948
1.311045
1.444016
1.850137
1.619116
1.814808
1.912319
1.630794
1.987082
1.492457
1.222654
1.951723
1.530274
1.565184
1.327825
1.967462
1.874088
1.903358
1.579129
1.662509
1.438693
1.568656
1.815565
1.323774
1.670467
1.278645
1.724933
1.989154
1.611213
1.627705
1.727551
1.970982
1.937429
1.550619
1.924015
1.531544
1.401929
1.879884
1.687348
1.695379
1.657839
1.865346
1.374621
1.523920
1.392815
1.400688
1.649889
1.340374
1.405528
1.309082
1.482419
1.469209
1.985633
1.657944
1.237094
1.735476
1.971789
1.721120
1.030302
1.958411
1.695963
1.560153
1.464748
1.174544
1.680758
1.972362
1.176907
1.662633
1.694693
1.870973
1.959409
1.550900
1.262824
1.701633
1.683714
1.876599
1.960342
1.300634
1.602396
1.883229
1.431559
1.854982
1.735924
1.118890
1.944383
1.254932
1.532726
1.633375
1.281282
1.953454
1.019044
1.853071
1.840405
1.462648
1.606431
1.816982
1.300084
1.941685
1.745253
1.087118
1.918922
1.007197
1.297935
1.951277
1.088522
1.864440
1.171819
1.537524
1.866265
1.531576
1.203022
1.843222
1.776918
1.165104
1.582397
1.198683
1.795145
1.352453
1.646108
1.960743
1.642199
1.996233
1.469315
1.102276
1.331674
1.556041
1.659840
1.727568
1.405809
1.201046
1.226427
1.368366
1.148566
1.540064
1.054948
1.996535
1.684570
1.950894
1.807068
1.933833
1.282993
1.272081
1.683781
1.675796
1.705372
1.144965
1.661334
1.583462
1.653599
1.776110
1.271523
1.373486
1.999263
1.850381
1.915898
1.947786
1.970957
1.735868
1.629114
1.872262
1.990519
1.928496
1.502189
1.970612
1.435536
1.496826
1.867504
1.313980
1.620197
1.277671
1.683536
1.673607
0.984555
1.653491
1.688552
1.513200
1.229807
1.256634
1.687797
1.880631
1.235769
1.792063
1.888910
1.231306
1.748203
1.718139
1.145250
1.852986
1.287974
1.165007
1.404604
1.835898
1.174376
1.424945
1.441181
1.394546
1.512506
1.588595
1.326684
1.633427
1.791208
1.844242
1.577302
1.008163
1.475953
1.853417
1.478207
1.323571
1.212345
1.431645
1.128369
1.350417
1.734386
1.991451
1.994499
1.588056
1.837211
1.176509
1.313143
1.761864
1.658940
1.544007
1.452588
1.271585
1.872655
1.846847
1.864084
1.283948
1.169170
1.495823
1.468466
1.648476
1.693364
0.965247
1.769787
1.766917
1.927413
1.660284
1.452943
1.233997
1.588594
1.500581
1.053371
1.481790
1.314813
1.890475
1.199007
1.534066
1.980168
1.493036
1.515056
1.702014
1.574808
1.343935
1.354939
1.399928
1.433252
1.745404
1.309042
1.133081
1.662398
1.682850
1.753608
1.048178
1.383703
1.787881
1.628356
1.697857
1.637492
1.391329
1.932373
1.839257
1.235726
1.493739
1.494065
1.593341
1.047409
1.364061
1.642473
1.384311
1.106419
1.134928
1.601070
1.990093
1.796042
1.302360
1.836273
1.543394
1.019815
1.893592
1.268282
1.851705
1.331724
1.934815
1.753614
1.354623
1.935389
1.922820
1.974984
1.889793
1.718092
1.290838
1.424418
1.141501
1.817219
1.395752
1.513213
0.910013
1.816780
1.710826
1.159713
1.138483
1.988611
1.934975
1.890714
1.746695
1.664654
1.929765
1.675954
1.992510
1.264969
1.931065
1.254721
1.689128
1.749760
1.374077
0.980423
1.355870
1.272711
1.949985
1.884772
1.828098
1.111847
1.699841
1.744692
1.856680
1.666917
1.818075
1.578433
1.938424
0.924460
1.737093
1.017726
1.399341
1.744015
1.997859
1.146748
0.955585
1.313413
1.460344
1.655242
1.466690
1.784789
1.832690
1.932773
1.094180
1.670882
1.833933
1.903230
1.581982
0.993718
1.960492
1.241383
1.853517
0.891663
0.986135
1.123015
1.858349
1.422373
1.660580
1.736998
1.720123
1.648345
1.408126
1.662692
0.895912
1.493291
1.308685
1.953564
1.733889
0.918877
1.015412
1.447389
1.376799
1.642278
1.182434
1.768581
1.981248
1.403410
1.441983
1.562253
1.074042
1.962748
1.768939
1.607538
1.991274
1.965876
1.610793
1.056837
1.698987
1.807871
1.031169
0.930131
1.675201
1.011679
1.760472
1.671914
1.423909
1.871975
1.602628
1.116911
1.806881
1.909926
1.535821
1.167669
0.942563
1.100853
1.757683
1.154321
1.957133
1.016083
1.745489
1.921075
1.890879
1.029091
1.279214
1.285743
1.653090
1.715905
