1.958329
1.921010
1.929032
1.907222
1.949526
1.990660
1.875700
1.870977
1.538119
1.851638
1.970539
1.459758
1.800499
1.893319
1.902918
1.461830
1.831652
1.717055
1.795447
1.770262
1.837047
1.788111
1.882511
1.887227
1.961360
1.902911
1.886319
1.673432
1.820274
1.999618
1.609084
1.804209
1.955711
1.926925
1.892510
1.826636
1.823258
1.591218
1.837457
1.487878
1.754661
1.891421
1.894635
1.930957
1.638281
1.968755
1.915134
1.808315
1.596280
1.591362
1.908938
1.633082
1.757761
1.960730
1.745637
1.796070
1.668564
1.570475
1.423283
1.652902
1.808447
1.589047
1.821558
1.642119
1.931846
1.913879
1.699480
1.858849
1.985514
1.462661
1.965225
1.314084
1.578260
1.761382
1.905770
1.538647
1.630595
1.829794
1.715129
1.818222
1.887278
1.955437
1.754605
1.419892
1.934306
1.495756
1.307453
1.909217
1.826374
