1.995268
1.681755
1.812265
1.937379
1.970353
1.914867
1.904707
1.741057
1.959413
1.880785
1.970146
1.863987
1.929441
1.979618
1.884095
1.703004
1.783784
1.922118
1.948111
1.887097
1.845704
1.568451
1.775757
1.814337
1.796618
1.798737
1.808690
1.871166
1.796256
1.871597
1.889130
1.897641
1.866597
1.650103
1.732550
1.760957
1.786134
1.858775
1.874846
1.835995
1.689715
1.872570
1.720899
1.996943
1.772653
1.611395
1.788901
1.651059
1.751150
1.550981
1.495769
1.727324
1.564589
1.944104
1.918317
1.901953
1.995738
1.601929
1.881891
1.906850
1.730710
1.633691
1.973288
1.872614
1.825261
1.772116
1.883562
1.435505
1.790562
1.735425
1.930067
1.857856
1.785351
1.680178
1.816846
1.673753
1.693381
1.595444
1.957159
1.604011
1.853744
1.978747
1.994189
1.539891
1.741526
1.740806
1.852593
1.727192
1.885722
1.888689
1.756186
1.858778
1.557112
1.610996
1.966270
1.677917
1.532460
1.859417
1.493847
1.652199
1.727513
1.824985
1.611294
1.936674
1.765218
1.516621
1.719963
1.441661
1.620987
1.816503
1.741015
1.711819
1.709220
1.672868
1.880093
1.537553
1.970708
1.364199
1.954468
1.809148
1.830684
1.975496
1.495342
1.999026
1.893627
1.769442
1.570209
1.641437
1.776022
1.572536
1.995828
1.756945
1.821554
1.986786
1.920856
1.766570
1.644548
1.529662
1.863360
1.537283
1.594116
1.835824
1.876594
1.880215
1.898645
1.946971
1.624606
1.790862
1.947526
1.920564
1.718465
1.318579
1.701397
1.387637
1.807728
1.407760
1.839071
1.570851
1.969983
1.492859
1.939339
1.893383
1.710495
1.286772
1.442103
1.980018
1.626358
1.443972
1.820588
1.617478
1.239020
1.710473
1.435227
1.396782
1.537041
1.651480
1.432886
1.797085
