1.555168
1.370666
1.955742
1.167256
1.835452
1.766274
1.981518
1.850816
1.823753
1.045457
1.643733
1.986685
1.624840
1.893728
1.837868
1.482405
1.771537
1.428535
1.897325
1.917754
1.347753
1.505673
1.873069
1.820825
1.619817
1.846885
1.167587
1.751163
1.757340
1.947941
1.607501
1.563632
1.884204
1.622604
1.364063
1.663605
1.911044
1.611234
1.580020
1.356121
1.721424
1.965492
1.764273
1.563504
1.781430
1.436073
1.149647
1.587890
1.732139
1.779184
1.555388
1.495624
1.742797
1.742436
1.584418
1.988155
1.736951
1.785289
1.443061
1.747739
1.562043
1.615128
1.518512
1.195933
1.056628
1.896396
1.893434
1.800036
1.261784
1.726422
1.509995
1.848054
1.178354
1.718864
1.995434
1.670546
1.865620
1.868079
1.292141
1.872941
1.578864
1.729922
1.954845
1.870614
1.261852
1.769277
1.847104
1.470091
1.952538
1.347290
1.921900
1.846215
1.863004
1.653317
1.392084
1.771130
1.859017
1.900126
1.985747
1.301775
1.235427
1.758784
1.591060
1.724784
1.401960
1.808446
1.691996
1.738258
1.886097
1.846752
1.934605
1.941569
1.810388
1.318782
1.843286
1.729520
1.542329
1.769493
1.986413
1.746692
1.475506
1.423726
1.869657
1.938991
1.882168
1.728140
1.706587
1.576840
1.157983
1.016704
1.454612
1.622612
1.927909
1.777318
1.975086
1.375087
1.765679
1.864563
1.676153
1.539043
1.551242
1.451421
1.302870
1.608193
1.549832
1.798516
1.417903
1.663768
1.625954
1.674203
1.252420
1.405397
1.733772
1.288164
1.969756
1.899745
1.732455
1.378875
1.963852
1.301480
1.770857
1.415146
1.670438
1.425987
1.866240
1.762115
1.179687
1.853534
1.333291
1.947154
1.862725
1.956980
1.653062
1.549752
1.071136
1.875194
1.059657
1.245499
1.640043
1.428728
1.836452
1.427092
1.945030
1.612169
1.393022
1.679142
1.307386
1.708245
1.252795
1.783724
1.795507
1.825489
1.961789
1.519715
1.169569
1.643511
1.796881
1.695507
1.371850
1.308105
1.538882
1.785114
1.466930
1.318970
1.451159
1.343828
1.851435
1.400151
1.467661
1.788982
1.636934
1.554691
1.680125
1.441547
1.656060
1.882799
1.815716
1.813824
1.524181
1.480640
1.362157
1.146322
1.489342
1.645368
1.152003
1.766268
1.913128
1.771664
1.552119
1.689863
1.177427
1.463779
1.304516
1.410413
1.424094
1.633808
1.017643
1.967313
1.655052
1.188091
1.455613
1.261953
1.348182
1.889213
1.252250
1.474471
1.711284
1.037206
1.529451
1.902703
1.102121
1.677855
1.990449
1.470499
1.363642
1.110634
1.964351
1.840660
1.977770
1.603728
1.537174
1.178004
1.759398
1.996031
1.871498
1.669864
1.762943
1.116610
1.119661
1.579336
1.579662
1.803711
1.814068
1.913973
1.322575
1.634904
1.300493
1.612253
1.136111
1.751256
1.959995
1.629700
1.379373
1.419906
1.956057
1.171756
1.346107
1.340713
1.686402
1.325835
0.892245
1.112421
1.379737
1.078013
1.391619
1.538911
1.567550
1.696133
1.627190
1.709756
1.974999
1.284605
1.884005
1.775302
1.955225
1.253915
1.661984
1.233103
1.687253
1.714310
1.776959
1.698885
1.662387
1.115620
1.377402
1.205491
1.724105
1.864597
1.563932
0.942760
1.993600
1.725095
1.670671
0.968595
0.837091
1.256493
1.968681
1.198444
1.087448
1.643034
1.261433
0.958215
1.265086
1.796820
1.721038
1.984407
1.395922
1.649870
1.727348
1.945570
1.104298
1.868038
1.927277
0.966015
1.966028
0.742390
1.857572
1.554670
1.190356
1.430653
1.794849
1.568865
1.535246
1.530070
1.779127
1.242354
1.855844
1.861174
1.967620
1.406119
1.510107
1.512059
1.829837
1.752542
1.019252
1.023616
1.426397
1.050428
0.953316
1.530697
1.973866
1.249939
1.441261
1.878362
1.831827
1.145489
1.132224
1.620233
1.884490
1.403724
1.042372
