1.965020
1.734074
1.565413
1.910265
1.953717
1.745547
1.815988
1.756322
1.972718
1.976478
1.931306
1.830971
1.823426
1.868333
1.616441
1.857583
1.904589
1.666896
1.797251
1.563763
1.646558
1.847876
1.551580
1.796501
1.885944
1.746148
1.861963
1.877996
1.797818
1.646430
1.759548
1.933186
1.753467
1.842409
1.912407
1.593586
1.744702
1.709493
1.863031
1.382255
1.873527
1.741347
1.608834
1.551410
1.918053
1.491584
1.908116
1.426969
1.749198
1.321120
1.627952
1.858829
1.549070
1.586593
1.716283
1.363691
1.998739
1.906439
1.667151
