1.834669
1.961057
1.731060
1.970493
1.792433
1.991451
1.989550
1.706376
1.993859
1.781951
1.853380
1.953175
1.849979
1.881186
1.959010
1.801223
1.910866
1.999591
1.695255
1.837695
1.679447
1.999006
1.710931
1.902571
1.611277
1.745927
1.980132
1.851565
1.685035
1.686474
1.838236
1.974961
1.740522
1.594395
1.693747
1.922758
1.823286
1.828154
1.785133
1.668004
1.904518
1.765170
1.623371
1.687055
1.818404
1.959468
1.993801
1.666892
1.823875
1.972893
1.785963
1.537273
1.677023
1.861793
1.622623
1.544141
1.749561
1.534019
1.740518
1.847896
1.755604
1.504510
1.757587
1.600865
1.518182
1.573511
1.808353
1.710844
1.737662
1.511463
1.355228
1.719814
1.654968
1.595747
1.779636
1.438753
1.504641
1.956202
1.642731
1.793593
1.913931
1.589375
1.951066
1.569830
1.327185
1.541882
1.481559
1.309735
