1.971308
1.948434
1.996470
1.995127
1.996440
1.922603
1.795582
1.845621
1.946200
1.996461
1.997455
1.930108
1.865930
1.920624
1.760322
1.863981
1.978796
1.815934
1.992949
1.979718
1.778410
1.812430
1.974262
1.574045
1.713177
1.969876
1.993600
1.848575
1.560603
1.765033
1.658608
1.828682
1.748727
1.608999
1.924278
1.810871
1.745151
1.736920
1.906578
1.553618
1.987729
1.975497
1.848001
1.676042
1.966960
1.732414
1.834356
1.907339
1.984497
1.896983
1.990272
1.897614
1.794599
1.641513
1.787362
1.761801
1.784351
1.730334
1.797765
1.782591
1.892914
1.631008
1.567521
1.674826
1.651887
1.417897
1.757017
1.846823
1.730644
1.700922
1.798620
1.803695
1.972608
1.888589
1.753240
1.964126
1.996170
1.865029
1.778470
1.939153
1.889238
1.675168
1.453671
1.932552
1.900709
1.530292
1.985523
1.992880
1.743233
1.498316
1.651638
1.485239
1.991913
1.602671
1.775200
1.676794
1.788599
1.899166
1.758732
1.622614
1.846412
1.778309
1.586699
1.771858
1.456140
1.719424
1.431603
1.920901
1.949236
1.971780
1.716421
1.749113
1.982440
1.796075
1.698305
1.913077
1.868988
1.410130
1.673665
1.624988
1.750935
1.938430
1.586143
1.708713
1.997839
1.955146
1.650686
1.860462
1.369383
1.352241
1.615817
1.331635
1.955273
1.763147
1.381774
1.662567
1.871770
1.743643
1.926000
1.749402
1.778503
1.883930
1.883697
1.422830
1.900628
1.731648
1.636882
1.946110
1.462596
1.862153
1.904606
1.548144
1.507305
1.654690
1.780303
1.766008
1.847968
1.480689
1.860887
1.738364
1.921229
1.638053
1.988748
1.793922
1.874317
1.439615
1.692381
1.537470
1.984106
