1.827931
1.912307
1.672711
1.925651
1.639803
1.804045
1.976642
1.441353
1.266596
1.756709
1.352133
1.283383
1.643612
1.576882
1.887709
1.562100
1.289744
1.815553
1.888084
1.657190
1.921843
1.973678
1.722436
1.781178
1.934974
1.194180
1.475067
1.015566
1.172871
1.942532
1.973933
1.746495
1.540686
1.880327
1.459143
1.774803
1.423245
1.682469
1.704987
1.666758
1.829364
1.323520
1.938004
1.743483
1.426293
1.877927
1.376462
1.921895
1.836118
1.788987
1.914863
1.461092
1.388505
1.828655
1.707248
1.603105
1.459202
1.778772
1.737761
1.495579
1.579904
1.134213
1.889247
1.851880
1.734473
1.612575
1.460412
1.568986
1.652539
1.371370
1.866998
1.907611
1.788498
1.319836
1.363710
1.774657
1.814963
1.633284
1.451552
1.923314
1.719914
1.908960
1.947321
1.996106
1.264443
1.604874
1.293795
1.666540
1.848562
1.573528
1.255959
1.996918
1.811945
1.981114
1.970444
1.999532
1.114936
1.416000
1.650102
1.986508
1.529171
1.460256
1.666472
1.194664
1.939407
1.909166
1.426918
1.646797
1.437099
1.159353
1.675598
1.708079
1.975905
1.719315
1.118509
1.961086
1.556976
1.786208
1.215389
1.368488
1.239847
1.659334
1.751956
1.264839
1.516189
1.672244
1.313172
1.714616
1.741952
1.944350
1.380815
1.994161
1.240863
1.380039
1.580407
1.952760
1.673386
1.868613
1.453239
1.631346
1.525881
1.792854
1.943482
1.056309
1.937416
1.693759
1.400463
1.749355
1.398800
1.695912
1.417568
1.999602
1.590889
1.408380
1.461424
1.453898
1.885367
1.642051
1.924305
1.460380
1.640442
1.649572
1.415243
1.466242
1.497341
1.657273
1.633486
1.006454
1.808714
1.769240
1.393242
1.563676
1.651007
1.915732
1.991830
1.488756
1.581951
1.804321
1.703085
1.829298
1.669013
1.985965
1.936225
1.688868
1.028687
1.970754
1.681805
1.808921
1.863347
1.733627
1.237979
0.990306
1.342598
1.746932
1.916969
1.897777
1.825501
1.628681
1.473181
1.730064
1.816646
1.370027
1.918314
1.514133
1.527978
1.787541
1.764371
1.898047
1.371623
1.852722
1.369741
1.772289
1.584532
1.943916
1.880685
1.853070
1.945356
1.702900
1.382947
1.719499
1.364131
1.437860
1.985482
1.187790
1.764001
1.882015
1.302852
1.007431
1.984843
1.828353
1.785936
1.702259
1.545393
1.505207
1.237062
1.086128
1.902908
1.658926
1.564989
1.848625
1.862579
1.431581
1.990005
1.558802
1.974839
1.020452
1.699436
1.522662
1.513346
1.101045
1.932370
1.659042
1.835062
1.903519
1.093605
1.383649
1.985091
1.954633
1.804667
1.469733
1.046363
1.941285
0.960895
1.026612
1.847880
1.989912
1.226740
1.821962
1.512476
1.739152
1.476577
1.887036
1.738751
1.475925
1.553690
1.424858
1.105984
1.148529
0.990099
1.456855
1.181500
1.109183
1.164210
1.690605
1.679337
1.219312
1.793227
1.992281
1.341964
1.511321
1.783031
1.928114
1.383637
1.443351
1.651708
1.502828
1.236823
1.860713
1.082360
1.281698
1.804923
1.373412
1.929967
1.925467
1.497887
1.984468
1.839943
1.011700
1.505195
1.776129
1.842706
1.647455
1.752681
1.341089
1.745154
1.938341
1.735309
1.617766
1.474033
1.631438
1.492859
1.677147
1.795146
1.624981
1.342824
1.088877
1.558966
1.718633
1.381292
1.552627
1.962170
1.074856
1.092038
1.848277
1.387653
1.358754
1.172928
1.851839
1.766433
1.583422
1.806435
1.320912
1.784006
1.627748
1.817023
1.956152
1.579512
1.810528
1.892310
1.347914
1.570951
1.676615
1.386631
1.206681
1.095284
1.548139
1.743235
1.889332
1.809172
1.659186
1.863654
1.993230
1.651824
1.199421
1.524292
1.448456
1.647034
1.104360
1.366775
1.719263
0.931622
1.539674
1.310877
1.562505
1.739412
1.766829
1.775078
1.300519
1.969906
1.459575
1.364203
1.447599
1.872691
1.799775
1.133601
1.803517
1.668392
1.586135
1.966067
1.555494
1.830798
1.586095
1.520181
1.887684
1.696446
1.538210
1.522788
1.915373
1.325698
1.366492
1.281345
1.389417
1.859041
1.171173
1.910382
0.920903
1.802478
1.334659
0.845411
1.502522
1.626085
1.895381
1.384337
1.834476
1.335563
1.341834
1.857012
1.096642
1.132279
1.794665
1.646580
1.557742
1.899716
1.962229
1.370701
1.914715
1.079778
1.164931
1.861717
1.366637
1.240553
0.849044
1.441532
0.929203
1.753306
1.295363
1.309070
1.411810
1.732464
1.670993
0.999419
1.188483
1.882449
1.128187
1.828313
1.984906
1.517846
1.859095
1.470606
1.767050
1.938221
1.312286
1.907416
1.961430
1.088128
1.837141
1.671408
1.712464
1.141112
1.381080
1.983320
1.804995
1.164944
1.121276
1.556934
1.658414
1.366181
1.474554
1.805071
0.803369
1.358999
1.071254
1.677768
1.902194
1.758121
1.677566
1.589617
1.256322
1.586546
1.754094
1.940246
1.495664
1.637675
1.196742
1.432530
1.590177
1.630372
1.717903
1.598530
1.733299
1.566654
1.684171
1.303424
0.971848
1.816311
0.985376
1.493717
0.994258
0.867787
1.437580
1.642063
1.392288
1.823489
1.497845
1.341689
1.084567
1.569493
1.049159
1.321681
1.584468
0.897036
1.323215
1.848843
1.371547
0.925359
1.552022
1.315852
1.171546
0.913723
1.013240
1.967299
1.161659
1.382142
1.499452
0.734711
1.742816
1.708558
0.991049
1.825002
1.383882
1.596083
1.064142
