1.900992
1.922483
1.977676
1.773669
1.792090
1.564719
1.881930
1.759510
1.854200
1.670446
1.829091
1.637579
1.874183
1.688451
1.971954
1.869453
1.686754
1.960834
1.735996
1.561180
1.783901
1.741536
1.767952
1.929935
1.968086
1.760574
1.983180
1.998867
1.762292
1.767552
1.858823
1.621010
1.891925
1.945203
1.835823
1.990599
1.690328
1.581509
1.894781
1.804382
1.805911
1.817798
1.779952
1.812832
1.857621
1.838467
1.865706
1.659299
1.996909
1.792057
1.773335
1.385969
1.243172
1.545573
1.479723
1.469751
1.613760
1.844223
1.959123
1.773169
1.790200
1.558318
1.830575
1.579081
1.971186
1.815915
1.670480
1.953583
1.753841
1.984692
1.504380
1.334188
1.749461
1.661846
1.701338
1.939824
1.995406
