1.956895
1.971733
1.869876
1.878281
1.899257
1.282560
1.658447
1.511424
1.732138
1.107296
1.253926
1.965103
1.738960
1.481923
1.249014
1.402690
1.743423
1.216753
1.412232
1.387448
1.200198
1.969456
1.722125
1.428222
1.549985
1.891184
1.977022
1.966232
1.790739
1.675957
1.699734
1.480958
1.709557
1.567463
1.604255
1.989091
1.660560
1.806237
1.375756
1.904752
1.479903
1.639380
1.917834
1.722284
1.686305
1.482850
1.907275
1.756183
1.591027
1.981447
1.863702
1.855116
1.645217
1.953310
1.133760
1.517603
1.756621
0.957095
1.876420
1.332198
1.966651
1.315287
1.755411
1.632521
1.284768
1.290759
1.702899
1.470805
1.714682
1.803029
1.440241
1.498709
1.628313
1.488058
1.852149
1.699330
1.696849
1.995097
1.763770
1.609041
1.414741
1.925928
1.873317
1.485556
1.958676
1.764281
1.318330
1.420187
1.078685
1.995018
1.460861
1.636023
1.466620
1.864557
1.203537
1.358376
1.511288
1.325150
1.898342
1.518603
1.456445
1.744846
1.919743
1.337458
1.751655
1.938599
1.719075
1.328396
1.429208
1.713824
1.725639
1.656356
1.222147
1.293620
1.187911
1.265008
1.383947
1.764342
1.423467
1.350953
1.561104
1.380869
1.038261
1.649686
1.922974
1.772846
1.848304
1.187749
1.870877
1.065871
1.776152
1.493383
1.741604
1.865062
1.183638
1.733636
1.841798
1.828029
1.531877
1.882464
1.578111
1.119612
1.568530
1.956453
1.884954
1.681747
1.940220
1.408033
1.602379
1.570870
1.382583
1.763580
1.467471
1.863366
1.880530
1.903050
1.652112
1.921155
1.475707
1.724746
1.168435
1.445103
1.308280
1.826607
1.064206
1.956661
1.623341
1.351942
1.126641
1.167637
1.647014
1.523323
1.820126
1.903127
1.723373
1.620575
1.440405
1.199824
1.643946
1.357802
1.625046
1.935907
1.237000
1.659484
1.936886
0.971433
1.142731
1.504290
1.662248
1.034784
1.319398
1.457885
1.987360
1.774062
1.710146
1.193742
1.676615
1.367212
1.576549
1.892351
1.797326
1.285248
1.114140
1.967672
1.553530
1.354870
1.250005
1.338623
1.035602
1.663270
1.737465
1.735696
1.820543
1.162993
1.417673
1.826636
1.442361
1.425755
1.573676
1.413458
1.435306
1.600196
1.601752
1.413680
1.621798
0.801825
0.973932
1.634832
1.206940
1.474812
1.506001
1.219758
1.626587
0.928696
1.598904
0.860579
1.986505
1.600603
1.242029
1.563696
1.364174
1.506675
1.691060
1.391472
1.310835
1.944957
1.458972
1.417308
1.906684
1.436178
1.455596
1.368599
1.629601
1.227111
1.607626
1.518685
1.918022
1.305720
1.269385
1.623918
0.956552
1.729150
1.692907
1.085035
1.957922
1.786568
1.319074
1.405301
1.789544
1.658237
1.512082
1.961376
1.000621
1.456347
1.199755
1.067705
1.785370
