1.670510
1.779752
1.790694
1.875409
1.938598
1.632960
1.524456
1.889517
1.822183
1.990621
1.537419
1.825255
1.576325
1.792685
1.677839
1.911411
1.953855
1.892945
1.502761
1.679058
1.857778
1.634021
1.933419
1.634263
1.658025
1.575173
1.722463
1.635748
1.646679
1.975013
1.097188
1.724378
1.806903
1.892469
1.582863
1.888719
1.649781
1.677767
1.834847
1.829918
1.917057
1.985872
1.918273
1.936998
1.501376
1.894992
1.906009
1.443306
1.317573
1.663671
1.463435
1.206907
1.962007
1.458187
1.534964
1.774266
1.753945
1.686316
1.733879
1.813362
1.521563
1.119648
1.772615
1.761351
1.678704
1.957017
1.837279
1.203816
1.919312
1.573896
1.744923
1.455940
1.441428
1.552759
1.783181
1.063544
1.639376
1.925503
1.301383
1.225979
1.416286
1.641314
1.797411
1.521872
1.554807
1.518465
1.407288
1.991596
1.861161
1.622495
1.612215
1.943417
1.900508
1.279545
1.853850
1.609649
1.614035
1.295500
1.946339
1.030556
1.836314
1.220695
1.812504
1.830804
1.617371
1.892317
1.275880
1.932209
1.920041
1.701004
1.685905
1.725898
1.815873
1.793860
1.938798
1.725866
1.086034
1.727333
1.836075
1.458949
1.332251
1.951010
1.514475
1.732873
1.447650
1.612687
1.453020
1.526018
1.099897
1.948090
1.714995
1.722872
1.506800
1.995381
1.926553
1.478686
1.430437
1.512676
1.484678
1.472478
1.221462
1.474896
1.992031
1.386427
1.767045
1.836032
1.089285
1.478421
1.285810
1.372153
1.956269
1.942651
1.600849
1.250160
1.390605
1.863165
1.627178
1.897470
1.425560
1.844955
1.090638
1.694511
1.819081
1.605296
1.843891
1.555832
1.507637
1.751458
1.096737
1.965504
1.554312
1.784170
1.498085
1.404168
1.649716
1.883461
1.256672
1.937525
1.742709
1.624055
1.801624
1.677714
1.465284
1.887054
1.504755
1.343215
1.915454
1.572365
1.445334
1.032400
1.926200
1.827648
1.859316
1.755925
1.531824
1.524029
1.546805
1.284664
1.205047
1.570912
1.945459
1.329914
1.465434
1.031909
1.375333
1.289777
1.565255
1.965885
1.253641
1.944300
1.764320
1.763663
1.497695
1.835813
0.958283
0.987773
1.640511
1.253889
1.658893
1.965414
1.392916
1.816967
1.894025
1.398911
1.455851
1.389581
1.188214
1.321447
1.496065
1.529656
1.803277
1.860024
1.113845
1.436077
1.343551
1.346537
1.795949
1.463468
0.986876
0.847290
1.446978
1.763366
1.492354
1.279049
1.754781
1.968429
1.655096
1.676614
1.657708
1.888885
1.075343
1.717195
1.408759
1.948182
1.537774
1.237618
1.623746
1.172345
1.761279
1.726148
1.511118
1.714342
1.954052
1.879850
1.765004
0.937150
1.586896
1.990016
1.661476
1.309659
1.995815
1.144751
1.974399
1.890548
1.312973
1.451306
1.032242
1.904901
1.898686
1.739661
1.769587
1.933264
1.687262
0.953951
1.856104
1.132086
1.605933
1.622278
1.951892
1.793383
1.940498
1.917086
1.990607
1.415167
1.448878
1.587447
1.589097
1.154813
1.501296
1.691185
1.860078
1.695209
1.147953
1.345243
1.986801
1.460135
1.799592
0.942486
1.694858
1.825892
1.815152
1.290993
1.669607
1.706247
1.068403
1.567097
1.465128
1.712465
1.224144
1.935419
1.485714
1.002527
1.086787
1.136992
1.112998
1.758359
1.400020
1.973819
1.794935
1.957716
1.799753
1.736841
1.740662
1.302646
1.247203
1.152684
1.206825
1.366408
1.342325
1.942321
1.583573
1.874017
1.493638
1.203624
1.589249
1.593934
1.280808
1.611912
1.277991
1.863880
1.545314
1.820663
1.319054
1.958648
1.901532
1.842547
1.716162
1.406259
1.135945
1.696602
1.558248
1.399850
1.383494
1.911189
1.951946
1.087583
1.613000
1.222825
1.835308
1.667531
1.808732
1.489406
1.191837
1.618232
1.807223
1.355392
1.885027
1.393430
1.128848
1.893499
1.578641
1.949825
1.569896
1.836024
1.546398
1.929907
1.441189
1.293985
1.093453
1.674032
1.623076
0.997917
1.380308
1.433781
1.803303
1.732782
1.765067
1.664444
1.816581
1.662291
1.993219
1.774291
1.138317
1.320085
1.365197
1.463045
1.645448
1.188033
1.241424
1.144523
1.572375
1.824350
1.827048
1.868105
1.959732
1.978105
1.690657
1.987608
1.341545
1.981299
1.983670
1.477577
1.108946
1.548008
0.913847
1.340690
1.111592
1.214203
1.942327
1.076743
1.074727
1.089769
1.507523
1.795346
1.055120
1.905282
1.476703
1.855049
1.951882
1.992862
1.353442
1.596422
1.297228
1.438853
1.056699
1.975678
0.954752
1.613069
1.862688
1.413140
1.506955
1.439230
1.291240
1.392265
1.237527
1.582635
1.780526
1.086092
1.185294
1.978075
1.803538
1.558551
1.245927
1.451528
1.215114
1.722002
1.570699
1.091830
1.924942
1.720415
1.065389
1.824959
1.329964
1.191385
0.992437
1.954217
1.422123
1.571876
1.081130
1.295579
1.956169
1.263150
1.855247
1.429984
1.213139
1.651676
1.677041
1.885743
1.883710
1.700966
1.976210
1.842254
1.252659
1.708014
1.404546
1.351323
0.942499
1.630578
1.950192
1.264870
1.525575
1.815097
1.306451
1.901400
1.956303
1.211329
1.948659
1.526628
1.368243
1.962461
1.752955
0.948246
1.642663
1.630257
1.466855
1.626436
1.148494
0.956725
1.912515
1.916755
1.966744
1.515820
1.656480
1.529461
1.284906
1.450781
1.693116
1.542881
1.624726
1.915973
1.416789
1.700464
1.241926
1.107456
1.646620
1.665431
1.516713
1.834957
1.395621
1.476040
1.852322
0.943732
1.906880
1.756327
1.380988
1.367821
