1.962728
1.951183
1.844148
1.826812
1.960490
1.910221
1.834198
1.948943
1.878647
1.848878
1.541485
1.838723
1.945651
1.966950
1.905144
1.844693
1.998455
1.794960
1.757816
1.859111
1.983993
1.857203
1.626864
1.948487
1.832805
1.802592
1.666309
1.957136
1.981270
1.954814
1.738515
1.987026
1.878254
1.917480
1.820267
1.976202
1.838762
1.895547
1.958372
1.806239
1.964570
1.858843
1.937322
1.922801
1.505119
1.639770
1.680948
1.674794
1.973518
1.540746
1.852784
1.902071
1.926599
1.531060
1.583758
1.848697
1.914813
1.955895
1.993255
1.794346
1.797839
1.692855
1.996948
1.964194
1.785672
1.705427
1.889660
1.873463
1.576175
1.512935
1.826223
1.860456
1.767300
1.799103
1.493308
1.796418
1.794617
1.484810
1.614948
1.960703
1.720118
1.658963
1.907534
1.563210
1.499512
1.841287
1.445963
1.870806
1.669970
1.897702
1.930005
1.590260
1.589228
1.730288
1.674702
1.761340
1.408690
1.945477
1.554686
1.923857
1.866360
1.817452
1.751260
1.484452
1.385388
1.501342
1.830257
1.768096
1.641180
1.888095
1.743000
1.627400
1.928481
1.744293
1.556131
1.548881
1.695123
1.807726
1.727258
1.936654
1.416995
1.442573
1.735662
1.631040
1.294310
1.717696
1.780240
1.593666
1.379594
1.583911
1.524611
1.786363
1.493723
1.291735
1.277431
1.849299
1.771063
1.967257
1.702912
1.396026
1.300135
1.645349
1.225997
1.469711
1.298338
1.807864
1.638307
