1.385418
1.895783
1.985079
1.621801
1.926120
1.700259
1.533844
1.239054
1.815225
1.551138
1.983289
1.476171
1.734864
1.777770
1.588511
1.990855
1.819247
1.921468
1.242721
1.461546
1.913470
1.130069
1.525700
1.786824
1.313752
1.654302
1.223690
1.356830
1.897478
1.846703
1.650184
1.357246
1.456102
1.577569
1.960884
0.987872
1.694106
1.915707
1.831679
1.826905
1.312437
1.201866
1.168832
1.384087
1.917430
1.632771
1.473898
1.658882
1.997691
1.444015
1.431897
1.587776
1.288182
1.350972
1.444541
1.253562
1.739221
1.913516
1.919441
1.871999
1.650505
1.765559
1.198251
1.430013
1.889725
1.892128
1.823333
1.557389
1.895720
1.516094
1.424219
1.140306
1.854920
1.573375
1.768285
1.800481
1.944116
1.523031
1.726064
1.827817
1.273368
1.811640
1.445975
1.493033
1.886792
1.184845
1.867170
1.391080
1.922952
1.836531
1.475298
1.549481
1.572550
1.637372
1.449979
1.483651
1.456618
1.328437
1.481249
1.411122
1.786763
1.675570
1.206248
1.939249
1.827861
1.986538
1.464022
1.639913
1.651232
1.320603
1.815863
1.035292
1.914321
1.816017
1.870104
1.187395
1.844559
1.506428
1.824070
1.285388
1.227973
1.475729
1.907564
1.623870
1.671796
1.915292
1.638047
1.662580
1.442070
1.837097
1.924198
1.324273
1.985825
1.585758
1.011841
1.517900
1.882431
1.487349
1.487162
1.739769
1.759342
1.514552
1.951412
1.584660
0.916135
1.875491
1.532462
1.081795
1.426229
1.711065
1.570245
1.577539
1.152786
1.748192
1.444331
1.729428
1.564659
1.367739
1.913646
1.741643
1.293685
1.941333
1.285770
1.945417
1.459460
1.568022
1.800553
1.486840
1.571730
1.577950
1.953451
1.593556
1.569055
1.588071
1.323584
0.991904
1.333854
1.397343
1.555329
1.680644
1.638581
1.586467
0.867925
1.726942
1.400369
1.894944
1.679475
1.363084
1.767893
1.359508
1.418362
1.673164
1.238512
1.334303
1.997373
1.053377
1.608519
1.697694
1.805076
1.485123
1.631911
1.786669
1.944539
1.186049
1.802319
1.074763
1.671442
1.853371
1.624396
1.820947
1.325485
1.442532
1.727932
1.631025
1.521822
1.973571
1.038855
1.931013
1.065604
1.237073
1.932382
1.914188
1.294884
1.389664
1.152809
1.685542
1.183776
1.393596
1.592589
1.513349
1.804113
1.099735
1.440975
1.804526
1.897641
1.763335
1.552448
1.134539
1.803365
1.626005
1.654837
1.781569
0.904394
1.635775
1.791786
1.662124
0.992341
1.383533
1.696582
1.079756
1.196518
1.870430
1.232805
1.348561
1.791203
1.961064
1.155101
1.941774
1.932086
1.416757
1.204471
1.700935
1.781888
1.947043
1.198983
1.938764
1.327729
1.430492
1.703384
1.729782
1.355927
1.622319
1.934458
1.445351
1.410514
1.438270
1.953048
1.947344
1.942937
1.562773
1.146346
1.602349
1.896828
1.564687
1.608321
1.432422
1.680006
1.437864
1.364870
1.605600
1.502218
1.551058
1.949664
1.453329
1.417744
1.804499
1.978283
1.655521
1.985628
1.546402
0.993815
1.326481
1.734307
1.554800
1.576963
1.693595
1.315231
1.461542
1.732776
1.296250
1.942924
1.864642
1.831430
1.982241
1.443822
1.826868
0.995260
1.650807
1.078550
1.465770
1.684827
1.698333
1.174622
1.932350
1.507376
1.458318
1.844546
1.725541
1.732768
1.332573
1.262308
1.880689
1.977791
1.678432
1.745257
1.988051
1.612758
1.444068
1.620246
1.838505
1.194761
1.498108
1.720035
1.098298
1.195754
1.157577
1.820001
1.409278
1.532554
1.967880
1.354313
1.882200
1.658104
1.106127
1.216132
1.755208
1.148452
1.816728
1.641974
1.816412
1.728553
1.389402
1.324208
1.931083
1.900829
1.644306
1.824149
1.915653
1.494909
1.637267
1.401649
1.257888
0.919379
1.300322
1.406396
1.795029
0.937317
1.483489
1.767730
1.384326
1.737005
1.555551
1.568304
1.698448
1.391225
1.223326
1.411381
1.810238
1.328365
1.427158
1.794794
1.589817
0.950052
1.133782
1.468840
1.542976
1.541772
1.185521
1.534075
1.333903
1.369397
1.919281
1.186755
1.626069
1.703638
1.918184
1.468265
0.758980
1.780224
1.457353
1.774370
1.542110
0.959915
1.095439
1.831973
1.477617
1.724976
1.703888
1.862339
1.066143
1.995277
1.510440
1.688955
1.390143
1.180775
1.599018
1.752277
1.678456
1.251823
1.410552
1.450017
1.577236
1.389019
0.908641
1.905150
1.938239
1.715101
1.150039
1.252964
1.563808
1.553489
1.873227
1.510146
1.816008
1.582999
1.473865
1.200817
1.437012
0.907898
1.303358
1.871891
1.274011
1.652839
1.915921
1.151297
1.958915
1.284530
1.172087
1.862102
1.270736
1.682439
1.280890
