1.979804
1.844343
1.823429
1.876282
1.961084
1.799459
1.800377
1.753257
1.632823
1.916361
1.834245
1.868783
1.894864
1.766635
1.908242
1.740539
1.918589
1.764909
1.880224
1.776460
1.992129
1.856602
1.906898
1.992701
1.924745
1.960648
1.835681
1.921652
1.843669
1.798508
1.797817
1.814608
1.968627
1.615846
1.809921
1.782587
1.734482
1.980395
1.887497
1.848653
1.728457
1.679745
1.786576
1.822560
1.772107
1.775357
1.531293
1.778682
1.941525
1.885471
1.776870
1.914387
1.760776
1.920450
1.929545
1.802495
1.896735
1.636415
1.967062
1.613594
1.945129
1.723902
1.776868
1.440868
1.864969
1.940110
1.611085
1.995463
1.916165
1.718839
1.894806
1.873053
1.865967
1.508167
1.990507
1.991300
1.747653
1.551855
1.817404
1.958073
1.566981
1.694520
1.704610
1.723675
1.801142
1.965642
1.912733
1.833093
1.933344
1.975884
1.800635
1.718389
1.938876
1.863246
1.775608
1.867668
1.573582
1.896085
1.361823
1.637095
1.931700
1.942305
1.909587
1.669085
1.585911
1.874681
1.726877
1.852247
1.412886
1.971771
1.967352
1.563979
1.830094
1.859143
1.536856
1.950416
1.823322
1.487470
1.770983
1.795126
1.562196
1.694934
1.854171
1.600337
1.834770
1.900403
1.840721
1.852004
1.846313
1.905625
1.602383
1.934854
1.632399
1.410956
1.445625
1.683127
1.449109
1.471531
1.600331
1.594698
1.951133
1.378450
1.915967
1.402855
1.776890
1.946084
1.531282
1.877515
1.896058
1.612805
1.697728
1.878661
1.498201
1.746951
1.841476
1.881433
1.448337
1.839719
1.541137
1.495256
1.682142
1.598649
1.897963
1.304821
1.789955
1.839172
1.625503
1.754597
1.928469
1.680649
1.887318
1.992471
1.757623
1.651142
1.481628
1.998475
1.943301
1.809753
1.569130
1.607358
1.880001
1.960176
1.516529
1.878919
1.184482
1.671546
1.847175
1.797061
1.368424
1.422449
1.795903
