1.935670
1.924503
1.961515
1.484270
1.559728
1.676608
1.864890
1.969797
1.663524
1.885790
1.342105
1.996684
1.661461
1.606191
1.668145
1.395747
1.737249
1.594762
1.818103
1.022359
1.925576
1.810701
1.651553
1.884034
1.199296
1.902304
1.696004
1.897595
1.305074
1.937349
1.291214
1.862907
1.442424
1.828760
1.418669
1.936457
1.786598
1.800087
1.796613
1.511920
1.785891
1.791124
1.800328
1.676081
1.316331
1.559057
1.881635
1.930407
1.571502
1.003933
1.240658
1.825890
1.245740
1.766259
1.558554
1.027248
1.645485
1.904265
1.635722
1.897363
1.780388
1.606538
1.486439
1.961729
1.585578
1.944277
1.998135
1.806462
1.979053
1.250107
1.805936
1.792333
1.448404
1.492784
1.609912
1.743593
1.598332
1.885574
1.648015
1.329264
1.977976
1.931034
1.803982
1.920039
1.729638
1.894968
1.664168
1.740687
1.925249
1.608845
1.352353
1.158314
1.655941
1.479451
1.979272
1.522947
1.630192
1.379793
1.784602
1.490057
1.549772
1.053451
1.887948
1.542412
1.902979
1.973236
1.559089
1.952392
1.352934
1.505572
1.679472
1.609761
1.242513
1.621942
1.765108
1.553717
1.386210
1.371410
1.511931
1.944391
1.778752
1.784152
1.444443
1.169383
1.267775
1.819068
1.326059
1.546481
1.979218
1.574098
1.224489
1.452662
1.470826
1.527390
1.287010
1.359609
1.490080
1.509629
1.613566
1.869951
1.948878
1.271813
1.236363
1.868804
1.375917
1.610224
1.627834
1.651829
1.806794
1.888190
1.818213
1.695167
1.484116
1.024259
1.636874
1.629061
1.896938
1.946881
1.908241
1.612255
1.182189
1.545649
1.938676
1.796341
1.123239
1.715747
1.788097
0.985613
1.608512
1.571580
1.440971
1.504451
1.772838
1.715747
1.365549
1.595983
1.787674
1.954799
1.333972
1.976964
1.758881
1.636853
1.992676
1.538239
1.070837
1.832789
1.867269
1.976043
1.437020
1.826124
1.506138
1.982153
1.152676
1.607710
1.830173
1.131074
1.555389
1.520729
1.890899
1.761878
1.568706
1.407441
1.644171
1.302163
1.589603
1.956981
1.200369
1.187060
1.686744
1.608696
1.751763
1.808228
1.610280
1.043870
1.689932
1.411022
1.972219
1.650212
1.970693
1.255555
1.637736
1.643076
1.697028
1.620859
1.414720
1.342345
1.957452
1.233014
1.783403
1.925302
1.745739
1.864894
1.973915
1.281102
1.483074
1.439190
1.608956
1.531639
1.644443
1.723579
1.992748
1.220636
1.818376
1.535805
1.471354
1.672952
1.271607
1.650025
1.868715
1.473157
1.715969
1.783868
1.563086
1.794916
1.461925
1.501300
1.610172
1.892921
0.875491
0.936916
1.434476
1.057400
1.800980
1.457429
1.692159
1.885113
1.299339
1.744012
1.463999
1.306143
1.607177
1.223093
1.639217
1.928570
1.067849
1.530963
1.595336
1.802734
1.597099
1.645407
1.092628
1.767524
1.813636
1.676703
1.851325
1.781905
1.383320
1.591902
1.494582
1.645231
0.947077
1.749755
1.365260
1.043144
1.201250
1.624948
0.931131
1.788368
1.914860
1.868081
1.923149
1.747167
1.569050
1.879511
1.800690
1.321100
1.165485
1.835450
1.915941
1.558811
1.645749
1.943315
1.621366
1.626494
1.612902
1.611185
1.552150
1.502169
1.205940
1.828519
1.844969
1.799736
1.380640
1.896792
1.915469
1.531638
1.173702
1.414817
1.229635
1.939032
1.490691
1.878712
1.595879
1.319136
1.392723
1.913964
1.991061
1.702806
1.895725
1.328946
1.124918
1.560139
1.228972
1.676007
1.604871
1.918210
1.321693
1.330720
1.396326
1.975993
1.246206
1.606812
1.274162
1.575716
1.994518
1.954407
1.374169
1.529853
1.143368
1.739992
1.930065
1.677995
1.363101
1.507228
1.045432
1.099439
1.329266
1.792675
0.985766
1.977130
1.505943
1.784798
1.904780
1.632827
0.935411
1.598163
1.340899
1.870331
1.468834
1.672571
1.192554
1.172456
1.355218
1.891874
1.996734
1.532509
1.127738
0.968426
1.798011
1.482761
1.972314
1.865250
1.255110
1.445499
1.315368
1.057486
1.846051
1.513860
1.088577
1.313874
1.960479
1.824386
1.743205
1.950349
1.336134
1.826739
1.780222
1.665517
1.981597
1.205837
1.766373
1.171015
1.757348
0.962729
1.419549
1.889718
1.681022
1.291726
1.794621
1.482547
1.895125
1.127629
0.987534
1.430488
1.837120
1.778696
1.964888
1.069171
0.820340
1.970410
1.263403
1.606589
0.962612
1.765482
1.743067
1.191597
0.988524
0.963708
1.884940
1.304706
1.525300
1.597431
1.673270
1.098240
1.328882
1.367297
1.728732
1.960946
1.545872
1.532872
1.941359
1.833704
1.916484
1.570069
1.532479
1.661570
0.870270
1.445518
1.189508
1.606345
1.260382
1.298431
1.715734
1.102241
1.948436
1.814879
1.070349
1.978359
1.573024
1.494423
1.800072
1.840513
1.764829
1.275402
1.766152
1.924781
1.371006
1.364221
0.912995
1.402168
1.234080
1.597274
1.479670
1.644355
1.914130
1.625155
1.088131
1.821362
1.267281
1.891532
1.936325
1.356033
1.028971
1.385277
1.450536
1.106111
1.970243
1.845458
1.589786
1.356625
1.730665
1.324808
1.264400
1.368084
1.221566
1.349594
1.043246
1.937413
0.879091
1.323269
1.271758
1.751886
1.748326
1.451887
1.460102
1.554246
1.661241
1.479526
0.939468
1.186715
1.793581
1.576598
1.385111
1.001461
0.852997
1.351231
1.730413
1.164421
1.613508
1.853677
1.522141
0.930751
1.911818
1.737520
1.904787
0.877989
1.185254
1.212413
1.765888
1.235044
1.869321
1.416662
1.353753
0.823434
1.842607
1.066026
1.596900
1.363629
0.854109
1.124518
1.584901
1.520626
1.815002
1.438525
0.812243
