1.901601
1.982609
1.972072
1.992591
1.669880
1.964138
1.913998
1.815944
1.962041
1.707833
1.964203
1.868942
1.746561
1.887122
1.769993
1.766279
1.949446
1.958182
1.725688
1.759714
1.733996
1.921614
1.785554
1.935285
1.708414
1.654978
1.776666
1.919023
1.789235
1.694908
1.909379
1.662369
1.902293
1.766667
1.893834
1.722647
1.744757
1.974140
1.886858
1.696567
1.788753
1.629766
1.647420
1.739930
1.712062
1.960845
1.839849
1.759128
1.678188
1.893381
1.928505
1.561260
1.654042
1.755687
1.929166
1.909272
1.840771
1.686630
1.595935
1.738629
1.813976
1.874061
1.742401
1.653609
1.930305
1.922123
1.575073
1.978075
1.955073
1.912803
1.764094
1.925337
1.679862
1.888580
1.806961
1.935458
1.472603
1.546315
1.704082
1.838481
1.608218
1.979077
1.669122
1.961493
1.821346
1.773772
1.660841
1.615241
1.549630
1.837732
1.869279
1.961029
1.872315
1.908486
1.880372
1.493352
1.487400
1.559315
1.486527
1.606830
1.821849
1.960306
1.877384
1.788104
1.644960
1.415188
1.952102
1.627606
1.670222
1.464507
1.712755
1.628411
1.869525
1.949324
1.541707
1.806660
1.717525
1.540075
1.455563
1.993621
1.349204
1.796868
1.936361
1.605451
1.496422
1.681077
1.452062
1.523873
1.519840
1.643693
1.431126
1.946098
1.764157
1.670229
1.653045
1.556961
1.819019
1.799951
1.498413
1.995699
