1.924972
1.995294
1.948817
1.949790
1.998200
1.957932
1.709499
1.824454
1.969733
1.941443
1.868737
1.980016
1.807920
1.952971
1.742363
1.973470
1.727853
1.916395
1.906034
1.697879
1.651434
1.843952
1.871970
1.993900
1.844421
1.789407
1.907046
1.940454
1.813609
1.908302
1.922554
1.872800
1.981383
1.739864
1.931552
1.885810
1.845669
1.652011
1.987690
1.960147
1.856751
1.943619
1.773859
1.850542
1.918886
1.670126
1.653133
1.839495
1.786802
1.656461
1.908284
1.962932
1.721114
1.718453
1.744305
1.975702
1.873170
1.844794
1.991983
1.933155
1.792836
1.930818
1.802675
1.965457
1.570147
1.726946
1.674212
1.579450
1.629354
1.997314
1.912595
1.786134
1.886656
1.855062
1.687591
1.625055
1.952709
1.947265
1.482714
1.725874
1.751260
1.621073
1.598862
1.762976
1.768364
1.761015
1.693057
1.710059
1.825440
1.885938
1.988522
1.745366
1.901712
1.618530
1.752922
1.690446
1.745009
1.719481
1.889345
1.783539
1.643875
1.709719
1.583344
1.719118
1.934558
1.831163
1.865742
1.788779
1.924973
1.407716
1.318531
1.630566
1.913498
1.760463
1.831846
1.836353
1.693455
1.840574
1.385226
1.903240
1.911440
1.892212
1.835128
1.639555
1.743926
1.926719
1.424832
1.725439
1.475387
1.923762
1.582735
1.923220
1.895488
1.650922
1.869657
1.792055
1.468746
1.997914
1.605189
1.958406
1.689730
1.382773
1.751506
1.937884
1.513469
1.788686
1.923076
1.805242
1.616179
1.467386
1.686694
1.756223
1.999005
1.491917
1.961147
1.615426
1.637082
1.521989
1.556986
1.568561
1.943839
1.830553
1.686544
1.385226
1.485482
1.646634
1.947466
1.886413
1.843655
1.892812
1.920225
1.410725
1.679989
1.855937
1.837398
1.716571
1.720197
1.414464
1.346396
