1.761450
1.984070
1.965013
1.901020
1.976587
1.953106
1.900563
1.928464
1.964848
1.820368
1.955086
1.983896
1.928463
1.895698
1.921346
1.831270
1.949765
1.979013
1.973241
1.986813
1.864980
1.936003
1.816595
1.823380
1.876935
1.878480
1.971166
1.956243
1.959831
1.945237
1.757251
1.885361
1.656739
1.863588
1.592561
1.839008
1.743930
1.627304
1.977760
1.993954
1.918293
1.835315
1.780514
1.827810
1.749643
1.879404
1.919832
1.659787
1.697937
1.909040
1.743750
1.664188
1.745502
1.901219
1.698740
1.922238
1.893737
1.941176
1.772659
1.971889
1.609834
1.969873
1.726143
1.988401
1.658427
1.917194
1.948621
1.798360
1.850749
1.809734
1.961400
1.872205
1.905643
1.848437
1.868930
1.991598
1.840138
1.906891
1.878458
1.947585
1.939061
1.577550
1.897069
1.870824
1.675201
1.394392
1.662130
1.702189
1.944946
1.936217
1.672627
1.670035
1.898352
1.971590
1.866240
1.854966
1.947937
1.844201
1.803956
1.547107
1.847425
1.698941
1.600598
1.902510
1.761730
1.687899
1.624811
1.977349
1.595419
1.848558
1.976252
1.710850
1.987939
1.657471
1.768737
1.923199
1.469828
1.622570
1.964244
1.572652
1.774713
1.611371
1.949540
1.495008
1.643563
1.918219
1.896586
1.797521
1.927836
1.742313
1.775072
1.993833
1.696538
1.712614
1.822608
1.521969
1.644044
1.982656
1.981477
1.802134
1.748398
1.646731
1.838390
1.453012
1.804318
1.794219
1.461827
1.840468
1.642171
1.823599
1.310117
1.943605
1.373203
1.813878
1.403501
1.553750
1.814069
1.621924
1.877202
1.744406
1.993302
1.884543
1.753058
1.465967
1.648533
1.620392
1.373824
1.713959
1.839585
1.415699
1.737810
1.865015
1.752502
1.373462
1.730171
1.904136
1.484790
1.237784
1.770504
1.237390
1.666496
1.348230
1.660847
1.845034
