1.814384
1.659164
1.623965
1.831826
1.797368
1.637129
1.986411
1.957288
1.608395
1.933671
1.571255
1.909811
1.832465
1.633028
1.849975
1.959502
1.815706
1.906826
1.415049
1.872749
1.890260
1.448228
1.981277
1.582842
1.737259
1.814300
1.812118
1.854943
1.817585
1.502899
1.423413
1.665906
1.659520
1.708533
1.817441
1.437706
1.971995
1.861736
1.530335
1.762731
1.301139
1.554076
1.813323
1.928982
1.450615
1.484477
1.558977
1.518196
1.830165
1.790176
1.819716
1.939647
1.735600
1.535859
1.747089
1.743783
1.504737
1.872005
1.809472
1.790017
1.510939
1.750864
1.775223
1.841499
1.871654
1.610327
1.588769
1.915464
1.656052
1.926782
1.681146
1.470914
1.627863
1.714541
1.418778
1.995205
1.782430
1.906137
1.794423
1.951173
1.412551
1.510390
1.414160
1.831260
1.945308
1.680262
1.825123
1.673791
1.642897
1.552133
1.815377
1.355148
1.983129
1.344356
1.787264
1.728696
1.231347
1.532320
1.758370
1.394465
1.878166
1.726894
1.951091
1.920040
1.306850
1.407395
1.675674
1.606632
1.844913
1.916456
1.818146
1.552026
1.890310
1.535223
1.458749
1.812284
1.351710
1.948874
1.834346
1.228978
1.579001
1.969829
1.814487
1.196800
1.695277
1.195407
1.875407
1.320949
1.816889
1.634076
1.558118
1.826161
1.861729
1.593544
1.704736
1.517022
1.500870
1.736512
1.902000
1.942472
1.709899
1.939251
1.920094
1.764287
1.933224
1.863269
1.683883
1.579064
1.845390
1.412802
1.610469
1.964777
1.963990
1.553001
1.521716
1.574505
1.986998
1.821272
1.958975
1.555790
1.621507
1.352094
1.752969
1.865322
1.290486
1.933236
1.695468
1.550188
1.587321
1.885275
1.850586
1.595483
1.447785
1.596483
1.714556
1.433904
1.514589
1.320588
1.900023
1.602528
1.955161
1.660632
1.784986
1.461379
1.470600
1.425158
1.987426
1.437192
1.590587
1.363024
1.508418
1.894819
1.310538
1.696366
1.274942
1.554049
1.338282
1.297399
1.911796
1.962821
1.756286
1.917698
1.697573
1.920169
1.389835
1.322798
1.027099
1.909641
1.701946
1.874355
1.483858
1.894674
1.485905
1.997875
1.687822
1.853478
1.794522
1.560573
1.969283
1.823245
1.963846
1.918338
1.341667
1.818468
1.492854
1.942024
1.890581
1.817745
1.287589
1.706851
1.621880
1.127416
1.711054
1.889378
1.674260
1.178327
1.668542
1.329501
1.193574
1.624952
1.366431
1.699149
1.327826
1.968479
1.661015
1.750348
1.245359
1.962771
1.232387
1.680215
1.338259
1.089135
1.769611
1.164612
1.862598
1.798976
1.705981
1.689078
1.675750
1.657405
1.843796
1.721485
1.543832
1.430943
1.533540
1.851203
1.586942
1.939284
1.821312
1.845959
1.780789
1.539761
1.648773
1.859280
1.585226
1.393354
1.333902
1.850692
1.936635
1.790362
1.506494
1.398624
1.285516
1.232232
1.968468
1.017823
1.683012
1.498176
1.421945
1.737619
1.853070
1.986708
1.784998
1.614826
1.770796
1.547908
1.139229
1.818983
1.079173
1.904371
1.238899
1.578947
1.530366
1.931919
1.898423
1.282550
1.588378
1.917632
1.689960
1.235028
1.848292
1.772739
1.938665
1.690925
1.736669
1.369166
1.783630
1.517831
1.246444
1.477584
1.706064
1.765480
1.146001
1.978518
1.321217
1.864999
1.843576
1.312289
1.523056
1.628988
1.859699
1.549784
1.464285
1.753356
1.599279
1.483524
1.175672
1.774759
1.015532
1.469017
1.598429
1.749259
1.999410
1.627653
1.671629
1.141986
1.224263
1.289948
1.269614
1.781580
1.710227
1.831850
1.652998
1.951599
1.545284
1.332409
1.820519
1.923242
1.411203
1.283984
1.706291
1.970389
1.604181
1.063625
1.832652
1.350002
1.910697
1.356001
1.889844
1.519999
1.826622
1.196381
1.744057
1.158164
1.371374
1.626287
1.448461
1.825940
1.164688
1.995536
1.847632
1.727867
1.214298
1.739818
1.908333
1.384018
1.736402
1.625913
1.431638
1.430994
1.602696
1.676940
1.981356
1.862756
1.290333
1.685431
1.375692
1.386584
1.838326
1.364190
1.827765
1.552724
1.343382
1.856364
1.468438
1.384065
1.852288
1.657576
1.970917
1.192171
1.254902
1.293387
1.349244
1.290524
1.385470
1.763170
1.867724
1.533469
1.449755
1.834673
1.947592
1.135910
1.623137
1.279882
1.542739
1.430160
1.607673
1.108465
1.497701
1.820764
1.334788
1.299027
1.934653
1.991877
1.861923
1.120713
1.376079
1.405067
1.972751
1.475957
1.014568
1.611159
1.727950
1.915029
1.255092
1.959829
1.587601
1.669615
1.395260
1.504737
1.185016
1.465506
1.332770
1.768442
1.055446
1.884661
1.644667
1.555974
1.079807
1.870685
1.443982
1.154208
1.510721
1.933072
1.558415
1.133552
1.409452
1.882833
1.611854
1.944965
1.381018
1.871129
1.213706
1.554089
1.826523
1.861308
1.799366
1.815139
1.245245
1.389293
1.540946
1.927292
1.286599
1.393534
1.412539
1.082238
1.986769
1.922441
1.329438
1.993235
1.959813
1.870304
1.412563
1.371659
1.139837
1.452687
1.354960
1.317831
1.268542
1.502868
1.529498
1.560793
1.674088
1.339839
1.034357
1.786022
1.707043
1.149196
1.137728
1.799065
1.937987
1.169444
1.699656
1.990111
1.717659
1.078200
1.681606
1.816105
1.488032
1.436940
1.974522
1.165612
1.627059
1.970968
1.489027
1.746185
1.628515
1.437348
1.401945
1.515098
1.929113
1.542096
1.939263
1.798205
1.687459
1.267492
1.125003
1.874694
1.681155
1.834263
1.449799
1.447176
1.869681
1.872815
1.873898
0.982606
1.774563
1.004356
1.958025
1.922068
1.156805
1.107088
1.712292
1.379041
1.988785
1.377566
1.168810
1.510775
1.101956
1.968663
1.223568
1.895544
1.621419
1.975548
1.594778
1.879181
1.767317
1.569118
1.052577
1.440188
1.492687
1.955231
1.680200
1.238547
1.981436
1.576942
1.247432
1.403845
1.599203
1.628171
1.024100
1.312680
1.241956
1.624684
1.216047
1.837072
1.220156
1.471374
1.845764
1.759130
1.988325
1.335184
1.869897
1.008322
1.197989
1.978377
1.677658
1.580720
1.476311
1.916629
1.276179
1.363747
1.330421
1.620257
1.323830
1.398065
0.949248
1.478515
1.231761
1.761611
1.191218
1.346299
1.637132
1.455186
1.566684
1.446309
1.410302
0.988772
1.129946
0.944494
1.279191
1.639133
1.026949
1.570262
1.370967
1.898330
1.084615
1.685487
1.692098
1.016069
1.161497
1.619385
1.981750
1.193701
1.288709
1.623603
0.933193
1.638791
1.772896
1.594648
1.206199
0.908479
1.474835
1.457918
1.901357
1.332142
1.201146
1.462653
1.237993
1.897971
1.504578
1.618510
1.812914
1.233915
0.868688
1.841964
1.417511
1.815638
1.353222
1.008657
1.065040
1.921916
1.938561
1.571976
1.562312
1.594385
1.424793
1.706413
1.281264
1.168029
1.441210
1.485547
0.785982
1.572923
1.936087
1.916301
1.977903
1.004033
1.886381
1.726690
1.354854
0.910112
1.490299
1.571390
1.646852
0.887753
1.316313
1.973075
1.876457
1.747461
1.660126
1.071555
1.633681
1.907193
1.227648
0.953941
1.710000
1.630382
1.810593
1.086331
1.245687
1.565133
1.625488
1.337088
1.718767
1.564292
1.804408
1.724877
1.762169
1.997263
1.591994
1.121371
1.033420
1.551867
1.296837
1.697505
1.573363
1.483290
1.907606
1.878576
1.883356
1.853721
1.294218
1.542905
1.523318
1.220147
1.322106
1.663406
1.730126
1.632565
1.881717
1.336523
0.801521
1.708378
1.334755
1.135312
1.328577
0.922033
1.055455
1.303688
1.324820
0.938759
0.935269
1.218156
1.498540
1.007283
1.418631
1.513200
1.250661
1.596899
0.934513
1.513654
1.861942
1.792209
0.996185
1.913320
1.555630
1.189563
1.938901
1.440094
1.407542
1.384329
1.953415
1.974854
1.962189
1.991762
1.487411
1.009319
1.434415
1.956296
1.091098
1.754082
1.972741
1.915409
1.698798
1.539150
1.175663
1.330421
1.599629
1.866375
1.861863
1.945706
1.020718
1.967171
1.491976
1.209045
1.596270
1.448418
1.409153
1.727653
