1.950598
1.996572
1.969691
1.924445
1.934025
1.967636
1.868504
1.930830
1.832644
1.968071
1.937052
1.720085
1.978968
1.998968
1.762691
1.844399
1.931456
1.631902
1.824792
1.895639
1.886493
1.905657
1.854794
1.970483
1.932599
1.833700
1.792183
1.923191
1.841558
1.813261
1.548845
1.971927
1.795278
1.706137
1.963662
1.753543
1.819319
1.959310
1.826658
1.958368
1.994300
1.848467
1.766208
1.813296
1.893207
1.754319
1.804750
1.898601
1.888169
1.711042
1.598814
1.714984
1.961405
1.801148
1.759200
1.736623
1.690427
1.587057
1.667935
1.710089
1.885815
1.696327
1.941049
1.704072
1.834828
1.879592
1.897773
1.883332
1.593940
1.451023
1.926859
1.622778
1.758557
1.799913
1.992647
1.947142
1.819733
1.646180
1.899485
1.820699
1.936798
1.515035
1.908828
1.671990
1.686240
1.948753
1.871470
1.588893
1.737724
1.430817
1.720463
1.822850
1.744805
1.884524
1.604898
1.935455
1.832492
1.946820
1.697506
1.578520
1.858405
1.935682
1.569361
1.859139
1.842294
1.896805
1.565821
1.796908
1.978477
1.856720
1.985198
1.395964
1.538190
1.809311
1.668085
1.578805
1.566162
1.815402
1.622533
1.425233
1.954322
1.690165
1.570876
1.859763
1.786185
1.492344
1.445934
1.748007
1.779860
1.789064
1.597001
1.828709
1.775074
1.578985
1.855669
1.672411
1.897408
1.832513
1.868769
1.823337
1.691825
1.895790
1.584005
1.943706
1.917936
1.928909
1.870625
1.389220
1.394989
1.547782
1.524721
1.877520
1.374616
1.753316
1.507930
1.784006
1.946531
1.965805
1.884581
1.752582
1.568917
1.923726
1.883113
1.474029
1.870179
1.992951
1.599205
1.702407
1.561252
1.717267
1.355456
1.450737
1.824496
1.991553
1.591657
1.881625
1.393750
1.820561
1.532217
1.856920
1.353710
1.598131
1.608974
1.861991
1.612497
1.407194
1.468913
1.739105
1.773347
1.856854
1.782715
1.434985
1.752858
1.382932
1.966951
1.758642
1.866171
1.506236
1.542290
1.991533
1.964432
1.521250
1.725708
1.715083
1.992333
1.956700
1.434204
1.894235
1.888631
1.458641
1.355500
1.800799
1.728803
1.806387
