1.881327
1.584216
1.834930
1.545930
1.678923
1.968576
1.857217
1.685124
1.677681
1.630456
1.410252
1.360116
1.946919
1.801877
1.480988
1.720341
1.573753
1.534171
1.715096
1.861092
1.694774
1.991521
1.402378
1.662939
1.743210
1.571666
1.820396
1.863867
1.979050
1.638381
1.773414
1.818095
1.328624
1.590559
1.956388
1.571373
1.644217
1.325815
1.727089
1.894138
1.740291
1.873242
1.972290
1.815542
1.813488
1.918208
1.846117
1.453127
1.965529
1.940688
1.845635
1.935718
1.825377
1.943620
1.568916
1.693061
1.739283
1.753609
1.815434
1.364761
1.940630
1.815309
1.913866
1.458962
1.844448
1.216494
1.885970
1.936764
1.667126
1.672308
1.516478
1.919899
1.859096
1.862489
1.838042
1.539610
1.742572
1.837979
1.669178
1.458471
1.638779
1.925336
1.946661
1.771218
1.162478
1.798116
1.705944
1.690463
1.433494
1.706531
1.343042
1.970133
1.757453
1.166526
1.969230
1.337697
1.719506
1.004427
1.957802
1.639014
1.886617
1.922808
1.487385
1.162038
1.580961
1.466876
1.506183
1.891824
1.444825
1.374130
1.872563
1.914611
1.756428
1.765900
1.885561
1.990741
1.282590
1.701059
1.285387
1.404330
1.439870
1.866426
1.918427
1.610381
1.992750
1.752272
1.035756
1.699052
1.781674
1.192650
1.476445
1.488152
1.593493
1.842160
1.712412
1.752578
1.719527
1.879939
1.648093
1.754404
1.504621
1.732854
1.894421
1.963745
1.462377
1.412382
1.719867
1.354304
1.602350
1.975350
1.384094
1.806580
1.644891
1.274799
1.795926
1.589522
1.735191
1.604324
1.904875
1.925800
1.902466
1.580113
1.576183
1.737549
1.665797
1.635906
1.914117
1.621086
1.471456
1.977113
1.970232
1.618221
1.432027
1.500171
1.706433
1.697050
1.878311
1.969374
1.982312
1.343861
1.372860
1.640563
1.697825
1.684940
1.045559
1.414873
1.911442
1.521088
1.265141
1.235855
1.938106
1.296173
1.567386
1.538203
1.666961
1.120228
1.797452
1.586918
1.690460
1.764755
1.654008
1.682819
1.870440
1.924955
1.879500
1.413341
1.603847
1.305116
1.713940
1.844080
1.477285
1.599194
1.674581
1.941362
1.387920
1.109683
1.909522
1.719332
1.463840
1.738758
1.263880
1.680830
1.344572
1.293985
1.905540
1.029074
1.413155
1.485876
1.752414
1.327098
1.366105
1.362943
1.224477
1.444082
1.533132
1.554663
1.841491
1.895124
1.617104
1.466033
1.251443
1.904804
1.430828
1.490534
1.868016
1.970612
1.669185
1.775247
1.265729
1.002221
1.057490
1.610363
1.251308
1.637400
1.739130
1.729073
1.996356
1.257478
1.982170
1.442825
1.896437
1.674297
1.290640
1.573557
1.694358
1.491450
1.480414
1.330748
1.531066
1.218439
1.968890
1.574054
1.541810
1.370068
1.508058
1.554946
1.452003
1.319445
1.896880
1.848760
1.423017
1.664772
1.657963
1.759951
1.061438
1.781477
1.977313
1.788333
1.806807
1.504122
1.536979
1.167635
1.154089
1.291852
1.393791
1.558959
1.882569
1.630379
1.249898
1.270506
1.554472
1.176938
1.389448
1.915249
1.762553
1.091848
1.813548
1.796548
1.669551
1.912958
1.630428
1.761779
1.873218
1.523112
1.259350
1.087824
1.838570
1.568687
1.878160
1.507001
1.769227
1.190459
1.933225
1.841630
1.543086
1.978276
1.888111
1.962179
1.569849
1.297186
1.353087
1.675330
1.439021
1.628052
1.338208
1.221690
1.639889
1.304079
0.925541
1.332491
1.497217
1.350664
1.689732
1.159705
1.998595
1.365994
1.684850
1.832746
1.606915
0.737544
1.153623
0.940553
1.515797
1.663149
1.657441
1.716421
1.955553
1.887226
1.633030
1.791861
1.824016
1.393166
1.613665
1.467698
1.648521
1.837124
1.253780
1.921969
1.220931
1.854548
1.580269
1.960043
1.921066
1.644408
1.226685
1.549273
1.876664
1.239241
1.230827
1.869267
1.595784
1.373100
1.451719
1.219959
1.049439
1.349555
1.949523
1.878618
1.849492
1.335132
1.636241
1.659685
1.200938
1.846849
1.795948
1.444357
1.176283
1.883367
1.205881
1.628005
1.546999
1.831365
1.640238
1.198174
1.191652
1.952876
1.458746
1.655012
1.237920
1.566166
1.513464
1.990354
1.456194
1.859882
1.217936
1.858580
1.543059
1.271862
1.655942
1.553204
1.497116
0.956262
1.908739
1.651590
1.958370
1.208605
1.301491
1.467598
1.084439
1.985815
1.843790
1.167662
1.135361
1.692378
1.317206
1.168533
1.745375
1.875317
1.613859
1.429200
1.557458
1.115506
1.941251
0.996885
1.519271
1.166616
1.113294
1.013279
1.762648
1.143025
1.256216
1.861084
1.265468
1.896507
1.398874
1.086908
1.571872
1.957548
0.966797
1.504687
1.832921
1.666889
1.233129
1.637491
1.683004
1.495166
1.496165
1.994848
1.616078
1.516299
1.257802
1.631586
1.111942
1.169907
1.990949
1.266899
1.649677
1.478446
1.536034
1.037839
1.606035
1.806474
1.798024
1.752271
1.828615
1.294482
1.431706
1.898990
1.605185
1.693687
1.415783
1.431249
1.868521
1.247377
1.277272
1.961143
1.666339
1.398300
1.107466
1.093003
1.726595
1.532699
1.217995
1.756559
1.627063
1.482569
1.701050
1.441675
1.269841
1.526944
1.059780
0.870358
1.628341
1.845933
1.961684
1.655383
1.591622
1.994891
1.240835
1.643257
1.172679
1.857902
1.580014
1.817996
1.896119
0.907639
1.516138
1.109626
1.592523
1.778516
1.338617
1.948728
1.439815
1.563813
1.709317
1.250946
1.571516
1.507914
1.230894
1.543008
1.265407
1.146516
1.725304
1.939355
1.661719
1.284246
1.537773
1.743072
1.903357
1.653009
1.808837
1.622053
1.255052
1.644627
1.931602
1.786862
1.436586
1.951492
1.722215
1.445238
1.864920
1.798692
1.065075
1.434308
1.879501
1.387103
1.574802
1.714006
1.404296
1.853054
1.817066
1.786553
1.951078
1.310478
1.450252
1.640886
1.116681
1.664357
1.036504
1.823365
1.925571
1.815180
1.961937
1.750021
1.976111
1.975473
1.525703
0.884059
1.562021
1.141615
1.827468
1.091926
1.842352
1.635049
1.309923
1.316603
1.358580
1.679433
1.666264
1.796301
1.339635
1.963524
1.103664
1.618021
1.881053
1.349029
1.368932
1.708808
1.910938
1.288629
1.750427
1.874323
1.009466
1.692461
0.926051
1.162622
0.903635
1.336022
1.226780
1.725305
1.400235
1.498543
1.928674
1.822781
1.766933
1.329893
1.699274
1.319231
1.038401
0.941113
1.071225
1.961161
1.324743
1.921326
1.273751
1.727531
1.705499
1.204176
1.580500
1.011993
1.743282
1.449493
1.358717
1.489357
1.083047
1.715202
1.206166
1.564593
1.338266
0.941448
1.864076
1.667826
1.342811
1.379142
1.000086
1.574798
1.818710
1.068955
1.494781
1.498152
0.959570
1.972146
1.608828
1.979162
1.637183
1.174287
1.917120
1.968089
1.708607
1.959045
1.832284
1.476233
1.384763
1.372432
1.179936
1.633606
1.801040
1.848375
0.898583
0.890180
1.109236
1.622869
1.683254
1.367473
1.264609
1.608776
1.126737
1.848973
1.447195
1.578969
1.165786
1.538675
1.855295
1.301495
1.700217
1.656028
1.716086
1.742334
1.000258
1.530566
1.739509
1.947159
1.341290
1.518115
0.839200
1.678719
1.936110
1.803265
1.873157
1.645151
1.453333
1.552891
1.305624
1.249622
1.085551
1.186492
1.768226
0.933023
1.088024
1.335810
1.664006
1.707361
1.567898
