1.839123
1.919992
1.895236
1.943608
1.888608
1.764902
1.844213
1.891792
1.833724
1.673166
1.968247
1.860041
1.819852
1.771200
1.707173
1.789718
1.926565
1.912056
1.844696
1.945308
1.871627
1.909840
1.769162
1.895170
1.932801
1.954129
1.744414
1.751593
1.891312
1.896475
1.931167
1.877584
1.509375
1.748383
1.858902
1.929652
1.900549
1.978707
1.956565
1.855260
1.898479
1.978755
1.922492
1.746191
1.805969
1.864613
1.622432
1.889907
1.628532
1.766032
1.990892
1.805659
1.720632
1.976496
1.925494
1.774948
1.936960
1.972817
1.605314
1.884551
1.788659
1.612097
1.971753
1.669719
1.671135
1.802860
1.893263
1.928455
1.810946
1.974866
1.597116
1.917916
1.893210
1.626967
1.827360
1.841136
1.665906
1.500806
1.802459
1.747111
1.809620
1.945785
1.572757
1.774911
1.776959
1.916925
1.964642
1.883459
1.849144
1.779213
1.684347
1.636884
1.875730
1.791449
1.724836
1.501777
1.927162
1.916402
1.681166
1.656626
1.759871
1.645449
1.618854
1.647410
1.988799
1.891374
1.676578
1.979516
1.686743
1.489644
1.771918
1.703024
1.885702
1.616868
1.679951
1.989743
1.762227
1.473270
1.683780
1.831409
1.806421
1.855775
1.882514
1.989688
1.417916
1.868404
1.778881
1.659002
1.922548
1.465946
1.875507
1.974106
1.919999
1.810772
1.803229
1.541997
1.592392
1.666984
1.916254
1.584236
1.838788
1.434545
1.485249
1.799392
1.990971
1.843832
1.673640
1.715606
1.839991
1.676553
1.956032
1.910175
1.753916
1.336083
1.587555
1.269081
1.965092
1.412867
1.811912
1.209151
1.762627
1.840359
1.705690
1.629646
1.521414
1.652339
1.574273
1.646509
1.798318
1.670194
1.437081
1.601770
1.258228
1.858511
1.531266
1.275909
1.783581
