1.997276
1.993783
1.901149
1.912793
1.866906
1.926256
1.865698
1.795664
1.991314
1.895251
1.708491
1.960930
1.881481
1.969256
1.890816
1.965924
1.813274
1.763683
1.978342
1.854432
1.847021
1.783145
1.963218
1.783736
1.835245
1.903767
1.888454
1.860032
1.983941
1.982194
1.865266
1.979824
1.975194
1.934262
1.818753
1.848002
1.931432
1.967201
1.930840
1.778199
1.822423
1.780165
1.672594
1.919429
1.975142
1.658939
1.936604
1.807082
1.877368
1.698889
1.822929
1.775145
1.982374
1.615294
1.684000
1.849226
1.645939
1.980283
1.947779
1.800750
1.822407
1.724443
1.821743
1.941988
1.823905
1.635989
1.967339
1.856964
1.866280
1.628130
1.872291
1.991470
1.505858
1.773733
1.659762
1.938001
1.963019
1.974081
1.798821
1.854617
1.933158
1.676241
1.613880
1.655741
1.461717
1.568841
1.680114
1.629969
1.855297
1.920878
1.978586
1.584554
1.994548
1.559431
1.694470
1.368170
1.923601
1.919362
1.716926
1.892507
1.657764
1.997546
1.817042
1.513158
1.372749
1.597751
1.863687
1.825631
1.887099
1.605450
1.936021
1.904692
1.457334
1.976628
1.688571
1.994656
1.893539
1.850721
1.844090
1.660875
1.482132
1.624689
1.868098
1.593383
1.876544
1.586183
1.502464
1.673161
1.898573
1.252997
1.728562
1.880292
1.294444
1.832946
