1.989077
1.968420
1.931635
1.842378
1.822052
1.942083
1.798909
1.909608
1.932713
1.931085
1.994898
1.844373
1.930536
1.874659
1.838724
1.984552
1.961799
1.866020
1.915249
1.861561
1.674732
1.835029
1.703636
1.621599
1.891070
1.998979
1.907563
1.807901
1.928722
1.935953
1.701535
1.861707
1.992567
1.929765
1.898030
1.727684
1.991793
1.743863
1.916201
1.745259
1.858872
1.864154
1.675967
1.359223
1.868626
1.612044
1.903666
1.728736
1.918002
1.965661
1.599008
1.913806
1.983527
1.965526
1.906403
1.855883
1.848821
1.880377
1.749946
1.964194
1.657903
1.961127
1.925318
1.866898
1.896679
1.712361
1.883825
1.957624
1.994963
1.835886
1.910969
1.785402
1.794385
1.718038
1.753791
1.445524
1.939434
1.765932
1.705071
1.769457
1.814233
1.896350
1.595390
1.711057
1.519142
1.996961
1.675658
1.823247
1.888107
1.779150
1.874006
1.790760
1.913451
1.963206
1.751095
1.798236
1.693109
1.554709
1.781990
1.510287
1.774624
1.599356
1.526498
1.738914
1.611312
1.755037
1.745160
1.631980
1.881445
1.906394
1.869015
1.900711
1.519562
1.679501
1.545724
1.596353
1.937771
1.474357
1.929517
1.914497
1.815305
1.463505
1.350851
1.780710
1.649281
1.369771
1.445804
1.657388
1.869716
1.640739
1.759258
1.331804
1.719027
1.263955
1.815270
1.796018
1.389703
1.553504
1.920887
1.651240
1.332787
1.409461
1.516385
1.850245
1.581469
1.498458
1.683174
1.587410
1.766003
1.624531
1.990277
1.269841
1.233252
1.981677
