1.972215
1.726472
1.971199
1.919924
1.768580
1.822220
1.904001
1.806489
1.862277
1.864722
1.683456
1.980921
1.489326
1.952738
1.973167
1.780370
1.824172
1.768443
1.930974
1.825778
1.933078
1.994167
1.941435
1.867943
1.976732
1.807572
1.818758
1.770107
1.833511
1.810769
1.897453
1.791915
1.990756
1.799228
1.949083
1.634420
1.831739
1.930608
1.962890
1.972448
1.891638
1.933819
1.844311
1.790425
1.923533
1.882315
1.864464
1.780602
1.823368
1.984717
1.985928
1.640616
1.813877
1.748355
1.885622
1.851375
1.986586
1.964998
1.791018
1.936605
1.729233
1.962776
1.922192
1.928960
1.673158
1.722684
1.683811
1.787538
1.918422
1.840030
1.662578
1.855765
1.746855
1.919907
1.943671
1.921507
1.950276
1.910836
1.787852
1.606525
1.980129
1.744263
1.676016
1.703247
1.921326
1.950647
1.932744
1.786856
1.819911
1.664544
1.786526
1.813597
1.959011
1.951041
1.771452
1.873323
1.541925
1.550192
1.804233
1.385457
1.481069
1.466082
1.786016
1.958793
1.997354
1.382764
1.836599
1.598031
1.969397
1.489242
1.710273
1.937782
1.427735
1.758936
1.952046
1.887578
1.611892
1.992033
1.512958
1.852729
1.935354
1.946237
1.943959
1.815681
1.579287
1.772187
1.643722
1.930082
1.431940
1.793426
1.531600
1.692602
1.751810
1.944578
1.540034
1.469502
1.680377
1.384220
1.860289
1.925650
1.788987
1.770744
1.526787
1.408642
1.826898
1.927086
1.772925
1.530302
1.700811
1.598231
1.483936
1.740308
1.368259
