1.897452
1.971703
1.883393
1.831240
1.936241
1.813537
1.878688
1.843086
1.951786
1.877692
1.960907
1.981662
1.886902
1.904065
1.671827
1.970546
1.786864
1.783853
1.954943
1.783956
1.761948
1.748723
1.656574
1.840684
1.946383
1.903911
1.809512
1.751289
1.695924
1.964946
1.927136
1.646893
1.706002
1.975744
1.858058
1.789184
1.955991
1.874029
1.883661
1.984031
1.733535
1.878144
1.797813
1.698488
1.632141
1.769723
1.605627
1.727669
1.992101
1.608788
1.977824
1.526445
1.935635
1.761839
1.669369
1.894669
1.644289
1.701588
1.610129
1.837119
1.833712
1.885376
1.779003
1.672990
1.913826
1.570351
1.826287
1.833423
1.785898
1.941009
1.764181
1.888094
1.936274
1.792425
1.985159
1.659975
1.531794
1.440948
1.725609
1.960704
1.633437
1.945204
1.432034
1.882129
1.922960
1.770531
1.837677
1.858862
1.715620
1.891131
1.679736
1.961481
1.602331
1.895712
1.951039
1.940005
1.953767
1.603000
1.711100
1.834960
1.722932
1.809725
1.560683
1.799943
1.618543
1.771168
1.816434
1.832151
1.651586
1.664032
1.961741
1.937612
1.341758
1.793779
1.721294
1.825789
1.544664
1.747584
1.564585
1.506842
1.441438
1.881130
1.715472
1.576114
1.888103
1.895534
1.699585
1.914795
1.600251
1.771956
1.813089
1.602653
1.404569
1.549667
1.733144
1.945653
1.763165
1.738681
1.902298
1.738933
1.920367
1.938812
1.783793
1.921200
1.395433
1.993072
1.461136
1.312423
1.820157
1.385811
1.877345
1.787064
1.203136
1.444119
1.443106
