1.993639
1.965035
1.905383
1.958358
1.851653
1.903709
1.683761
1.963909
1.935806
1.861377
1.780229
1.777953
1.908842
1.850890
1.895743
1.903906
1.687490
1.997631
1.915402
1.661102
1.718092
1.793136
1.790994
1.884746
1.798520
1.645059
1.994944
1.998087
1.857548
1.941858
1.763978
1.625986
1.676517
1.773681
1.956606
1.754783
1.822526
1.525382
1.780789
1.825265
1.489200
1.948606
1.878869
1.935281
1.805518
1.803628
1.788917
1.796872
1.691172
1.863913
1.710267
1.969399
1.855327
1.907517
1.898602
1.615224
1.923394
1.788863
1.797867
1.669548
1.570963
1.876819
1.942611
1.747530
1.896608
1.704255
1.889474
1.696543
1.917551
1.725135
1.772739
1.962068
1.639027
1.695829
1.931965
1.836893
1.851342
1.683030
1.702832
1.722280
1.556190
1.961366
1.981819
1.958739
1.893881
1.760971
1.957896
1.992065
1.873351
1.630763
1.815773
1.390606
1.880253
1.847665
1.820211
1.683225
1.806985
1.920763
1.826104
1.779868
1.821952
1.908353
1.700520
1.965029
1.878255
1.745512
1.813815
1.747767
1.750059
1.798332
1.571304
1.991576
1.724437
1.898359
1.951140
1.723133
1.873208
1.972075
1.572132
1.700340
1.378955
1.934513
1.619142
1.929978
1.751579
1.608609
1.457369
1.965802
1.820774
1.913923
1.914441
1.809165
1.931319
1.452893
1.756003
1.926420
1.812399
1.735188
1.958350
1.443518
1.768788
1.932495
1.547232
1.582778
1.818883
1.649124
1.369412
1.739393
1.380714
1.654057
1.940687
1.810888
1.983860
1.451246
1.364107
1.499057
1.930352
1.789086
1.662442
1.900188
1.737048
1.246351
1.946825
1.953334
1.716518
1.333665
1.913603
1.711081
1.529069
1.344184
1.394094
