1.925853
1.987933
1.900281
1.907692
1.999010
1.807661
1.992952
1.991898
1.989009
1.890332
1.985823
1.798516
1.982445
1.936456
1.827624
1.983503
1.721339
1.873704
1.748523
1.898604
1.739631
1.730359
1.974620
1.844899
1.952304
1.981491
1.945564
1.992564
1.855440
1.488767
1.735541
1.973736
1.691716
1.965874
1.833598
1.913843
1.945586
1.828626
1.997084
1.692684
1.765450
1.586592
1.846463
1.932412
1.705936
1.750150
1.776502
1.669006
1.654672
1.960205
1.711819
1.802380
1.500088
1.943431
1.840975
1.747092
1.619882
1.883441
1.885827
1.717215
1.913937
1.971665
1.517772
1.444426
1.725701
1.823026
1.975571
1.851992
1.970695
1.575389
1.896041
1.784418
1.849018
1.898804
1.919379
1.985283
1.746260
1.669101
1.587002
1.876573
1.650449
1.480894
1.774778
1.867527
1.751437
1.681363
1.903016
1.667229
1.634953
1.465206
1.532926
1.818349
1.720973
1.919171
1.986386
1.580998
1.978071
1.812773
1.723584
1.895441
1.651860
1.951972
1.754112
1.928883
1.833128
1.492470
1.484948
1.462740
1.757149
1.478916
1.852606
1.575824
1.646150
1.884660
1.634234
1.488580
1.409174
1.990888
1.852516
1.512298
1.767072
1.494725
1.724694
1.485645
1.596753
1.466627
1.503198
1.265833
1.930960
1.741541
1.573319
1.666241
1.913514
1.499383
1.943739
1.321497
1.273856
1.483077
1.829352
1.764891
1.567130
1.443842
1.762570
1.926053
1.906874
1.556384
1.505499
1.536139
1.355471
1.996088
1.927678
