1.828901
1.932638
1.974276
1.977594
1.952813
1.912015
1.919379
1.919498
1.775060
1.983032
1.990646
1.922135
1.956421
1.799999
1.844532
1.979748
1.881000
1.843137
1.855823
1.851055
1.986185
1.807293
1.993831
1.924257
1.986983
1.920399
1.982385
1.830475
1.986374
1.997594
1.934934
1.885677
1.885704
1.634424
1.921357
1.608042
1.749682
1.637869
1.842192
1.707333
1.975743
1.987339
1.930706
1.882698
1.964312
1.563742
1.685965
1.538814
1.796545
1.588779
1.861822
1.868502
1.908723
1.784437
1.676729
1.795154
1.857713
1.729509
1.977156
1.829423
1.655688
1.612594
1.954918
1.741016
1.869603
1.998707
1.911089
1.707145
1.986670
1.846111
1.923936
1.887495
1.538478
1.934084
1.794982
1.717185
1.562651
1.834562
1.847352
1.901057
1.994058
1.888866
1.805550
1.479030
1.955950
1.571921
1.779965
1.855756
1.794591
1.947604
1.601894
1.577213
1.971797
1.728560
1.740695
1.835926
1.904158
1.879243
1.620195
1.535384
1.553739
1.987800
1.451559
1.523017
1.824752
1.519811
1.801838
1.925412
1.810820
1.997536
1.738495
1.508302
1.549398
1.673561
1.698428
1.870689
1.896814
1.975838
1.583874
1.439732
1.642212
1.479653
1.555948
1.864631
1.904648
1.575933
1.986434
1.468900
1.504289
1.894695
1.548660
1.892867
1.442232
1.606646
1.875111
1.538858
1.838282
1.501840
1.325730
1.757599
1.362627
1.785215
1.991772
1.877937
1.449678
1.776625
1.881247
1.425765
1.755731
1.198524
1.575435
1.816823
1.972507
1.459759
1.992220
1.966366
