1.919069
1.956815
1.956752
1.841744
1.945688
1.984163
1.988568
1.970119
1.881230
1.916893
1.900986
1.910593
1.991950
1.825441
1.968644
1.862116
1.725392
1.841374
1.797918
1.959510
1.662270
1.567671
1.568421
1.693572
1.876385
1.805816
1.642577
1.918056
1.617965
1.766337
1.851039
1.656424
1.763892
1.925487
1.687106
1.852683
1.637518
1.974509
1.848295
1.751605
1.921822
1.875398
1.782661
1.974006
1.727297
1.935218
1.819126
1.832840
1.725755
1.615176
1.589398
1.709275
1.737511
1.958668
1.847852
1.987254
1.859523
1.776923
1.551010
1.720977
1.623532
1.662306
1.646980
1.668039
1.726132
1.980915
1.717969
1.862874
1.676073
1.788082
1.730000
1.777405
1.626713
1.670772
1.880752
1.681177
1.785111
1.868866
1.564006
1.808035
1.839579
1.523734
1.878496
1.827019
1.833767
1.787948
1.771060
1.593557
1.968416
1.983396
1.951251
1.911592
1.814815
1.590260
1.852931
1.738651
1.784530
1.732826
1.864278
1.661205
1.588164
1.795500
1.775812
1.515499
1.418344
1.742773
1.831346
1.896211
1.428179
1.972158
1.586727
1.591906
1.969798
1.948434
1.747644
1.980555
1.823811
1.858748
1.587431
1.675619
1.929736
1.909684
1.911305
1.696480
1.634032
1.594297
1.721447
1.538528
1.571044
1.602354
1.866044
1.544954
1.584802
1.587672
1.914022
1.452969
1.625963
1.441947
1.576950
1.987184
1.456546
1.634493
1.515665
1.645821
1.717463
1.593672
1.189455
