1.917662
1.786767
1.582617
1.613319
1.510252
1.851452
1.690010
1.737785
1.318504
1.449268
1.906915
1.811583
1.757071
1.417424
1.906786
1.702496
1.717692
1.848530
1.964461
1.231030
1.253135
1.900821
1.813626
1.929277
1.970914
1.990950
1.766824
1.974743
1.591002
1.555732
1.810685
1.872335
1.260433
1.664523
1.378110
1.637523
1.910011
1.846116
1.860175
1.731647
1.970555
1.924640
1.272110
1.322936
1.738143
1.891247
1.727756
1.482453
1.699678
1.875644
1.546419
1.400467
1.630315
1.451748
1.394133
1.685396
1.507934
1.301629
1.659430
1.904789
1.517609
1.532118
1.734129
1.758462
1.473697
1.647680
1.869733
1.972037
1.914269
1.744034
1.484993
1.923742
1.240079
1.857112
1.780148
1.192762
1.841777
1.290359
1.836278
1.674792
1.966800
1.986770
1.799203
1.705625
1.156695
1.522140
1.564390
1.664985
1.615942
1.458796
1.894434
1.892597
1.483148
1.725332
1.557555
1.880903
1.214412
1.569228
1.707756
1.776664
1.996787
1.654806
1.714956
1.839809
1.642939
1.447211
1.465101
1.911737
1.707095
1.740925
1.823367
1.584047
1.300638
1.230238
1.541523
1.419907
1.611695
1.741244
1.522428
1.221011
1.828465
1.825045
1.766105
1.519138
1.866051
1.784805
1.889842
1.934727
1.591432
1.593653
1.963704
1.795311
1.977392
1.958334
1.291927
1.523011
1.593419
1.972635
1.795695
1.830662
1.653657
1.807946
1.600067
1.799064
1.896131
1.803903
1.615897
1.840148
1.885538
1.760642
1.096964
1.934376
1.244477
1.866832
1.761978
1.738095
1.735822
1.070572
1.922009
1.871678
1.601375
1.326829
1.967288
1.923470
1.612006
1.725002
1.645636
1.398716
1.689582
1.928462
1.315750
0.917858
1.660393
1.654393
1.462040
1.847894
1.453613
1.363317
1.312005
1.316693
1.803529
1.419379
1.278562
1.291845
1.525006
1.913968
1.773686
1.841305
1.940856
1.462488
1.778831
1.986783
1.677770
1.978301
1.742904
1.796966
1.277961
1.781713
1.775927
1.858078
1.559439
1.208007
1.218316
1.616653
1.508555
1.951627
1.790654
1.602199
1.666276
1.372671
1.623561
1.792916
1.607537
1.320826
1.845381
1.919576
1.895782
1.005755
1.860202
1.465968
1.641560
1.463128
1.962058
1.775796
1.958066
1.692611
1.395864
1.784120
1.284686
1.933267
1.436509
1.856669
1.930912
1.595102
1.218972
1.584381
1.651611
1.931760
1.042248
1.399567
1.308693
1.707651
1.229549
1.722582
1.326904
1.333692
1.799107
1.972817
1.652152
1.824999
1.246053
1.799061
1.839620
1.982725
1.121297
1.537999
1.576082
1.980499
1.998966
1.393993
1.683266
1.296858
1.888635
1.847988
1.308983
1.779632
1.269010
1.389903
1.286681
1.979796
1.896505
1.687917
1.699687
1.476827
1.721662
1.002348
1.426525
1.791501
1.484053
1.298260
1.072897
1.734185
1.482099
1.612547
1.988841
1.163634
1.519005
1.364077
1.446797
1.898259
1.604544
1.642628
1.820569
1.249692
1.322031
1.867776
1.882000
1.410896
1.682638
1.967070
1.587205
1.395120
1.995851
1.630379
1.586662
1.204883
1.807416
1.679195
1.808753
1.798361
1.127869
1.615017
1.606517
1.130733
0.982347
1.461844
0.942754
1.494036
1.337658
1.823338
1.959775
1.320099
1.898169
1.911271
1.254976
1.779299
1.894021
1.033232
1.256112
1.770470
1.703307
1.817367
1.602872
1.220043
1.922076
1.826107
1.705973
1.701952
1.763018
1.517404
1.342889
1.690380
1.562134
1.532053
1.472114
1.871457
1.854026
1.317216
1.560672
1.035601
1.597132
1.591160
1.877378
1.462712
1.860656
1.821973
0.954111
1.466457
1.877030
1.723459
1.724106
1.838214
1.759824
1.057562
1.841760
1.347900
1.750923
1.908675
1.702213
1.992967
1.578644
1.809940
1.594185
1.224216
1.381453
1.436354
1.812786
1.658709
1.798069
1.691900
1.590817
1.762017
1.683135
1.829213
1.165894
1.577445
1.174771
1.193323
1.664465
1.904333
1.924361
1.518962
1.387719
1.377798
1.756905
1.982416
1.988145
1.776268
1.725957
1.530607
1.371825
1.631449
1.557635
1.254777
1.652769
1.600127
1.889580
1.457281
1.247093
1.326552
1.496234
1.355932
1.353799
1.912533
1.122637
1.333064
1.612029
1.845092
1.462058
1.921995
1.733453
1.851144
1.528759
1.930830
1.036800
1.433843
1.268281
1.970558
1.909224
1.206668
1.094721
0.939702
1.492539
1.791748
1.702019
1.334158
1.225985
1.771341
1.716525
1.657969
1.679223
1.428261
1.122867
1.678046
1.323127
1.962442
1.688052
1.188685
1.943358
1.860731
1.456476
1.368687
1.212420
0.941577
1.909496
1.082796
1.410782
1.934770
1.157361
1.743631
1.176745
1.847949
1.710054
1.216366
1.981099
1.650738
1.314229
1.981106
1.328230
1.573059
1.652558
1.994804
1.704021
1.547611
1.857099
1.947372
1.425552
1.589082
1.555683
1.877269
0.945011
1.818847
1.417782
1.873339
1.746848
0.907984
1.571635
1.524083
1.884741
1.509248
1.439666
1.703657
1.544423
1.647314
1.621173
1.697881
1.870790
1.812373
1.598722
1.376065
1.755161
1.673259
1.852672
1.684156
1.217599
0.892276
1.853685
1.157825
1.979785
1.098708
1.982067
1.969423
0.887364
0.857351
1.362368
1.814347
1.787135
1.659422
0.923625
1.416241
1.781790
1.987012
1.450411
1.761613
1.161192
1.464279
1.191123
1.382018
1.817021
1.934382
1.934376
0.954194
1.111098
1.825164
0.827060
1.878699
1.719547
1.353128
1.456082
1.591605
1.322533
0.987169
1.674776
1.426778
1.719892
1.567087
1.215606
1.515462
1.792538
1.445255
1.019743
1.808211
1.837406
1.864633
1.532007
1.724027
1.370694
1.569350
1.947541
1.785873
1.630937
1.892611
1.936489
1.857034
1.377390
1.165866
1.514254
1.761700
0.843060
1.710746
1.577789
1.443493
0.999840
1.868438
1.662495
1.658132
1.296814
0.906076
0.955982
1.952158
1.860439
1.965477
1.456953
1.836521
1.095264
1.576174
1.941435
1.369520
1.842739
1.938454
1.346451
1.610001
1.393126
1.691937
1.619898
1.129958
1.758848
1.019082
1.633424
1.947797
1.801160
1.764245
1.529176
1.692968
1.816310
1.623096
1.200124
1.542180
1.318663
1.875507
1.982728
1.942502
1.841092
1.859171
1.896747
1.653190
1.673731
1.696313
1.230459
1.443838
1.474122
1.999426
1.927237
1.946638
1.044731
1.036254
1.330433
1.477194
1.370128
0.987544
1.833582
1.895115
0.870841
1.322205
1.873417
1.620042
1.741823
1.798286
1.761379
1.858623
1.499449
1.745703
1.930585
1.933182
0.921661
1.370072
1.496144
1.921676
1.870018
1.284507
1.997259
1.120835
0.872160
1.672095
1.585851
1.144973
1.677798
1.231978
1.257301
1.726651
1.942879
1.452234
1.783700
1.949731
1.773058
1.905596
1.973149
1.503655
1.957217
1.769242
1.967064
1.929257
1.535194
1.158666
1.736707
1.885788
1.547695
1.649008
