1.841023
1.941555
1.928384
1.991877
1.921649
1.929625
1.993953
1.854692
1.936634
1.857662
1.939562
1.797886
1.996868
1.907467
1.874157
1.855149
1.778430
1.803109
1.852443
1.900150
1.909244
1.773620
1.986409
1.848777
1.929527
1.904125
1.925280
1.687394
1.978968
1.769943
1.726239
1.668649
1.643361
1.616856
1.813062
1.764442
1.652932
1.729302
1.695697
1.919896
1.594560
1.931724
1.773000
1.983643
1.890735
1.770641
1.769676
1.884379
1.981572
1.660758
1.916441
1.839811
1.724907
1.734429
1.822820
1.629758
1.907929
1.908811
1.820707
1.951042
1.683399
1.736644
1.972289
1.846521
1.816404
1.970563
1.959216
1.796184
1.721578
1.619098
1.802510
1.753071
1.891601
1.610673
1.753417
1.457652
1.895310
1.565438
1.538696
1.855579
1.769946
1.975189
1.985073
1.823895
1.974074
1.857647
1.967881
1.525269
1.829605
1.490636
1.843404
1.853479
1.881424
1.652695
1.832311
1.748252
1.943339
1.586071
1.534320
1.707153
1.797883
1.959996
1.453294
1.804785
1.553644
1.550769
1.630274
1.986222
1.731670
1.868380
1.830086
1.859309
1.473029
1.960108
1.822045
1.705854
1.607466
1.741330
1.463066
1.396024
1.515720
1.990300
1.495955
1.726807
1.501424
1.610698
1.859941
1.780331
1.822515
1.722805
1.796459
1.884106
1.801072
1.237382
1.992770
1.980509
1.323741
1.690325
1.286463
1.547722
1.986425
1.910246
1.947785
1.330958
