1.662717
1.523845
1.889155
1.805463
1.739076
1.824742
1.715869
1.999597
1.390081
1.210206
1.606777
1.975549
1.813552
1.738831
1.688348
1.321440
1.390707
1.402108
1.862741
1.902053
1.917622
1.639886
1.823952
1.831595
1.711087
1.928792
1.939424
1.574550
1.726881
1.817806
1.839721
1.859535
1.644246
1.980157
1.856267
1.940282
1.952207
1.366118
1.456090
1.825318
1.782379
1.118520
1.607416
1.554519
1.802879
1.864812
1.403452
1.595894
1.949907
1.791614
1.364909
1.857635
1.501769
1.006583
1.681135
1.617954
1.783812
1.724873
1.753857
1.708316
1.747776
1.825101
1.665633
1.829846
1.653353
1.760726
1.537824
1.378016
1.797973
1.576929
1.576637
1.421827
1.501342
1.471945
1.738693
1.469207
1.657024
1.367699
1.938528
1.284475
1.949626
1.654783
1.780777
1.326984
1.847205
1.995664
1.862984
1.829750
1.654278
1.558095
1.388800
1.866864
1.897264
1.621738
1.876518
1.418491
1.385420
1.787059
1.753579
1.082107
1.752121
1.854684
1.353028
1.982206
1.885155
1.588048
1.867650
1.770183
1.367810
1.394691
1.640121
1.608618
1.205680
1.811536
1.735745
1.880794
1.758767
1.699883
1.830727
1.572524
1.822060
1.580081
1.475424
1.614065
1.398736
1.974724
1.319459
1.711960
1.856762
1.538095
1.546502
1.738336
1.146599
1.884258
1.553313
1.933979
1.732005
1.851677
1.966717
1.691748
1.123367
1.378722
1.792206
1.323548
1.919968
1.313240
1.550120
1.455075
1.603471
1.771711
1.813603
1.725161
1.942233
1.624498
1.470634
1.446481
1.065622
1.846837
1.490289
1.780364
1.445051
1.545755
1.324120
1.458393
1.281382
1.742717
1.884948
1.736814
1.586268
1.729139
1.899773
1.848503
1.136795
1.747404
1.936033
1.974875
1.736472
1.833217
1.736956
1.356889
1.441568
1.975816
1.983862
1.985855
1.591794
1.362411
1.179969
1.959222
1.964523
1.356886
1.683228
1.660721
1.361501
1.643411
1.982084
1.455638
1.077798
1.553901
1.679026
1.725594
1.513726
1.856796
1.722556
1.231833
1.452401
1.498439
1.347887
1.556168
1.685522
1.877772
1.403605
1.450364
1.532666
1.594538
1.955216
1.362570
1.371342
1.848486
1.613105
1.557037
1.856142
1.575366
1.768000
1.772918
1.695259
1.736999
1.466926
1.617408
1.541966
1.330240
1.784804
1.544010
1.885605
1.597096
1.611283
1.163489
1.517026
1.582282
1.925499
1.515200
1.424484
1.352668
1.790254
1.892978
1.453225
1.075422
1.332532
1.947284
1.509756
1.424532
1.833489
1.838061
1.482000
1.219806
1.998123
1.843834
1.968901
1.646547
1.380048
1.782221
1.676237
1.344425
1.608037
1.711060
1.807404
1.652203
1.351702
1.923049
1.831183
1.951788
1.357947
1.644272
1.973889
1.787121
1.872235
1.793619
1.593821
1.775181
1.732601
1.520770
1.262232
1.171739
1.730649
1.800735
1.660826
1.597979
1.371362
1.149737
1.849558
1.631003
1.892563
1.605347
1.104717
1.917762
1.660440
1.705084
1.544445
1.860799
1.502756
1.655462
1.941479
1.905888
1.568847
1.399499
1.306601
1.637805
1.153594
1.129364
1.810171
1.455521
1.047972
1.739033
1.725579
1.920306
1.598407
1.260555
1.948318
1.439785
1.994370
1.866780
1.516732
1.936775
1.817157
1.403719
1.607086
0.960898
1.515066
1.472283
1.908882
1.457908
1.817141
1.446765
1.622714
1.280335
1.786444
1.856977
1.483560
1.426517
1.975792
1.058566
1.335343
1.528255
1.791798
1.942558
1.119113
1.372394
1.889123
1.258058
1.817487
1.061189
1.691436
1.114197
1.417540
1.157651
1.407786
1.306482
1.494025
1.516246
1.517416
1.365852
1.364984
1.424418
1.896812
1.757576
1.824023
1.975873
1.539817
1.587610
1.914907
1.551114
0.896323
1.538355
1.298607
1.894035
1.700907
1.667680
1.304623
1.477166
1.685220
1.741530
1.394305
1.463057
1.660841
1.847486
1.875587
1.675822
1.912879
1.464441
1.159998
1.529300
1.528684
1.412379
1.372240
1.647806
1.315744
1.567737
1.215190
1.422450
1.158013
1.785608
1.214934
1.642857
1.909369
1.567270
1.804723
1.850142
1.399474
1.490142
1.796568
0.868313
1.703329
1.389242
1.343204
1.721080
1.981167
1.544865
1.773603
1.090647
1.806958
1.450891
0.933641
1.555813
1.866969
1.511233
1.081199
1.701429
1.074582
1.258729
1.251796
1.943639
1.861328
1.272992
1.737277
1.640947
1.561575
1.548029
1.950110
1.710811
1.995800
1.729648
1.440344
1.792649
1.790280
1.401942
1.869962
1.587530
1.222188
1.470597
1.345735
1.314794
1.921265
1.557483
1.477300
1.226406
1.998138
1.227353
1.102851
1.381908
1.550220
1.952575
1.040204
1.694664
1.573250
1.346204
1.649924
1.170841
0.995077
1.426719
1.904454
1.616048
1.559003
1.234638
1.137085
1.979039
1.186310
1.442814
1.266332
1.713839
1.124244
1.706826
1.746920
1.890388
0.899822
1.905785
0.840732
1.887882
1.792538
1.133394
1.316390
1.293065
1.096100
1.854817
1.033599
1.698880
1.553510
1.628022
0.953977
1.891221
1.507533
1.059787
1.547107
1.109156
1.984912
1.123045
1.775932
1.858294
1.587131
1.045382
1.947341
1.263616
1.224621
1.166005
1.567422
1.457770
1.510844
0.980610
1.286488
1.803753
1.850645
1.439656
1.844321
1.919686
1.425221
1.390302
1.930096
1.504913
1.930110
1.865755
0.899906
1.704742
1.761503
1.787732
1.697200
1.961158
1.844593
1.973113
1.194358
1.216092
0.897187
1.690725
1.800384
1.151826
1.707852
1.732991
1.629551
1.511208
0.830579
1.998706
1.656034
1.578554
0.919698
1.311610
1.835684
1.610782
1.243892
1.160938
1.290771
1.867564
1.502818
1.872788
1.659188
1.538751
1.716499
1.945692
1.797150
1.886749
1.788969
1.654145
1.877971
1.706550
1.327787
1.692778
1.376456
1.814004
1.042863
1.362714
1.489565
1.800277
1.679853
0.939060
1.918307
1.725334
1.282075
1.857527
1.604609
1.570504
1.742328
1.928301
1.843845
1.967523
1.592787
1.603575
1.951634
1.875754
1.729576
1.886607
1.611992
1.292646
1.215479
1.635979
1.854113
1.729889
1.320284
1.008812
1.575669
1.545283
1.254511
1.395460
1.751298
1.971884
1.748590
1.017980
1.135799
0.863496
1.763012
1.104443
1.999961
1.230536
1.049936
1.850963
1.886348
0.965248
1.062752
1.671336
1.409690
1.167633
1.059938
1.121620
1.130631
1.642620
1.815618
1.614161
1.526286
1.520782
1.801107
1.594902
1.896600
1.393845
1.381025
1.587792
1.022360
1.811267
1.230198
1.240365
0.928863
1.337344
1.736722
1.302798
1.704766
1.474166
0.976563
1.691376
1.275202
1.276712
1.186449
1.364831
1.053767
1.652445
1.662440
1.268832
1.134841
1.588444
1.218892
1.817495
1.396144
1.943914
1.408568
1.444301
1.936418
1.568685
1.306990
1.203957
1.518991
1.564213
1.868950
1.369699
1.822356
1.107378
1.498587
1.710449
1.469005
1.236387
1.491021
1.585023
1.662089
1.905849
0.803463
1.426319
1.283685
1.342944
1.823805
1.475731
1.154284
1.469860
1.565924
1.218877
1.349106
1.494217
1.497169
1.667233
1.359767
1.584814
1.576734
1.576764
1.979120
1.062480
1.193015
1.105551
1.472025
1.732813
1.488209
0.744090
1.995868
1.932786
1.934853
1.621099
1.907558
1.516735
1.663768
1.065000
1.891144
1.525193
0.910337
1.477393
1.141651
1.580265
1.834047
1.901695
0.958657
1.092865
1.716532
1.652573
0.941191
1.314935
1.298455
1.933688
1.920588
1.156190
1.716010
1.399425
1.861355
1.667892
