1.913184
1.997352
1.865477
1.835395
1.999627
1.943309
1.970560
1.845356
1.860677
1.895985
1.795020
1.979732
1.855925
1.855719
1.708575
1.868655
1.847278
1.540005
1.856771
1.762566
1.814822
1.661710
1.654657
1.715509
1.736523
1.962115
1.693543
1.747540
1.962621
1.774977
1.999807
1.943959
1.964730
1.696142
1.984815
1.949762
1.917259
1.828410
1.748464
1.945485
1.811033
1.941680
1.675216
1.917671
1.739077
1.959856
1.666523
1.958424
1.993856
1.860616
1.924157
1.852619
1.926556
1.873618
1.903638
1.809137
1.732424
1.657457
1.892813
1.730721
1.773590
1.612471
1.652501
1.958880
1.999083
1.705399
1.972372
1.548892
1.956456
1.836434
1.945114
1.978839
1.672074
1.817374
1.835021
1.997104
1.984573
1.660944
1.725172
1.604796
1.716829
1.452397
1.899508
1.984467
1.929986
1.958406
1.545043
1.640676
1.380577
1.725061
1.990562
1.993866
1.632107
1.660216
1.346115
1.593932
1.746524
1.556772
1.964189
1.929542
1.554325
1.466087
1.681231
1.831404
1.711622
1.719807
1.699632
1.577392
1.410336
1.848846
1.672194
1.869160
1.557331
1.574441
1.955594
1.287477
1.843495
1.932161
1.117312
1.721224
1.985491
1.573411
1.525290
1.856613
1.214274
