1.985758
1.998227
1.967133
1.959685
1.964439
1.964308
1.964147
1.997592
1.961672
1.956822
1.967445
1.849478
1.951304
1.695134
1.946340
1.876726
1.910054
1.563833
1.932384
1.926063
1.896218
1.757666
1.655109
1.852290
1.847131
1.920255
1.977338
1.793219
1.801661
1.957461
1.787521
1.688918
1.746435
1.935969
1.720911
1.860716
1.920183
1.965425
1.653235
1.851698
1.912366
1.948750
1.839845
1.742154
1.751116
1.672880
1.876392
1.841617
1.982512
1.844332
1.751536
1.525068
1.715068
1.709263
1.606992
1.918715
1.698024
1.894522
1.866051
1.983397
1.809668
1.909001
1.748298
1.662221
1.964065
1.659618
1.504931
1.711459
1.628185
1.782993
1.700267
1.890838
1.632805
1.760999
1.923459
1.700379
1.932213
1.372515
1.898420
1.654480
1.443563
1.475271
1.608886
1.713467
1.392310
1.951569
1.559988
1.936376
1.936030
1.501239
1.447447
1.674135
1.711218
1.489040
1.852512
1.885337
1.975395
1.370170
1.381273
1.383406
1.561780
1.693681
1.427101
1.410034
1.956939
1.791531
1.393838
1.620821
1.776678
1.738849
1.867835
1.838637
1.577042
1.883765
1.432201
1.837692
1.624868
1.475799
1.920807
1.662290
1.993114
1.648953
1.352546
1.866019
1.292648
1.916025
1.422008
1.493342
1.660659
