1.958782
1.969212
1.786159
1.769571
1.969894
1.815789
1.993384
1.939107
1.916603
1.913163
1.827968
1.828590
1.961988
1.859618
1.621371
1.832341
1.970967
1.843765
1.955745
1.859757
1.810959
1.781367
1.922919
1.884189
1.963909
1.843482
1.716728
1.997483
1.948577
1.982738
1.754513
1.748676
1.798499
1.967742
1.844014
1.931275
1.686554
1.795576
1.753930
1.875528
1.830476
1.973506
1.879480
1.901079
1.787535
1.863885
1.874542
1.798925
1.797548
1.747507
1.982106
1.996733
1.769574
1.947069
1.570612
1.821632
1.930973
1.979527
1.853687
1.961246
1.900737
1.773557
1.803586
1.967595
1.507579
1.615471
1.741443
1.912661
1.801853
1.853425
1.957554
1.638646
1.897918
1.879565
1.641913
1.999138
1.985349
1.937970
1.768160
1.962981
1.741921
1.768346
1.802366
1.607371
1.615616
1.758463
1.984346
1.685093
1.752564
1.700041
1.728398
1.956448
1.841036
1.845958
1.992763
1.870423
1.746898
1.576126
1.564318
1.978929
1.631620
1.604272
1.776652
1.596031
1.905096
1.634532
1.532459
1.894210
1.744603
1.530521
1.924396
1.487395
1.829435
1.480254
1.949553
1.766130
1.803459
1.892990
1.698330
1.851256
1.961312
1.824043
1.791678
1.581059
1.882273
1.872042
1.666303
1.595472
1.748977
1.854295
1.695920
1.907066
1.776683
1.938543
1.793935
1.596667
1.911185
1.890308
1.703110
1.814820
1.492818
1.794429
1.917028
1.943143
1.600509
1.422306
1.567179
1.525150
1.906939
1.838521
1.405596
1.971666
1.524699
1.340174
1.944106
1.472685
1.578476
1.881589
1.719685
1.435140
1.465547
1.646316
1.961562
1.862379
1.351406
1.973655
1.769059
1.196701
1.895911
1.727437
1.760654
1.286819
1.694802
1.409124
1.567691
1.520779
1.525154
1.897579
1.652642
1.413361
1.883961
1.496817
1.632124
1.934473
1.891094
1.774059
1.716318
1.692878
1.811046
1.332670
1.954877
1.509956
1.802703
1.950537
1.748237
1.623679
1.457831
