1.638598
1.687872
1.907276
1.908794
1.843935
1.872943
1.624406
1.747900
1.967972
1.926016
1.832711
1.504093
1.692420
1.818020
1.888965
1.848768
1.422428
1.689351
1.969171
1.977053
1.541982
1.635774
1.549495
1.997591
1.992503
1.791776
1.951808
1.884514
1.458696
1.935389
1.845073
1.609837
1.772808
1.999848
1.501540
1.364790
1.704658
1.601559
1.722427
1.770843
1.742053
1.768923
1.895195
1.790277
1.553628
1.594365
1.545650
1.689861
1.675376
1.489575
1.833667
1.395019
1.231061
1.731167
1.659540
1.920805
1.640333
1.948244
1.840661
1.719608
1.776895
1.591710
1.383409
1.757300
1.202331
1.836069
1.963409
1.966203
1.827640
1.687792
1.813368
1.977645
1.957750
1.837129
1.619374
1.759342
1.983435
1.438299
1.616188
1.633253
1.922417
1.863665
1.837705
1.192336
1.665812
1.540725
1.792742
1.463068
1.682036
1.751598
1.627415
1.544967
1.799167
1.726436
1.876819
1.368191
1.475959
1.786238
1.974263
1.622434
1.447962
1.909447
1.845338
1.927148
1.376388
1.924582
1.793855
1.086971
1.958655
1.934488
1.945983
1.845858
1.694099
1.788440
1.605680
1.601257
1.686279
1.939698
1.910563
1.255753
1.702498
1.853161
1.969417
1.780330
1.492461
1.667434
1.989219
1.407603
1.656880
1.728723
1.829848
1.617102
1.716706
1.977926
1.972916
1.924701
1.845882
1.732721
1.971009
1.942417
1.106689
1.908691
1.385079
1.455483
1.570614
1.944197
1.309958
1.455174
1.573183
1.654232
1.688877
1.449697
1.514932
1.843681
1.618708
1.359794
1.655955
1.324889
1.635962
1.825238
1.713872
1.599406
1.857170
1.761409
1.417329
1.770046
1.136495
1.560095
1.432529
1.646379
1.628202
1.455418
1.782449
1.835140
1.734134
1.442640
1.362517
1.591281
1.247515
1.804376
1.958990
1.203764
1.767422
1.949752
1.975801
1.723012
1.675764
1.938649
1.146169
1.955778
1.987058
1.696274
1.918300
1.665292
1.445728
1.625532
1.581997
1.960696
1.895864
1.819788
1.354420
1.866292
1.864130
1.635927
1.627950
1.484912
1.572007
1.978074
1.802978
1.750736
1.474520
1.628118
1.427491
1.940852
1.915988
1.722293
1.445361
1.884073
1.996190
1.911796
1.573991
1.548731
1.801941
1.706493
1.442849
1.903973
1.324302
1.774694
1.976495
1.597587
1.632773
1.442986
1.153548
1.903898
1.671655
1.278449
1.885881
1.837872
1.777769
1.291222
1.967749
1.109478
1.770389
1.733629
1.097502
1.806773
1.673422
1.353943
1.906918
1.348082
1.788074
1.278146
1.960822
1.709876
1.604944
1.674533
1.764961
1.635957
1.640631
1.677631
1.719872
1.178521
1.414114
1.934488
1.013537
1.659440
1.693114
1.122269
1.301363
1.475871
1.879626
1.480550
1.475642
1.252909
1.610067
1.353141
1.905811
1.626804
1.825328
1.924069
1.132284
1.768568
1.251107
1.646772
1.843636
1.472165
1.442655
1.306073
1.840860
1.110873
1.709820
1.278603
1.986158
1.740011
1.951527
1.802098
1.878784
1.948113
1.230823
1.288523
1.519740
1.562488
1.930809
0.894220
1.370310
1.767624
1.755540
1.504113
1.870687
1.996582
1.530161
1.978320
1.258772
1.538361
1.052232
1.961137
1.570528
1.823687
1.579768
1.824737
1.553148
0.970150
1.172224
1.249029
1.962375
1.650139
1.347712
1.242710
1.286625
1.363630
1.141553
1.362654
1.796387
1.444513
1.987977
1.605067
1.676708
1.219479
1.120471
1.370067
1.732048
1.883452
1.808812
1.894278
1.746176
1.902599
1.920574
1.787594
1.801693
1.606874
1.767426
1.216119
1.864354
1.807675
1.186376
1.662458
1.733253
1.056405
1.993074
1.683730
1.202031
1.535089
1.926511
1.289377
1.484099
1.474927
1.132380
1.546770
1.665051
1.266277
1.778593
1.473514
1.933904
1.825836
1.579926
1.070740
1.184549
1.145471
1.830236
1.451140
1.861187
1.896797
1.686904
1.500243
1.717566
1.263033
1.363678
1.314593
1.960647
1.973486
1.315946
1.184938
1.873438
1.302084
1.063923
1.700520
1.751228
1.937219
1.223955
1.663020
1.885845
1.249654
1.509080
1.855396
1.023280
1.909436
1.850067
1.732880
1.483922
1.969013
1.872583
1.907821
1.210916
1.430802
1.652408
1.744874
1.767239
1.602368
1.856464
1.364834
1.988287
1.655365
1.517943
1.699885
1.460563
1.797210
1.833317
1.920955
1.553826
1.487779
1.776155
1.621685
1.391789
1.438021
1.659067
1.215467
1.147907
1.653956
1.631079
1.086987
1.314348
1.858455
1.577654
1.536240
1.880356
1.811884
1.708147
1.781957
1.811013
1.778739
1.546635
1.110355
1.199977
1.725236
1.758170
1.395052
1.191618
1.984410
1.765183
1.827475
1.529052
1.030089
1.875826
1.581898
1.965118
1.964096
1.794141
1.784545
1.782608
1.729854
1.533119
1.889418
1.810173
1.992957
1.364958
1.621892
1.987346
1.185908
1.313413
0.974978
1.425999
1.943189
1.580560
1.908986
1.539526
1.546139
1.545509
1.706938
1.661494
1.046118
1.693825
1.078816
1.774853
1.927809
1.846429
1.097516
1.291778
1.874925
1.433971
1.929627
1.259859
1.851143
1.736202
1.174337
1.592093
1.872465
1.928451
1.282688
1.128126
1.659361
1.430667
1.533495
1.938964
1.639404
1.525306
1.844758
1.300868
1.046388
1.568279
1.667896
1.898604
1.684511
1.468182
1.719820
1.894334
1.890368
1.986146
1.380422
0.901781
1.400878
1.319331
1.979349
1.482074
1.119320
1.244176
1.561091
1.547601
1.359512
1.445824
0.837450
1.859018
1.481208
1.773780
1.737257
1.872608
1.186800
1.333116
1.295847
1.376671
1.837552
1.840916
1.410793
1.824496
1.752666
1.652927
1.534551
1.746484
1.963892
1.432007
1.650290
1.584581
1.876798
1.516624
1.310417
1.829443
1.587223
1.890633
1.166230
1.686089
1.685643
0.987252
1.315135
1.846394
1.876129
1.931111
1.296274
1.375002
1.536874
1.757308
1.958673
1.123634
1.343803
1.125649
1.538281
1.869723
1.511444
1.928278
1.127609
1.965506
1.173813
1.620348
1.064561
1.362629
1.907441
1.725449
1.767988
1.150558
1.168595
1.285563
1.243564
1.586657
1.465357
1.920734
1.183148
1.709641
1.568533
1.146803
1.954822
1.510159
1.594159
1.303891
1.156974
1.386946
1.474273
1.374528
0.961930
1.542997
1.204327
1.814286
1.128579
1.932627
1.908580
1.877277
1.423185
1.009469
1.803558
1.584743
1.695318
1.295385
1.120215
1.681538
1.803516
1.626239
1.469383
1.956417
1.338934
1.105393
1.357500
1.652699
1.118574
1.253456
1.355301
1.047736
1.747937
1.357203
1.171519
1.645213
1.563159
1.935962
1.023179
1.465944
1.286878
1.534513
1.389154
1.487464
1.827984
1.561039
0.946469
1.840451
1.047914
1.243026
1.226624
1.389236
1.659124
1.852414
1.967668
1.076680
1.286371
1.332759
1.995691
0.991053
1.806901
0.906960
1.967259
1.499092
1.628312
1.380631
1.705961
1.615281
1.730047
1.988607
0.896288
1.883648
1.990116
1.153477
1.253020
1.035668
1.899983
0.967152
1.844214
1.156702
1.045508
1.522677
1.236818
1.086303
1.492669
1.195848
1.706964
1.772573
1.861389
1.816997
1.524619
0.896917
1.868492
1.757364
1.882189
1.663524
1.835505
1.650198
1.142558
1.410455
1.087144
1.863967
1.250536
1.295668
1.739724
1.177790
1.791120
1.935191
1.953003
1.950348
1.270354
1.570101
1.302080
1.561620
1.580862
1.868632
0.793174
1.310210
1.902751
1.134523
1.240284
1.977158
1.723671
1.592207
0.929929
1.052176
1.620325
1.578274
1.474534
1.536608
1.705624
1.285418
0.867952
1.741134
1.878305
1.254426
0.965769
1.399006
0.932661
1.469973
1.173551
1.230846
1.890490
1.713991
1.004564
1.490499
1.841624
1.684688
1.623995
1.572043
1.187219
1.504635
1.515325
1.723859
1.454060
1.782348
1.481453
0.913686
1.904069
1.959262
0.927195
1.047927
1.768638
1.466569
0.949033
1.701313
1.790009
1.818698
1.663946
1.844122
1.442385
1.731491
1.498437
0.893005
1.355441
1.268534
1.863055
1.934850
1.206755
1.302703
1.944000
1.670357
1.140904
1.364365
1.564088
1.890279
1.259673
1.833935
1.635964
1.659383
1.680671
1.467670
1.920571
1.496536
0.807694
1.104404
1.057984
1.688179
