1.687909
1.916949
1.802602
1.739788
1.800236
1.919802
1.852554
1.596954
1.695666
1.330091
1.076656
1.927995
1.981160
1.871780
1.469264
1.718859
1.383099
1.299662
1.523021
1.530511
1.509447
1.906007
1.466578
1.196541
1.798792
1.973072
1.827631
1.658205
1.056223
1.935909
1.826705
1.328416
1.393328
1.683987
1.153912
1.525829
1.887529
1.859961
1.924745
1.422413
1.861113
1.292486
1.606281
1.331326
1.505526
1.508067
1.998738
1.874048
1.603229
1.062878
1.900020
1.225994
1.613917
1.183437
1.372876
1.435382
1.662261
1.800834
1.166684
1.837414
1.884152
1.762263
1.909015
1.140624
1.531094
1.624559
1.763126
1.420149
1.241012
1.827972
1.768246
1.654929
1.894428
1.986644
1.514732
1.147764
1.323039
1.261390
1.533520
1.955953
1.858217
1.825625
1.628652
1.516598
1.303523
1.023384
1.836381
1.856024
1.864213
1.899530
1.484744
1.330889
1.658082
1.984130
1.787627
1.952518
1.214902
1.903295
1.895376
1.802091
1.740873
1.898878
1.788742
1.670653
1.297731
1.785033
1.886188
1.923162
1.916306
1.417955
1.906376
1.453030
1.615136
1.450915
1.883157
1.773276
1.564816
1.118955
1.023501
1.207482
1.784140
1.775773
1.952124
1.805028
1.933743
1.267998
1.657464
1.909072
1.606076
1.854712
1.425829
1.375448
1.703548
1.976829
1.927910
1.574710
1.395991
1.732473
1.250277
1.210980
1.269730
1.557107
1.447703
1.607936
1.747284
1.591760
1.979158
1.784224
1.874906
1.516002
1.105413
1.378581
0.913835
1.965193
1.841776
1.877170
1.573384
1.817078
1.948150
1.736215
1.902755
1.296550
1.441175
1.864948
1.260442
1.959167
1.791053
1.656727
1.714023
1.847106
1.580006
1.807438
1.163586
1.388582
1.770771
1.178317
1.628274
1.862360
1.621182
1.831206
1.302805
1.737945
1.407518
1.111136
1.942124
1.438185
1.514127
1.051217
1.469208
1.649382
1.970606
1.550063
1.188407
1.255318
1.822374
1.194397
1.844129
1.611914
1.609361
1.329158
1.080222
1.387179
1.501257
1.844666
1.377752
1.590300
1.771937
1.192640
1.142817
1.454794
0.961879
1.940985
1.961926
1.832245
1.441639
1.435496
1.403725
1.236578
1.886492
1.174318
1.708810
1.058415
1.939314
1.264891
1.995363
1.254017
1.474254
1.759773
1.152544
1.934256
1.493302
1.414016
1.666404
1.332719
1.972025
1.942080
1.461912
1.674762
1.303154
1.338609
0.986062
1.956003
1.686735
1.943743
1.518138
1.609675
1.055897
1.289531
1.322818
1.615219
1.452794
1.875345
1.441675
1.750010
1.108951
1.905534
1.197297
1.347506
1.769338
1.847895
1.752120
1.452082
1.675587
1.763982
1.501611
1.568449
1.682941
1.959789
1.991051
1.353239
1.977748
1.140085
1.663718
1.914555
1.534642
1.909293
1.076858
1.182805
1.969770
1.716213
1.492989
1.198286
1.518103
1.643507
1.148317
1.167975
1.038071
1.285821
1.270484
1.700800
1.682176
1.846491
1.096014
1.065070
0.807135
1.977469
1.894091
1.899470
1.931545
1.447851
1.893728
1.274116
1.742314
1.237923
1.670419
1.995632
1.802921
1.520661
1.353534
1.320942
1.387243
1.305980
1.306368
1.929515
1.794658
1.358169
0.973560
1.353414
1.291137
1.579273
1.798014
