1.962883
1.829420
1.955266
1.931058
1.841263
1.854417
1.928875
1.936413
1.992893
1.937698
1.750029
1.795730
1.976905
1.841373
1.889202
1.826972
1.968932
1.982900
1.938118
1.855142
1.880038
1.942325
1.995783
1.830061
1.714273
1.729189
1.911085
1.998200
1.753203
1.907600
1.956499
1.556884
1.843093
1.864835
1.985980
1.861357
1.823501
1.848848
1.671751
1.974265
1.855706
1.729009
1.720487
1.949288
1.828704
1.851098
1.896653
1.791263
1.530207
1.908958
1.697197
1.864827
1.713355
1.748368
1.854271
1.922612
1.749484
1.708008
1.914118
1.758631
1.889070
1.975473
1.775153
1.641104
1.641797
1.867019
1.753651
1.772293
1.863668
1.990088
1.777502
1.674995
1.916748
1.607463
1.694372
1.890172
1.799589
1.693772
1.718610
1.911559
1.452599
1.687825
1.663190
1.834646
1.606694
1.675719
1.942713
1.906492
1.791669
1.810768
1.707396
1.913482
1.910715
1.698758
1.983286
1.977119
1.568818
1.751158
1.907170
1.581708
1.439721
1.704876
1.801538
1.585460
1.766002
1.986655
1.796142
1.460474
1.609624
1.979561
1.940016
1.522312
1.674269
1.709655
1.700953
1.893560
1.680220
1.981089
1.620905
1.657040
1.891912
1.801728
1.888370
1.747001
1.532276
1.558966
1.937685
1.653573
1.791127
1.588140
1.920784
1.945943
1.683286
1.981468
1.645477
1.909606
1.628731
1.645583
1.734954
1.562023
1.674833
1.517424
1.875880
1.868812
1.688541
1.477461
1.505406
1.802937
1.655168
1.446372
1.627118
1.851400
1.975970
1.853611
1.749852
1.872142
1.869360
1.641134
1.626113
1.367384
1.926678
1.968290
1.797061
1.603819
1.484496
1.281553
1.701766
1.975176
1.857659
1.410460
1.559989
1.744388
1.569536
1.673170
1.320381
1.666777
1.706309
1.226835
1.414992
1.384659
1.740085
1.501154
