1.861990
1.853708
1.837370
1.835948
1.920131
1.716372
1.921071
1.355732
1.767558
1.649214
1.748720
1.981637
1.854093
1.591359
1.993648
1.978834
1.697194
1.713401
1.976122
1.168224
1.480498
1.761324
1.273959
1.602613
1.882022
1.778774
1.620207
1.578761
1.865351
1.689484
1.552019
1.943269
1.763799
1.521428
1.790880
1.624749
1.570282
1.836817
1.923613
1.651018
1.800429
1.793024
1.512127
1.816057
1.327642
1.700381
1.289411
1.394542
1.992147
1.894135
1.907823
1.577982
1.837506
1.965215
1.776515
1.515783
1.520966
1.954991
1.627926
1.809240
1.680089
1.273779
1.334579
1.750405
1.776740
1.195450
1.738721
1.724469
1.546142
1.843311
1.667968
1.458447
1.132513
1.621885
1.664282
1.164123
1.804041
1.869117
1.930455
1.767099
1.766043
1.727896
1.981229
1.736055
1.392070
1.375442
1.549582
1.735280
1.525732
1.980968
1.647885
1.692579
1.907206
1.909245
1.955464
1.343435
1.791107
1.699884
1.895811
1.775412
1.470942
1.760150
1.561655
1.508171
1.272014
1.777539
1.508067
1.699203
1.570876
1.854588
1.760895
1.791170
1.443370
1.238611
1.482327
1.913113
1.982985
1.909388
1.676314
1.819878
1.788362
1.761799
1.829963
1.514965
1.639066
1.177700
1.864170
1.987378
1.652639
1.283056
1.191473
1.908396
1.929859
1.925156
1.392337
1.329886
1.343260
1.319442
1.792079
1.774597
1.878720
1.600149
1.997182
1.257046
1.990445
1.761529
1.000277
1.668490
1.684208
1.549691
1.497545
1.404708
1.922307
1.998188
1.341906
1.087499
1.770932
1.618103
1.838276
1.916162
1.867250
1.282031
1.618281
1.651305
1.170143
1.013637
1.945531
1.495390
1.819732
1.606365
1.366228
1.310587
1.569343
1.789626
1.341460
1.144892
1.854497
1.867113
1.276134
1.765290
1.851173
1.611758
1.871485
1.692847
1.669759
1.991697
1.586036
1.556534
1.509752
1.355594
1.903070
1.264312
1.359119
1.779619
1.915761
1.174158
1.862888
1.538419
1.715546
1.535302
1.857126
1.872824
1.954336
1.187764
1.840790
1.395334
1.930093
1.392921
1.201271
1.854127
1.561445
1.869631
1.684488
1.235848
1.955916
1.643282
1.905649
1.986488
1.631215
1.200336
1.705482
1.977484
1.761777
1.222281
1.418880
1.593892
1.527842
1.499461
1.288719
1.031740
1.777098
1.766333
1.073878
1.593900
1.989947
1.299845
1.671978
1.791750
1.778508
1.951616
1.483818
1.728594
1.940925
1.201176
1.444224
1.848913
1.435305
1.131232
1.216185
1.622604
1.867918
1.681116
1.594750
1.365320
1.306424
1.682935
1.703935
1.989649
1.870800
1.658004
1.866564
1.843631
1.287925
1.976715
1.853003
1.310787
1.880594
1.791920
1.463305
1.658231
1.255340
1.532452
1.570358
1.988950
1.578478
1.846211
1.744293
1.807510
1.749051
0.946010
1.831548
1.998406
1.564583
1.788791
1.997627
1.802900
0.963178
1.306679
1.663535
1.384458
1.808992
1.184565
1.464933
1.417362
1.377820
1.331628
1.138569
1.209590
1.633588
1.541090
1.809856
1.343716
1.800953
1.995352
1.865090
1.433551
1.487252
1.244621
1.212537
1.610125
1.426255
1.203229
1.390930
1.463288
1.778523
1.726568
1.710148
1.513956
1.908868
1.589667
1.768172
1.587444
1.674693
1.291670
1.522435
1.363635
1.613443
1.481075
1.427305
1.357169
1.892222
1.369272
1.945694
1.371293
1.390854
1.993198
1.732814
1.879068
1.962189
1.310444
1.925174
1.413363
1.894341
1.536380
1.575862
1.780801
1.989055
1.694341
1.309415
1.190485
1.592933
1.771931
1.554085
1.727926
1.623686
1.551498
1.715817
1.694395
1.344430
1.851718
1.228204
1.318879
1.554911
1.351187
1.260438
1.922311
1.838949
1.178075
1.723333
1.649519
1.686319
1.991626
1.378169
1.937435
1.412785
1.227927
1.962751
1.235480
1.718977
1.015465
1.917570
1.904738
1.427111
1.921916
1.643105
1.688020
1.898692
1.912700
1.444634
1.108370
1.446899
1.919769
1.832649
1.412835
1.753521
1.542021
1.767432
1.115003
1.896846
1.988241
1.828082
1.519565
1.171641
1.765245
1.736904
1.562535
1.158356
1.424226
1.343625
1.322840
1.494076
1.315230
1.901395
1.629931
1.743479
1.635592
1.426064
1.487399
1.836101
1.607114
1.714682
1.551339
1.408522
1.288023
1.842767
1.715069
1.952711
1.426225
0.815955
1.781046
1.879694
1.778672
1.460152
1.345366
1.330097
1.623132
1.810393
1.109295
1.744733
1.081670
1.573916
1.635623
1.469934
1.030130
1.817139
1.622588
1.978941
1.895021
1.804937
1.820252
1.775222
1.258748
1.487239
1.915433
1.972228
1.682968
1.825585
1.623685
1.729036
0.976193
1.859247
1.772869
1.075653
1.311268
1.279512
1.766930
1.157934
1.689668
1.307742
1.952534
1.925512
1.854186
1.581489
1.361967
1.650489
1.537269
1.352418
1.891546
1.210878
1.954799
1.369473
1.615525
1.483909
1.267672
1.581995
1.751089
1.194967
1.681479
1.140554
1.214094
1.842302
1.675711
1.702001
1.133766
1.355929
1.900925
1.492126
1.751239
1.255956
1.502854
1.517301
1.508031
1.215446
1.940616
1.656529
1.178356
1.715137
1.899239
1.237724
1.389248
1.461140
1.796957
1.911674
1.844509
1.643734
1.303393
1.290324
1.534861
1.716324
1.755416
1.777272
1.789518
1.325498
1.919577
1.185932
1.309655
1.998049
1.815107
1.968913
1.663053
1.401704
1.392949
1.445005
1.617089
1.944967
1.580506
1.745421
1.462109
1.409067
1.384952
1.698905
1.767119
1.150308
1.668314
1.104184
1.618257
1.881266
1.202204
1.325060
1.483679
1.027635
1.271879
1.117823
1.536958
1.810916
1.923598
1.976964
1.920151
1.363846
1.617158
1.568074
1.031584
1.835889
0.999774
1.533069
1.144259
1.994110
1.783855
1.691415
1.856086
1.477956
1.921187
1.615533
1.642716
0.914415
1.218049
1.550320
1.040537
1.104497
1.287475
1.123912
1.969728
1.576437
1.791246
1.687617
1.478198
1.338195
1.851553
1.235734
1.506167
1.653209
1.841614
1.886312
1.564209
1.609305
1.837195
1.008375
1.353287
1.769793
1.359774
1.581040
1.126326
1.572297
1.660769
1.478360
1.411571
1.709453
1.976209
1.000967
1.320005
1.231807
1.589029
1.132363
1.697405
1.736718
1.396837
1.062532
1.554548
1.652451
1.002398
1.787912
1.953246
1.544064
1.281347
1.983576
1.689140
1.420346
1.947675
1.989513
1.546305
1.964028
1.366325
1.243404
1.031588
0.916346
1.051048
1.858683
1.981955
1.349325
1.261348
1.442045
1.882868
1.126651
1.182029
1.327748
0.936599
1.650538
1.634280
1.281883
1.606153
1.813877
1.015834
1.156254
1.545748
1.114551
1.566022
1.695933
1.813881
1.939778
1.024643
1.817405
1.729919
0.953671
1.938106
1.157932
1.731230
1.047323
1.293512
1.732259
1.800275
1.447083
1.818349
1.719721
1.505155
1.168002
1.459837
1.245737
1.035221
1.392699
1.400366
1.866784
1.551054
1.405395
1.766267
1.605599
1.759130
1.592182
1.567535
1.129511
1.913813
1.928172
1.306227
1.662568
1.123070
1.347748
1.645036
1.847883
1.397346
1.143299
1.342747
1.746940
1.353174
1.665311
1.456858
1.661513
1.788858
0.820659
1.882970
1.678263
1.309298
1.651764
1.753109
1.235000
1.880598
1.717784
1.613858
1.277113
1.095408
1.128328
1.436638
1.693243
1.331128
1.006835
1.700977
0.962753
1.343176
1.444577
0.979989
1.674143
1.951276
1.932486
1.655356
0.917926
0.850272
1.746592
1.101469
