1.601931
1.845454
1.897105
1.614815
1.867701
1.351177
1.673572
1.056114
1.805216
1.733298
1.847726
1.639719
1.467433
1.688690
1.673069
1.655136
1.982198
1.540395
1.339521
1.889321
1.643410
1.780269
1.989081
1.668669
1.200415
1.879154
1.458102
1.758729
1.425315
1.577427
1.828473
1.758834
1.673751
1.974377
1.717945
0.936718
1.520654
1.970159
1.926204
1.938104
1.572844
1.555078
1.952402
1.250377
1.021831
1.585926
1.512026
1.809974
1.449448
1.930624
1.961922
1.785412
1.480143
1.855038
1.525264
1.407301
1.984946
1.930570
1.698897
1.251756
1.879767
1.519270
1.940926
1.365906
1.931184
1.618258
1.517523
1.347670
1.682625
1.154234
1.486825
1.469012
1.446969
1.581687
1.995022
1.857570
1.601253
1.862097
1.780238
1.966816
1.791466
1.669697
1.884465
1.398762
1.871935
1.660259
1.950729
1.442703
1.651665
1.543678
1.909147
1.561914
1.784586
1.606636
1.726332
1.610241
1.674014
1.530675
1.659212
1.831757
1.813479
1.589561
1.790201
1.532312
1.460042
1.794119
1.127865
1.918998
1.579214
1.043584
1.946528
1.926565
1.138722
1.846611
1.908630
1.335993
1.999889
1.588027
1.827641
1.771510
1.634471
1.749455
1.758047
1.455683
1.956742
1.204089
1.634922
1.161572
1.737958
1.720640
1.499157
1.749707
1.559123
1.664677
1.778471
1.513983
1.226738
1.114068
1.502219
1.389662
1.080257
1.810085
1.845165
1.491093
1.848572
1.770129
1.511131
1.514511
1.358672
1.990838
1.628454
1.739270
1.930391
1.695904
1.286321
1.367908
1.868071
1.540163
1.005781
1.072054
1.716339
1.930598
1.047682
1.281381
1.695220
1.921311
1.194874
1.877626
1.557389
1.140159
1.848531
1.369830
1.077550
1.698945
1.496878
1.490972
1.255206
1.866918
1.737917
1.825801
1.483246
1.969402
1.834472
1.924744
1.474687
1.791207
1.911643
1.590735
1.129058
1.698579
1.656853
1.272491
1.778362
1.730107
1.106709
1.637472
1.438618
1.912463
1.568769
1.667202
1.613534
1.925637
1.695424
1.831471
1.887631
1.720451
1.629466
1.920772
1.400940
1.231780
1.272831
1.482432
1.656576
1.790663
1.596691
1.261222
1.425547
1.797453
1.958797
1.636642
1.331340
1.632667
1.837717
1.707778
1.349470
1.902976
1.092987
1.769934
1.960444
1.857848
1.178857
1.987217
1.435260
1.854250
1.974686
1.238137
1.775734
1.238645
1.796950
1.785536
1.570937
1.083761
1.317268
1.454460
1.914603
1.595269
1.925785
1.456838
1.538301
1.623085
1.812985
1.948045
1.357438
1.686775
1.774928
1.881650
1.935407
1.639889
1.163738
1.130095
1.755501
1.630687
1.974124
1.626477
1.006823
1.784278
1.009035
1.418971
1.351901
1.101951
1.407523
1.593724
1.528225
1.978018
1.895166
1.949374
1.967845
1.512897
1.883038
1.627775
1.221040
1.429493
1.280757
1.784416
1.684121
1.181366
0.986082
1.661639
1.938247
1.839025
1.497903
1.797769
1.872092
1.430652
1.296843
1.130499
1.319265
1.991395
1.794888
1.485846
1.827276
1.844856
1.128720
1.914004
1.958711
1.299087
1.490404
1.627876
1.397195
1.643328
1.599281
1.110128
1.372547
1.573865
1.762604
1.651327
1.630359
1.999323
1.769995
1.752102
1.751975
1.836309
1.973540
1.268880
1.494715
1.977602
1.989996
1.443370
1.801894
1.828540
1.205604
1.688034
1.408820
1.257766
1.655869
1.618206
1.967632
1.590107
1.657492
1.884146
1.626351
1.169230
1.457344
1.531057
1.602289
1.668431
1.467852
1.709380
1.960588
1.422542
1.283505
1.662267
1.071034
1.263427
1.086362
1.470074
1.899430
1.861790
1.575428
1.747989
1.394591
1.964526
1.662728
1.232851
1.471826
1.200016
1.092463
1.672831
1.619380
1.480828
1.634843
1.893409
1.620197
1.194666
1.905619
1.974906
1.800454
1.377909
1.214825
1.995686
1.034190
1.492998
1.975203
1.717498
1.156270
1.843134
1.749618
1.777839
1.517853
1.812005
1.231074
1.345525
1.255663
1.662863
1.718687
1.410362
1.623999
1.073878
1.283456
1.872295
1.997857
1.302969
1.997348
1.964549
1.624052
1.587437
1.851659
1.938021
1.758088
1.746609
1.862095
1.139614
1.905629
1.766353
1.981571
1.741030
1.334691
1.546553
1.955742
1.510474
1.618106
1.449454
1.071786
1.063122
1.576074
1.066620
1.374222
1.368924
1.177294
1.914152
1.202318
1.961387
1.083197
1.955048
1.806953
1.305930
1.526151
1.997872
1.537826
1.219337
1.088043
1.120415
1.854864
1.791884
1.707092
1.922686
1.542252
1.718176
1.499018
1.908836
1.942419
1.588387
1.962660
1.201126
1.461124
1.190083
1.316974
1.736515
1.769457
1.407399
1.483026
1.294561
1.815166
1.721795
1.426776
1.344293
1.486812
1.904211
1.494028
1.858753
1.789206
1.953498
1.707617
1.504560
1.903864
1.809912
1.512237
1.937439
1.827319
1.596089
1.716790
1.770301
1.509741
1.387696
1.900037
1.976434
0.955516
1.013570
1.513553
1.664726
1.142029
1.605580
1.864111
1.691333
1.758103
1.741792
1.187373
1.276362
1.479026
1.511664
1.166684
1.058767
1.479782
1.127477
1.383233
1.872943
1.349305
1.611403
1.904164
1.695004
1.886988
1.229480
1.635869
1.883037
1.768355
1.373402
1.309217
1.607471
1.908553
1.927644
1.129875
1.414942
1.947670
1.472121
1.955118
1.680216
1.562649
1.074661
1.369840
1.776353
1.744064
1.697840
1.636142
1.339392
1.832238
1.580010
1.712967
1.556980
1.031213
1.149538
1.676289
1.502880
1.691703
1.934943
1.494075
1.402229
1.233289
1.989966
1.182213
1.928641
1.088669
1.910696
1.509039
1.877729
1.439180
1.026189
1.324997
1.671777
1.429556
1.702258
1.986323
1.535554
1.053556
1.002230
1.897258
1.449493
1.926201
0.991567
1.516561
1.697576
1.815916
1.917140
1.249100
1.201005
1.161786
1.715130
1.978540
1.374065
1.475262
1.922502
1.310725
1.808870
1.068612
1.708334
1.581203
1.407522
1.996981
1.380424
1.905574
1.670847
1.224966
1.922905
0.835613
1.565746
1.588743
1.805092
1.961628
1.924234
1.228579
1.997790
1.305405
1.124427
1.630569
1.095977
1.343084
1.747460
1.342037
1.252404
1.058935
1.679469
0.861083
1.120812
0.867263
1.783662
1.554542
1.546822
1.236571
1.745643
1.621170
1.238351
0.982631
1.527402
1.478810
1.755940
1.505398
1.926029
1.973606
0.963193
1.845270
1.558621
1.130242
1.766840
1.700787
1.189010
1.688137
0.833311
1.454213
1.428633
1.283804
1.675066
1.628350
1.955795
1.234662
0.879348
1.507061
1.798544
1.739638
1.175657
1.198402
1.078780
1.780669
1.334961
1.443544
1.055134
1.431567
1.987688
1.990659
1.619890
1.822474
1.423203
1.818042
1.440910
1.066550
1.674497
1.871510
1.165036
1.944040
1.998388
0.911584
0.903032
1.323177
0.990952
1.100095
1.531078
1.342753
1.681268
1.147546
1.445345
1.276783
1.846229
1.371357
1.272119
1.968335
1.888365
1.977615
1.968290
1.662629
1.791861
1.083205
1.397519
0.830400
1.917319
1.527240
1.373877
1.864995
1.841691
0.817516
1.498696
1.096868
1.151999
1.296316
1.917695
1.989527
1.158294
1.054759
1.626703
1.921648
1.895861
1.711691
1.745483
1.323437
1.794991
1.368729
1.316620
0.964351
1.838807
1.529776
1.884351
1.869207
1.388196
1.462560
0.819754
1.381017
1.984664
0.842337
1.433940
1.078021
1.024163
1.957665
1.978412
1.982103
1.144084
1.799658
1.552294
1.085548
1.134175
1.244426
1.716540
1.994373
1.642626
1.594506
1.474765
1.511073
1.591998
1.525370
1.730603
1.490290
1.068097
0.969011
1.310591
1.973925
1.133427
1.439977
1.507101
1.053860
1.344363
1.121013
1.662392
1.181855
1.409685
1.981561
1.779233
1.830756
1.730665
