1.998956
1.945685
1.950962
1.984193
1.938250
1.845798
1.698896
1.923434
1.939460
1.787719
1.798041
1.981125
1.816402
1.928437
1.983618
1.940476
1.815632
1.908830
1.857933
1.899627
1.942244
1.715874
1.776217
1.865066
1.966512
1.935944
1.926870
1.790771
1.944800
1.675882
1.668336
1.836651
1.970717
1.900764
1.948017
1.794066
1.940520
1.566380
1.988982
1.954071
1.800965
1.785525
1.911052
1.741527
1.733708
1.697953
1.617631
1.619870
1.668886
1.993508
1.974705
1.665880
1.677510
1.637162
1.833478
1.670013
1.642482
1.661937
1.718600
1.877052
1.602255
1.579273
1.664884
1.617128
1.847566
1.843034
1.750883
1.928125
1.952997
1.780293
1.966905
1.797551
1.582494
1.668336
1.848679
1.944181
1.934881
1.984052
1.583819
1.748813
1.759966
1.479842
1.612913
1.849966
1.603569
1.791379
1.956959
1.992466
1.919005
1.579500
1.609138
1.654533
1.557635
1.682156
1.837915
1.700304
1.657979
1.759326
1.896463
1.837955
1.960730
1.836510
1.779423
1.966027
1.478543
1.833384
1.415262
1.721512
1.888513
1.718438
1.361435
1.440251
1.985717
1.812101
1.564102
1.859908
1.885400
1.482342
1.630252
1.635240
1.887140
1.972481
1.429183
1.939829
1.535666
1.523754
1.561466
1.959109
1.703400
1.720304
1.825100
1.646444
1.727676
1.546109
1.560564
1.730509
1.313652
1.888240
1.401193
1.371704
1.418574
1.996744
1.411229
1.723759
1.976308
1.493609
1.814152
1.752503
1.935362
1.436999
1.789681
1.942920
1.685645
1.938111
1.735834
1.614298
1.949807
