1.770643
1.868538
1.813640
1.769927
1.828794
1.905272
1.977063
1.760752
1.916776
1.950642
1.889521
1.815017
1.971876
1.850456
1.972674
1.758102
1.985228
1.796893
1.617500
1.912276
1.719719
1.967054
1.881296
1.859692
1.783920
1.813470
1.998336
1.675607
1.699699
1.981582
1.999221
1.862227
1.740184
1.691684
1.688321
1.870646
1.882634
1.602581
1.702813
1.488022
1.988366
1.645559
1.891650
1.862722
1.939796
1.740131
1.870447
1.902707
1.658673
1.971784
1.544362
1.660001
1.911601
1.713573
1.959516
1.949195
1.473504
1.500237
1.826758
1.697989
1.529329
1.930225
1.897975
1.618024
1.754183
1.964093
1.870858
1.597887
1.731098
1.983909
1.628770
1.466318
1.730027
1.882558
1.756623
1.983886
1.750516
1.401683
1.897229
1.716972
1.463979
1.932061
1.815119
1.480692
1.922241
1.857330
1.430540
1.734954
1.596161
1.798580
1.719686
1.986265
1.696925
1.320181
1.627169
1.505147
1.591049
1.760421
1.494859
1.849016
1.837623
1.498814
1.999386
1.551287
1.904215
1.890298
1.989809
1.717145
1.913055
1.647550
1.676787
1.680679
1.620886
1.776690
1.862287
1.609976
1.359275
1.516798
1.601897
1.996770
1.854952
1.566417
1.277718
1.942702
1.474115
1.712802
1.620524
1.503453
1.440867
1.354169
1.967122
1.858557
1.300918
1.995220
1.902788
1.872343
1.829361
1.414189
1.657772
