1.824939
1.891567
1.605913
1.933226
1.741446
1.978922
1.651572
1.903223
1.521871
1.881317
1.882540
1.998454
1.942475
1.818469
1.766631
1.876593
1.763946
1.828848
1.880860
1.592447
1.722139
1.720627
1.857271
1.580501
1.574138
1.725793
1.917530
1.945258
1.832680
1.368750
1.661329
1.727758
1.903590
1.737129
1.668082
1.748524
1.619001
1.595662
1.984282
1.774290
1.376116
1.801706
1.338124
1.867713
1.845663
1.786555
1.980993
1.677920
1.568889
1.712940
1.781161
1.560134
1.945628
1.631448
1.884512
1.963092
1.923222
1.976594
1.660545
1.272592
1.504725
1.766230
1.993133
1.571948
1.774619
1.718603
1.632504
1.625654
1.915449
1.954593
1.795662
1.972081
