1.775625
1.830198
1.941049
1.917875
1.977330
1.942552
1.925696
1.863263
1.859345
1.934042
1.895477
1.869678
1.789595
1.824841
1.892295
1.644635
1.868169
1.806587
1.816136
1.933549
1.932928
1.853857
1.896902
1.819730
1.838365
1.886538
1.816672
1.963744
1.802664
1.889691
1.748573
1.985016
1.850827
1.804658
1.987575
1.865152
1.901685
1.928043
1.906164
1.620009
1.666472
1.849596
1.826730
1.775014
1.662320
1.873729
1.661806
1.772045
1.842367
1.703354
1.885760
1.998899
1.992424
1.980900
1.537729
1.612946
1.532308
1.649007
1.943817
1.569581
1.805431
1.975310
1.767265
1.752734
1.910637
1.550936
1.976818
1.931844
1.628800
1.679363
1.610199
1.933359
1.685053
1.380187
1.477155
1.657506
1.655523
1.737664
1.642419
1.836913
1.937917
1.361547
1.941352
1.793838
1.925809
1.676432
1.744189
1.883755
1.734706
1.836355
1.616079
1.907626
1.761680
1.921647
1.472880
1.536874
1.671631
1.329156
1.904228
1.485615
1.959305
1.711251
1.469865
1.945113
1.575583
1.389185
1.729382
1.959714
1.663395
1.562234
1.824271
1.566816
1.882505
1.903094
1.985004
1.672903
1.573451
1.878695
1.831631
1.357417
1.442950
1.632350
1.710976
1.604922
1.924916
1.798031
1.718910
1.623894
1.354475
1.605448
1.526255
