1.684540
1.917699
1.701081
1.728808
1.979485
1.884804
1.903037
1.829889
1.708017
1.894149
1.423271
1.686561
1.836336
1.949848
1.421615
1.541366
1.617195
1.850720
1.131543
1.579514
1.502306
1.921150
1.986624
1.967495
1.924382
1.437975
1.947891
1.709361
1.990426
1.282286
1.821156
1.776722
1.439147
1.473974
1.229824
1.679746
1.665775
1.512269
1.956448
1.155613
1.412746
1.358189
1.776230
1.939007
1.985733
1.900439
1.991934
1.908447
1.810936
1.814237
1.461982
1.983696
1.938920
1.994966
1.324014
1.728096
1.531976
1.951376
1.960792
1.656262
1.294239
1.544147
1.365866
1.185950
1.966632
1.518943
1.917583
1.580180
1.980064
1.713424
1.852203
1.875455
1.137517
1.597531
1.879891
1.570682
1.486115
1.664376
1.656112
1.661333
1.270066
1.836084
1.780421
1.833403
1.990608
1.257266
1.906858
1.220554
1.873367
1.403546
1.780919
1.460604
1.895618
1.841950
1.534098
1.235583
1.995015
1.851706
1.903020
1.986686
1.388545
1.871241
1.965590
1.816144
1.360653
1.887544
1.823313
0.998680
1.536597
1.403017
1.814480
1.550918
1.416021
1.237181
1.565897
1.202828
1.875911
1.407314
1.481593
1.994897
1.917846
1.721163
1.404814
1.722327
1.968940
1.975994
1.300388
1.786263
1.974932
1.990180
1.288610
1.543570
0.933306
1.631653
1.964023
1.355535
1.889810
1.821397
1.813106
1.271797
1.712017
1.683765
1.488780
1.623589
1.829306
1.924290
1.985143
1.830036
1.476721
1.368224
1.232442
1.909868
1.711331
1.960674
1.802333
1.840222
1.671111
1.585478
1.050266
1.908379
1.996088
1.782953
1.250223
1.450593
1.295696
1.413613
1.700232
1.317823
1.701121
1.722291
1.788114
1.717215
1.680002
1.828734
1.867753
1.927117
1.882586
1.627970
1.362331
1.550423
1.830038
1.376788
1.752011
1.903154
1.606181
1.552713
1.092183
1.915912
1.899787
1.757980
1.296721
1.516714
1.523859
1.626195
1.785596
1.743062
1.793316
1.136899
1.365634
1.948831
1.579707
1.870283
1.309820
1.747776
1.471120
1.328671
1.574168
1.803505
1.989692
1.415623
1.386290
1.659971
1.808444
1.240125
1.821963
1.718909
1.400143
1.352212
1.172943
1.791259
1.791562
1.695754
1.366761
1.919246
1.942240
1.818010
1.311166
1.680880
1.365750
1.899024
1.407575
1.790889
1.809698
1.657869
1.103169
1.135639
1.404375
1.769122
1.233288
1.195093
1.509870
1.936892
1.981078
1.282170
1.994017
1.804613
1.342423
1.893147
1.897858
1.701378
1.340503
1.464617
1.548564
1.857205
1.284349
1.466599
1.794726
1.762761
1.681673
1.871599
1.631990
1.038114
1.947110
1.667580
1.512097
1.196478
1.602199
1.042290
1.307732
1.402820
1.317873
1.267565
1.813832
1.860866
1.819182
1.019563
1.424860
1.863551
1.714377
1.699639
1.767746
1.522545
1.389816
1.557230
1.541453
1.281351
1.771984
1.572036
1.672805
1.333237
1.611941
1.948145
1.135086
1.985167
1.753844
0.930574
1.892539
1.259805
1.676757
1.812804
1.636931
1.185155
1.635839
1.256617
0.877453
1.275400
1.499651
1.814476
1.857389
1.636772
1.850628
1.353594
1.914736
1.209151
1.056262
1.738295
1.898467
1.452587
1.658339
1.960175
1.666102
1.853482
1.328207
1.518881
1.914023
1.998041
1.578084
1.735258
1.284209
1.836308
1.140383
1.417234
1.170343
1.918221
1.537371
1.849385
1.648033
1.302614
1.488547
1.855205
1.964532
1.621974
1.457268
0.966534
1.818007
1.380070
1.609343
1.811905
1.487169
1.505656
1.917499
1.877310
1.448652
1.946622
1.914106
1.566842
1.387333
1.371980
1.504245
1.815415
1.792802
1.633505
1.197596
1.417583
1.876651
1.176393
1.428397
1.319985
1.634532
1.498972
1.344453
1.416170
1.876309
1.501447
1.304079
1.802202
1.671220
1.955907
1.702018
1.992783
1.494036
1.521416
1.373291
1.784969
1.961447
1.776396
1.187536
1.872758
1.589727
1.122041
1.892997
1.559532
1.358967
1.974719
1.623826
1.836833
1.030528
0.998721
0.855247
1.797462
1.151583
1.734791
1.786495
1.598212
1.963047
1.354870
1.510513
1.740160
1.664207
1.370238
1.889714
1.346670
1.730297
1.390393
1.224603
1.860511
1.863694
1.825300
1.263829
1.336664
1.786486
1.353220
1.482484
1.445503
1.361643
1.350611
1.300866
1.124928
1.827903
1.303526
1.388925
1.822729
1.500390
1.877668
1.898018
1.222965
1.037784
1.041941
0.942324
1.397742
1.912608
1.912586
1.341809
1.804038
1.344988
1.740053
1.600340
1.487639
1.623256
1.019042
1.430327
1.730654
1.794719
1.048663
1.167956
1.091334
1.447880
1.455386
1.266820
1.773281
1.680529
1.919911
1.324224
1.708144
0.930302
1.549037
1.126607
1.623264
1.684892
1.615273
1.752063
1.962377
1.388816
1.994692
1.447627
1.781472
1.789482
1.558854
1.446173
1.891564
1.612054
1.441093
1.579040
1.536711
1.536417
1.631873
1.841414
1.457287
0.995944
1.528288
1.957587
1.932721
1.368180
1.478186
1.103184
0.856272
1.197243
1.681784
1.229491
1.175579
1.025202
1.990607
1.710109
1.726464
1.891544
1.581944
1.315173
1.029726
1.770763
1.017609
1.719938
1.682651
1.553355
1.769614
0.929837
1.724150
1.769582
1.880323
1.802307
1.071211
1.691293
1.103512
1.823578
1.189343
1.540605
1.214756
1.467032
1.846326
1.433013
1.936482
1.347774
1.824560
0.999579
1.546921
1.155070
1.493301
1.631590
1.358226
1.572320
