1.980418
1.943127
1.993512
1.796309
1.949587
1.857254
1.822072
1.952315
1.805593
1.804460
1.917056
1.999812
1.753301
1.955488
1.832182
1.714926
1.966548
1.904328
1.773592
1.941165
1.705145
1.733466
1.862232
1.696105
1.817798
1.969239
1.980988
1.862463
1.969849
1.858467
1.902201
1.843289
1.957711
1.890936
1.929114
1.852985
1.891444
1.717843
1.927182
1.883572
1.786223
1.921168
1.710232
1.988113
1.729067
1.924183
1.746012
1.933525
1.576952
1.667800
1.877588
1.512260
1.741050
1.679950
1.843540
1.885477
1.719680
1.792821
1.668247
1.533384
1.654837
1.599532
1.779679
1.582532
1.876746
1.882938
1.991896
1.707359
1.971194
1.653481
1.718686
1.871778
1.853990
1.846735
1.869784
1.835756
1.847639
1.741740
1.972271
1.980771
1.748386
1.839425
1.790748
1.613441
1.576252
1.908836
1.702401
1.785794
1.839087
1.935335
1.764646
1.560912
1.694297
1.562231
1.853756
1.991433
1.512224
1.896227
1.885263
1.778898
1.778395
1.659194
1.959942
1.870006
1.802251
1.747399
1.670790
1.816348
1.839676
1.865559
1.625491
1.670760
1.850729
1.797531
1.621883
1.959688
1.391678
1.604297
1.413392
1.552931
1.354964
1.973130
1.597862
1.373719
1.869492
1.826784
1.952094
1.512607
1.915122
1.482237
1.557458
1.987352
1.509078
1.507260
1.418529
