1.864995
1.222780
1.320038
1.528066
1.568001
1.934440
1.510085
1.820227
1.727390
1.590300
1.740091
1.863607
1.431723
1.709815
1.822708
1.580731
1.960557
1.411189
1.416131
1.122221
1.800874
1.411455
1.824205
1.681749
1.452276
1.466575
1.815951
1.946493
1.679340
1.491146
1.383902
1.604014
1.099050
1.869166
1.919359
1.461848
1.299499
1.627392
1.625652
1.677661
1.877744
1.959733
1.886171
1.714933
1.677969
1.808969
1.826232
1.763628
1.858193
1.902690
1.675661
1.674852
1.983273
1.364963
1.517789
1.210085
1.469222
1.646484
1.357036
1.836181
1.323933
1.943869
1.695098
1.912024
1.677882
1.470852
1.710945
1.584681
1.855306
1.664112
1.659495
1.743733
1.337651
1.984328
1.910607
1.849840
1.454306
1.318543
1.981566
1.152681
1.711220
1.383400
1.210499
1.732288
1.930439
1.978907
1.389079
1.669910
1.713255
1.897471
1.778947
1.332982
1.109401
1.991765
1.614915
1.817378
1.897021
1.709169
1.164597
1.353501
1.686982
1.892633
1.432532
1.749403
1.558429
1.987982
1.403156
1.761567
1.757607
1.914707
1.778902
1.186226
1.465850
1.868474
1.188876
1.161748
1.307216
1.732701
1.984138
1.178434
1.208489
1.904722
1.200872
1.399964
1.930471
1.070817
1.705226
1.950957
1.784332
1.141155
1.297055
1.690868
1.983325
1.437805
1.197088
1.215341
1.712639
1.840098
1.731728
1.995534
1.035125
1.199772
1.966337
1.080884
1.663545
1.482201
1.879240
1.030811
1.643128
1.308087
1.218124
1.304215
1.664552
1.513436
1.442093
1.506720
0.874726
1.516812
1.606459
1.352782
1.638805
1.228325
1.916724
1.945271
1.393549
1.831944
1.999267
1.531398
1.261355
1.891592
1.358460
1.667434
1.942098
1.510830
1.729398
1.693086
1.071515
1.009812
1.229160
1.212521
1.596710
1.644504
1.585388
1.793869
1.923598
0.977512
0.979857
1.747051
1.513644
1.581928
1.737149
1.318378
1.160155
1.926138
1.626469
1.666508
1.717083
1.510660
1.450459
1.994819
1.045207
0.969117
1.624284
1.940017
1.720512
1.907531
1.625829
1.316502
1.189691
1.637777
1.434473
1.722861
1.717057
1.999066
1.662128
1.661349
1.535331
1.640921
1.579470
1.857013
1.457709
1.290798
1.697617
1.636881
1.925919
1.790592
1.699696
1.764939
1.457292
1.765262
1.988395
1.931274
1.280589
1.530980
1.142988
1.877554
1.990747
1.370508
1.122900
1.622801
0.998649
1.377934
1.751578
1.691392
1.618558
1.223730
1.272762
1.949564
1.968333
1.358645
1.956630
1.603177
1.178997
1.097731
1.890487
1.773697
1.599468
1.652025
1.980015
1.456103
1.303720
1.755945
1.960555
1.886308
1.702651
1.680153
1.073649
1.275025
1.498301
1.734453
1.880273
1.815889
1.826409
1.468853
1.219685
1.986126
1.961107
1.325882
1.848557
1.815450
1.178432
1.774802
0.995739
1.183780
1.699778
1.654570
1.710495
1.947555
1.265540
1.434674
1.925116
1.898635
1.310769
1.373758
1.675351
1.912667
1.504782
1.734172
1.886583
1.803193
1.869298
1.423537
1.704600
1.481353
1.722189
1.351476
1.857504
1.537021
1.253571
1.362909
1.035021
1.356946
1.824769
1.547385
0.983372
1.182167
1.390506
1.914023
1.125404
1.835684
1.505379
1.856542
1.005770
1.611089
1.159549
1.343062
1.303126
1.017357
1.340002
1.816673
1.456449
1.498372
1.541441
1.788356
1.521039
1.795984
1.376132
1.512113
1.898431
1.528036
1.672619
1.159380
1.919519
1.720828
1.629818
1.374014
1.595028
1.294263
1.376309
1.683995
1.214940
1.715005
1.935594
1.256386
1.457096
1.187357
1.346527
1.238803
1.856956
1.541182
1.581823
1.765949
1.854321
1.875603
1.055830
0.950808
1.865917
1.810828
1.753523
0.921443
1.663171
1.382997
1.269127
1.784883
1.952111
1.694143
1.190510
1.149155
1.416820
1.385314
1.957199
1.321617
1.038029
1.954270
0.924456
0.917132
1.412039
1.805956
1.306685
1.603833
1.673856
1.788181
1.265488
1.816583
1.433152
1.947115
1.505148
1.685522
1.317601
1.695477
1.568378
1.627028
0.952695
1.274339
1.751682
1.425137
1.011046
1.732702
1.906516
1.086134
1.876481
1.529144
1.313907
1.707513
1.851137
1.918426
1.873782
1.693412
0.873762
1.604455
1.276425
1.128908
1.009162
