1.733721
1.967853
1.989518
1.971687
1.730944
1.992084
1.956023
1.936149
1.918514
1.970423
1.779524
1.954847
1.897684
1.807606
1.745949
1.935037
1.670089
1.966587
1.882894
1.762173
1.720326
1.777159
1.994082
1.899411
1.869638
1.946124
1.769315
1.913402
1.743920
1.996822
1.940790
1.583967
1.970447
1.899599
1.859840
1.515892
1.906438
1.864619
1.814156
1.885363
1.827033
1.871222
1.918142
1.850799
1.922574
1.982061
1.901442
1.737862
1.859379
1.828584
1.716735
1.750882
1.831885
1.643301
1.975063
1.756811
1.797482
1.593670
1.843651
1.855148
1.793252
1.779729
1.660059
1.765071
1.940335
1.747188
1.824683
1.981702
1.600002
1.860000
1.843744
1.893366
1.954972
1.609340
1.986274
1.691158
1.546131
1.848872
1.944992
1.820042
1.971200
1.824426
1.639669
1.589030
1.619954
1.925392
1.948004
1.648008
1.882830
1.926271
1.828994
1.753806
1.988108
1.720000
1.922089
1.862837
1.631969
1.724912
1.943962
1.579949
1.556428
1.764687
1.615560
1.957599
1.496674
1.960471
1.987941
1.740232
1.834320
1.413953
1.562213
1.938394
1.841773
1.856440
1.532529
1.759376
1.952115
1.955192
1.472728
1.842309
1.610725
1.520855
1.862598
1.940317
1.881103
1.666008
1.908432
1.997805
1.725987
1.679008
1.967153
1.433677
1.969820
1.575599
1.529392
1.646928
1.796714
1.877451
1.632303
1.813264
1.986374
1.633708
1.842725
1.458035
1.744729
1.467925
1.514597
1.891169
1.859950
1.659026
1.492236
1.970382
1.871296
1.507587
1.859350
1.408737
1.768527
1.739083
1.998050
1.627930
1.775056
1.402744
1.858409
1.745007
1.904860
1.701357
1.533448
1.996302
1.826463
1.820075
1.814162
1.997151
1.867283
1.340772
1.856962
1.437520
1.537316
1.914505
1.538931
1.355266
