1.698121
1.721379
1.331386
1.746000
1.678145
1.346714
1.821902
1.937854
1.429042
1.464050
1.644090
1.853626
1.809792
1.910030
1.564938
1.896418
1.688040
1.936252
1.692527
1.692288
1.694320
1.289647
1.756336
1.775439
1.599864
1.959164
1.766768
1.293129
1.971844
1.796885
1.963848
1.713095
1.634700
1.938560
1.902337
1.893075
1.440700
1.601873
1.920932
1.420645
1.841072
1.599514
1.860151
1.561847
1.249506
1.966125
1.378003
1.670641
1.510733
1.470505
1.844168
1.536117
1.949728
1.975740
1.561449
1.228681
1.870145
1.814623
1.977606
1.527912
1.274595
1.400411
1.855502
1.506504
1.467550
1.484338
1.790204
1.680956
1.966210
1.920257
1.534262
1.629919
1.851488
1.363142
1.130716
1.806374
1.776894
1.740460
1.606576
1.571603
1.138889
1.559517
1.720178
1.647256
1.832048
1.086457
1.456009
1.620961
1.019462
1.810504
1.218370
1.727996
1.984079
1.462440
1.853915
1.683792
1.371899
1.533906
1.560944
1.900360
1.681128
1.782606
1.677816
1.475038
1.201570
1.526197
1.896794
1.992648
1.852755
1.630413
1.396118
1.462745
1.857481
1.624081
1.936297
1.814646
1.268648
1.880573
1.998274
1.430278
1.641770
1.414549
1.381832
1.176651
1.936839
1.953386
1.938043
1.798363
1.338569
1.689062
1.540726
1.900788
1.160127
1.627692
1.390626
1.153876
1.297090
1.689169
1.771655
1.168585
1.196842
1.463629
1.318718
1.951209
1.632939
1.694461
1.453553
1.746282
1.653636
1.348933
1.831349
1.570143
1.552443
1.598354
1.156335
1.318920
1.262765
1.355896
1.579371
1.462874
1.793790
1.484354
1.720447
1.321108
1.727149
1.833074
1.622612
1.913779
1.636253
1.930525
1.683839
1.483794
1.570481
1.505663
1.371437
1.657218
1.977974
1.942746
1.356361
1.708190
1.920358
1.750152
1.887175
1.736968
1.932259
1.715096
1.936231
1.391139
1.638611
1.578699
1.526800
1.340428
1.873221
1.612836
1.529248
1.509166
1.480246
1.090921
1.507333
1.958774
1.826174
1.897287
1.494241
1.839407
1.751756
1.336830
1.744565
1.619454
1.567684
1.719520
1.854939
1.988292
1.562320
1.868993
1.432244
1.517415
1.697978
1.163454
1.720211
1.628337
1.401120
1.622360
1.841988
1.916688
1.682873
1.599069
1.303430
1.953766
1.694620
1.442779
1.321140
1.892989
1.830866
1.185152
1.831621
1.534250
1.795383
1.412863
1.999998
1.857850
1.466929
1.905296
1.501695
1.968830
1.827035
1.053792
1.671028
1.798280
1.384807
1.168989
1.943819
1.778045
1.011826
1.877682
1.691941
1.492128
1.131785
1.965897
1.345650
1.487168
1.816267
1.227775
1.474261
0.962816
1.949455
1.879443
1.225961
1.815976
1.617301
1.044336
1.380759
1.934076
1.590977
1.618395
1.450782
1.075959
1.466277
1.714230
1.784682
1.992174
1.489189
1.284324
1.011888
1.395720
1.385666
1.414218
1.509689
1.910619
1.040399
1.560608
1.977695
1.405683
1.255417
1.523441
1.858399
1.099525
1.281550
1.881154
1.952353
1.530708
1.811409
1.468738
1.653907
1.910584
1.278271
1.467227
1.594919
1.722537
1.978249
1.665021
1.981251
1.749605
1.728810
1.385356
1.824042
1.094002
1.808629
0.933587
1.124788
1.932887
1.437272
1.389307
1.227728
1.625729
1.723302
1.425673
1.198040
1.349562
1.664180
1.418410
1.918118
1.474609
1.998335
1.300456
1.887714
1.927086
1.840021
1.437058
1.332342
1.458700
1.365696
1.593419
1.726546
1.785192
1.475503
1.242233
1.736011
1.695338
1.926320
1.767296
1.893554
1.662700
1.885973
1.237691
1.757948
1.692198
1.850896
1.300772
1.725332
1.302266
1.298646
1.358865
1.801693
1.886753
1.949792
1.914558
1.869406
1.491478
1.263496
1.928664
1.755288
1.708894
1.642217
1.659682
1.841461
1.522883
1.760944
1.735244
1.791104
1.311559
1.383797
1.588452
1.823733
1.872898
1.597188
1.036385
1.586236
1.692710
1.251291
1.649034
1.936850
1.953261
0.989984
1.645578
1.537601
1.849248
1.540924
1.406380
1.931180
1.822415
0.943592
1.919847
1.804363
1.407696
1.485935
1.207733
0.899506
1.939903
1.639662
1.264051
1.010080
1.660872
1.657470
1.979857
1.516184
1.229620
1.209219
1.696249
1.051574
1.720682
1.450995
1.668836
1.326639
1.133825
1.566102
1.297390
1.148330
1.203568
1.207810
1.019213
1.505709
1.830053
1.942021
1.879275
1.421410
1.550629
1.583224
1.976646
1.159969
1.482229
1.288061
1.127860
1.413038
1.696619
1.284995
1.235233
1.335760
0.848452
1.824441
1.878762
1.587261
1.016815
1.569710
0.896193
1.425654
1.217897
1.728732
1.762971
1.527337
1.447138
1.297607
1.119730
1.414822
1.846360
1.505910
1.545211
1.600590
1.459559
1.227077
1.231759
1.374742
1.314325
1.711007
1.052683
0.987227
1.243773
1.563268
1.383108
1.981496
1.527253
1.254071
1.645529
1.934766
1.940195
1.112359
1.340650
1.204430
1.624305
1.050067
1.501268
1.294770
1.790778
1.417169
