1.874905
1.855037
1.833757
1.930264
1.837975
1.766052
1.903550
1.909188
1.906992
1.982395
1.777807
1.942082
1.944342
1.906054
1.786626
1.927425
1.939371
1.779336
1.945194
1.653659
1.980760
1.826839
1.996756
1.659289
1.839413
1.999519
1.836946
1.731132
1.808417
1.832850
1.967734
1.885071
1.751480
1.650946
1.819017
1.867085
1.974565
1.938275
1.716918
1.835712
1.547878
1.918799
1.593209
1.958591
1.882167
1.821843
1.790816
1.597977
1.733117
1.978955
1.492128
1.911619
1.959870
1.889451
1.682194
1.807517
1.680836
1.691022
1.779960
1.960525
1.554165
1.514338
1.870569
1.614475
1.942185
1.526085
1.972368
1.871495
1.976820
1.837260
1.738229
1.837982
1.898185
1.674372
1.962503
1.821640
1.979361
1.533424
1.959841
1.849094
1.872882
1.648915
1.975340
1.957657
1.606289
1.707368
1.923888
1.715604
1.997417
1.735440
1.868212
1.738526
1.848783
1.652416
1.926397
1.711564
1.730186
1.741519
1.825193
1.773088
1.646153
1.986023
1.601965
1.923786
1.543019
1.499814
1.883119
1.707186
1.645959
1.977517
1.804984
1.843403
1.795488
1.708670
1.961793
1.461419
1.871612
1.498614
1.392005
1.721464
1.667485
1.456714
1.852922
1.765292
1.984759
1.817697
1.925853
1.653035
1.823955
1.439701
1.787809
1.292935
1.590610
1.862474
1.847352
1.817774
1.853324
1.471557
1.941116
1.700987
1.432231
1.525695
1.549481
1.768116
1.530795
1.761133
1.383588
1.758326
1.773709
1.734042
1.812446
1.884178
1.600032
1.434633
1.369860
1.753539
1.845593
1.237005
