1.673061
1.827733
1.919014
1.765336
1.951019
1.768730
1.944065
1.987035
1.994754
1.924782
1.996956
1.844626
1.977428
1.834463
1.857646
1.934441
1.963582
1.946612
1.959230
1.901724
1.900326
1.975701
1.904450
1.754128
1.985014
1.831479
1.990644
1.883822
1.915308
1.816312
1.956822
1.792101
1.849186
1.870263
1.723616
1.955822
1.441108
1.739805
1.788451
1.925247
1.792550
1.872464
1.762662
1.665886
1.565583
1.893814
1.900624
1.874757
1.756188
1.613376
1.874628
1.681072
1.915441
1.916438
1.966783
1.949828
1.821226
1.925236
1.986138
1.984028
1.608503
1.668944
1.581671
1.633997
1.805998
1.758593
1.674974
1.875594
1.901882
1.472265
1.522992
1.928246
1.486705
1.622162
1.950432
1.574740
1.881948
1.411679
1.703094
1.859897
1.648392
1.751488
1.666003
1.748150
1.958032
1.514180
1.948643
1.496872
1.920250
1.764653
1.723712
1.895489
1.946881
1.818514
1.631722
1.804405
1.791949
1.739956
1.687145
1.731886
1.852222
1.729186
1.586360
1.996867
1.982545
1.585389
1.689186
1.798513
1.791322
1.918089
1.773928
1.589219
1.850075
1.979411
1.835426
1.748493
1.625478
1.774395
1.722226
1.881705
1.886461
1.892273
1.863093
1.930953
1.395518
1.752807
1.570990
1.986784
1.993843
1.586368
1.764196
1.671364
1.475276
1.852314
1.893236
1.384762
1.939162
1.818909
1.868687
1.238213
1.729894
1.757620
1.807580
1.359821
1.996434
1.882533
1.969370
1.752056
1.915635
1.785094
1.393573
1.689698
1.858118
1.838701
1.957806
1.783849
