1.996324
1.956238
1.841211
1.960044
1.929197
1.871006
1.798273
1.773735
1.895471
1.716938
1.638589
1.666594
1.776086
1.881838
1.882572
1.652938
1.682689
1.889298
1.984285
1.922652
1.607919
1.740048
1.797907
1.980838
1.951323
1.704853
1.690148
1.735107
1.741040
1.471886
1.906863
1.686138
1.880363
1.530426
1.707402
1.777299
1.572842
1.562396
1.983043
1.982771
1.698633
1.949880
1.896144
1.747168
1.660874
1.673340
1.541397
1.666537
1.711601
1.970095
1.453549
1.820171
1.612586
1.480673
1.416475
1.609220
1.613668
1.845900
1.565875
1.736027
1.541395
1.949263
1.362352
1.775213
1.814133
1.989987
1.910871
1.872915
1.555308
1.829821
1.991492
1.842717
1.527513
1.357510
1.993160
