1.978342
1.378213
1.921698
1.615005
1.434170
1.931566
1.681691
1.499369
1.730082
1.469628
1.628385
1.580177
1.707121
1.810767
1.506702
1.741569
1.557479
1.626978
1.710099
1.861949
1.540784
1.418837
1.580633
1.394823
1.783662
1.893415
1.862707
1.420100
1.639473
1.926545
1.801448
1.965367
1.900416
1.533213
1.925660
1.470971
1.495927
1.123453
1.144321
1.438807
1.625064
1.978980
1.775976
1.849967
1.219645
1.736430
1.300878
1.628947
1.590456
1.634426
1.963398
1.999651
1.823557
1.580959
1.643657
1.497810
1.894321
1.861523
1.364646
1.137339
1.638515
1.837995
1.492157
1.984659
1.021300
1.986071
1.844948
1.103581
1.930633
1.753534
1.577115
1.687350
1.881239
1.340177
1.528640
1.602982
1.612170
1.585789
1.175752
1.303017
1.335926
1.560658
1.723571
1.852968
1.709084
1.936089
1.783393
1.751175
1.181530
1.986576
1.500066
1.709896
1.283721
1.748895
1.317690
1.657309
1.606075
1.986655
1.569367
1.731822
1.514019
1.558412
1.396982
1.693906
1.603995
1.336171
1.250621
1.772839
1.177933
1.298406
1.915306
1.636436
1.277216
1.554852
1.428519
1.662260
1.072659
1.490728
1.805218
1.758109
1.428126
1.662328
1.537846
1.710914
1.459906
1.448105
1.816079
1.970291
1.140385
1.040098
1.340472
1.673149
1.537646
1.932319
1.811256
1.854180
1.386753
1.862802
1.376325
1.969593
1.928020
1.815425
1.762817
1.730875
1.425293
1.838863
1.285471
1.435845
1.789889
1.573081
1.099429
1.777969
1.245970
1.224987
1.785187
1.017978
1.722429
1.301745
1.959665
1.226569
1.859740
1.289258
1.364174
1.280006
1.003477
1.470532
1.817977
1.137168
1.624406
1.995600
1.794601
1.944459
1.789549
1.258640
1.686575
1.671269
1.560694
1.346185
1.504592
1.271944
1.346953
1.816338
1.319549
1.486503
1.785309
1.914208
1.481235
0.878677
1.610747
1.939613
1.356264
1.899052
1.491280
1.832698
1.969832
1.663607
1.862763
1.583647
1.837782
1.727891
1.695832
1.801371
1.887570
1.776460
1.502856
1.136851
1.563938
1.312346
1.698183
1.192995
1.837782
1.704733
1.581240
1.965478
1.448754
1.515402
0.937713
1.078388
1.624727
1.076807
1.043237
1.999668
1.059676
1.193960
1.965970
1.593606
1.321674
1.177693
0.882295
1.300508
1.034824
1.979357
1.148084
1.363905
1.841980
1.377797
1.398539
1.586580
1.211387
1.859707
1.614491
1.727462
1.138763
