1.872638
1.782434
1.867794
1.689205
1.673610
1.964597
1.690925
1.701219
1.819319
1.343836
1.895669
1.937265
1.827292
1.699428
1.653549
1.883239
1.457371
1.788144
1.895221
1.392350
1.380835
1.811541
1.917962
1.892063
1.824601
1.233403
1.973713
1.977013
1.781214
1.771891
1.427803
1.740299
1.720955
1.781575
1.747585
1.583133
1.856453
1.239423
1.981566
1.793461
1.252858
1.776372
1.428984
1.712729
1.935681
1.201564
1.617633
1.590415
1.720988
1.597660
1.293223
1.706403
1.876411
1.515626
1.575958
1.173591
1.560225
1.925747
1.787708
1.906930
1.269141
1.448791
1.801500
1.523533
1.827462
1.853138
1.911282
1.924341
1.653600
1.900174
1.574632
1.726956
1.658937
1.027560
1.405016
1.449072
1.474168
1.289470
1.890715
1.317218
1.427185
1.866329
1.908904
1.896763
1.411275
1.833261
1.916197
1.541323
1.873038
1.932551
1.376339
1.761870
1.923652
1.851923
1.379569
1.670552
1.313828
1.010560
1.602893
1.078042
1.891063
1.787019
1.582050
1.332831
1.524051
1.905157
1.975576
1.920551
1.223904
1.975023
1.704999
1.773436
1.492835
1.486431
1.741966
1.765354
1.683875
1.937747
1.776520
1.625654
1.748634
1.930038
1.576204
1.645397
1.904985
1.940509
1.712343
1.822465
1.636204
1.604265
1.841205
1.871133
1.676646
1.390340
1.361781
1.713769
1.527657
1.751749
1.395619
1.975572
1.558311
1.497062
1.868331
1.965035
1.689836
1.949915
1.930067
1.376812
1.471950
1.652830
1.885166
1.721653
1.932785
1.396657
1.980556
1.922035
1.953665
1.914626
1.458142
1.426145
1.467990
1.279480
1.776111
1.845723
1.547286
1.493482
1.671977
1.490265
1.549736
1.123715
1.915239
1.490297
1.826441
1.506278
1.083829
1.670572
1.567001
1.214592
1.742213
1.447057
1.448714
1.134079
1.692956
1.840489
1.725064
1.893230
1.862578
1.052980
1.784767
1.801601
1.858248
1.390076
1.712177
1.930473
1.406249
1.551001
1.622269
1.363371
1.165008
1.766359
1.380566
1.372635
1.385832
1.574022
1.377998
1.586132
1.733168
1.368515
1.750904
1.958806
1.795965
1.097694
1.596644
1.831859
1.088363
1.917102
1.819435
1.544212
1.493064
1.859549
1.909950
1.981761
1.977754
1.918640
1.194902
1.298093
1.937692
1.680380
1.835029
1.870266
1.360416
1.113579
1.610208
1.742877
1.670221
1.836631
1.300848
1.941832
1.487984
1.934515
0.912458
1.268174
1.978399
1.676295
1.874758
1.370194
1.722563
1.506004
1.558827
1.461177
1.328081
1.187827
1.539321
1.941710
1.699274
1.763789
1.901841
1.675475
1.848870
1.392223
1.271808
1.339841
1.729420
1.778531
1.883860
1.835609
1.954187
1.429012
1.023695
1.358893
1.614222
1.504428
1.214506
1.927589
1.052635
1.169489
1.601814
1.550215
1.812766
1.657257
1.395518
1.965058
1.952354
1.474981
1.861813
1.224700
1.389516
1.318047
1.028271
1.433683
1.513602
1.458787
1.327349
0.948743
1.541333
1.976705
1.550165
1.205541
1.410629
1.068567
1.770121
1.745841
1.764929
1.576231
1.931014
1.715246
1.906373
1.159515
1.717231
1.678409
1.583970
1.234989
1.708410
1.969065
1.425281
1.206396
1.513929
1.997582
1.232210
1.752550
1.077656
1.798569
1.522920
1.966757
1.317692
1.952487
1.357650
1.866257
1.147030
1.998312
1.399199
1.806060
1.480043
1.946275
1.882008
1.759577
1.660789
1.622344
1.667949
1.221660
1.390488
1.168608
1.250049
1.840059
1.938613
1.900980
1.383075
1.260416
1.450322
1.020743
1.874007
1.316120
1.006991
1.103981
1.921895
1.948358
1.767562
1.213508
1.648398
1.843701
1.363806
1.873646
1.184707
1.939686
1.612958
1.439658
0.976329
1.320944
1.732515
1.558849
1.921044
1.656768
1.243815
1.709048
1.742325
1.833387
1.482896
1.934181
1.469688
1.378540
1.382174
0.949504
1.270269
1.355296
1.636901
1.673800
1.086592
1.534463
1.899375
1.469347
1.100383
1.797292
1.299396
1.335830
1.713853
1.462351
1.170617
1.395402
1.148933
1.182415
1.842026
1.550208
1.603891
1.438952
1.189967
1.115839
1.741164
1.504521
1.423453
1.389153
1.836852
1.634202
1.548375
1.244963
1.118603
1.752994
1.719464
1.763673
1.725195
1.719594
1.444145
1.556038
1.560119
0.864770
1.139753
1.805946
1.497145
1.618869
1.891201
1.075120
1.834620
1.406483
1.499860
1.158460
1.250887
1.745539
0.954067
1.193210
1.916301
1.757480
1.839812
1.697052
1.596117
1.489224
1.285711
0.842610
1.773740
1.642657
1.479788
1.052233
1.622588
1.208775
1.315799
1.302497
1.257137
1.753653
1.942982
1.287591
1.257957
1.695956
1.504724
1.219754
1.545890
1.153869
1.970489
1.584580
1.982317
1.609205
1.051465
1.578439
1.832532
1.228536
1.876367
1.836854
1.143330
1.272510
1.837054
1.683773
1.881080
1.293802
0.996923
1.332845
1.246514
1.185678
1.760045
1.461318
1.127235
1.390264
1.483753
0.878163
1.268087
1.611186
1.403485
1.836802
1.501248
1.544216
1.981296
1.117947
0.820270
1.154590
1.594316
1.127265
1.536762
1.282444
1.683089
1.336841
1.621522
1.267085
1.080125
1.402373
1.168127
1.238341
1.606154
1.804868
1.469312
1.647599
1.649453
1.231824
1.025224
1.679601
1.060294
1.123864
1.110112
1.818610
1.349979
1.304084
1.983347
1.532870
1.633980
1.627202
1.456249
1.101969
1.909652
1.104588
0.817186
1.003747
1.082841
1.556204
1.538676
1.219829
1.790801
1.803598
1.333721
1.886057
1.702013
1.121472
1.944042
1.090660
1.951833
1.660151
0.914842
0.741048
1.102129
1.425040
1.757586
1.762641
