1.941134
1.198486
1.987269
1.847743
1.637000
1.954401
1.543422
1.547091
1.200935
1.950650
1.716484
1.276292
1.736550
1.754920
1.343999
1.964944
1.234638
1.835496
1.699707
1.139074
1.938855
1.270119
1.729100
1.781122
1.601794
1.908570
1.913762
1.370091
1.918311
1.463662
1.931663
1.978376
1.570247
1.286238
1.348260
1.752829
1.935330
1.895855
1.339057
1.953111
1.157671
1.959813
1.814665
1.201725
1.872650
1.700884
1.676063
1.930242
1.592691
1.608849
1.881221
1.415862
1.162459
1.303475
1.897075
1.657307
1.386076
1.721566
1.857169
1.871791
1.362657
1.841104
1.455691
1.788323
1.559802
1.569333
1.831477
1.396645
1.676440
1.604192
1.826568
1.998461
1.800639
1.806946
1.850752
1.461037
1.507057
1.218947
1.779257
1.112516
1.845660
1.640075
1.475949
1.922053
1.312032
1.463177
1.683182
1.521484
1.370843
1.933064
1.453980
1.331474
1.996820
1.729526
1.980087
1.812955
1.762609
1.816773
1.431536
1.945795
1.537966
1.354533
1.865970
1.101871
1.890725
1.401271
1.800662
1.798772
1.147254
1.815825
1.427400
1.932396
1.998047
1.646403
1.363309
1.673275
1.597063
1.652331
1.129744
1.814992
1.313940
1.208354
1.422788
1.358651
1.995292
1.944264
1.663152
1.325726
1.120034
1.808652
1.695197
1.498792
1.861699
1.470392
1.367917
1.397258
1.127306
1.389810
1.251455
1.224533
1.623968
1.534387
1.925998
1.743511
1.344557
1.839326
1.639617
1.962470
1.207153
1.820050
1.775730
1.605723
1.529631
1.286366
1.805584
1.659367
1.401960
1.460808
1.684294
1.505611
1.914491
1.501190
1.493858
1.857521
1.562017
1.962138
1.268905
1.461740
1.970290
1.926403
1.698817
1.637351
1.421413
1.942908
0.898367
1.615346
1.615056
1.789112
1.594370
1.953330
1.519085
1.753949
1.690988
1.813020
1.349920
1.786166
1.790780
0.896769
1.125573
1.908022
1.985777
1.970810
1.285748
1.921702
1.479567
1.687589
1.659087
1.060014
1.711511
1.530706
1.814618
1.264518
1.708334
1.241992
1.925890
1.809295
1.978379
1.604948
1.515835
1.928684
1.707016
1.616861
1.583585
1.373323
1.567258
1.785646
1.823555
1.877308
1.302450
1.840327
1.588564
1.658617
1.836316
1.297263
1.298517
1.057158
1.479599
1.816542
1.556209
1.790358
1.693064
1.139292
1.053244
1.875201
1.625198
1.607279
1.841064
1.225347
1.033911
1.746283
1.394456
1.304023
1.397293
1.944810
1.010915
1.726076
1.937912
1.312517
1.606333
1.169292
1.673063
1.260405
1.716600
1.379253
1.659130
1.563102
1.902985
1.945978
1.132594
1.871054
1.961130
1.875499
1.527189
1.368720
1.957096
1.741383
1.200162
1.814149
1.514691
1.275859
0.885870
1.750495
1.791923
1.941714
1.054177
0.885466
1.347671
1.738030
0.814669
1.175352
1.948664
1.108415
1.069945
1.237549
1.003279
1.491478
1.313945
1.608939
1.331329
0.834251
1.011562
1.140137
1.966751
1.202668
