1.664955
1.638797
1.831249
1.791704
1.965528
1.779951
1.743263
1.297651
1.458214
1.620595
1.950611
1.588843
1.573899
1.551681
1.690469
1.683464
1.409295
1.579962
1.943433
1.960743
1.871438
1.649621
1.622738
1.718833
1.855980
1.435493
1.319923
1.793793
1.653154
1.639424
1.920991
1.893142
1.881357
1.098620
1.233879
1.492965
1.973560
1.458054
1.909360
1.267639
1.911633
1.936911
1.786062
1.947363
1.595379
1.986307
1.755488
1.783650
1.194363
1.972544
1.342784
1.209108
1.622390
1.318254
1.766077
1.646657
1.183750
1.977891
1.307001
1.397781
1.854451
1.921899
1.905048
1.927034
1.395871
1.567294
1.657371
1.642452
1.543879
1.474736
1.485028
1.732896
1.940587
1.718265
1.233970
1.864256
1.789243
1.736172
1.760404
1.696103
1.640700
1.519447
1.971059
1.839845
1.069034
1.782380
1.788980
1.592089
1.450093
1.731298
1.899819
1.846841
1.611386
1.727949
1.752662
1.403865
1.625009
1.781794
1.910485
1.901747
1.900028
1.710541
1.554481
1.478519
1.703542
1.975930
1.243207
1.791426
1.938772
1.155583
1.992421
1.956067
1.935633
1.550530
1.532791
1.639606
1.321283
1.906273
1.913177
1.438637
1.812308
1.617424
1.970163
1.764440
1.826584
1.692842
1.663360
1.824862
1.894951
1.843983
1.544650
1.956759
1.304729
1.632852
1.389228
1.382416
1.494983
1.955649
1.424209
1.542778
1.468358
1.566717
1.823577
1.875621
1.700087
1.782128
1.715205
1.783066
1.647254
1.657387
1.745035
1.784821
1.371615
1.976304
1.392524
1.848353
1.493635
1.888375
1.321275
1.483339
1.242409
1.585446
1.449805
1.481259
1.175832
1.959821
1.881944
1.509153
1.718753
1.981547
1.917907
1.319429
1.805889
1.839284
1.967082
1.169670
1.910304
1.473704
1.745768
1.754077
1.705497
1.948565
1.957117
1.735933
1.285546
1.678515
1.800638
1.152864
1.265178
1.368336
1.836952
1.741348
1.319974
1.422784
1.818912
1.322768
1.672501
1.898332
1.955881
1.329846
1.480118
1.269633
1.840214
1.713867
1.901103
1.997649
1.800540
1.989367
1.577772
1.779157
1.543091
1.411896
1.983418
1.807706
1.933833
1.612532
1.906274
1.428065
1.769191
1.887099
1.891157
1.984831
1.774492
1.568016
1.880899
1.969704
1.675610
1.838950
1.546039
1.732344
1.548286
1.820637
1.654189
1.990916
1.383922
1.952588
1.576105
1.668955
1.248914
1.437848
1.468862
1.551976
1.916439
1.186179
1.684948
1.893329
1.774108
1.443086
1.675229
1.516232
1.699668
1.753682
1.254806
1.726836
1.466294
1.866058
1.433665
1.494795
1.936128
1.652129
1.936645
1.490077
1.848879
1.853552
1.753207
1.799942
1.330078
1.278570
1.583559
1.532260
1.798851
1.742550
1.725530
1.551586
1.882673
1.784864
1.852987
1.886947
1.758404
1.895425
1.743701
1.715346
1.708088
1.966782
1.573388
1.238337
1.618679
1.288066
1.633366
1.834558
0.981585
1.849044
1.887234
1.468453
1.963255
1.918176
1.387974
1.256422
1.941827
1.872237
1.933986
1.939902
1.902905
1.240842
1.940763
1.191426
1.633703
1.014178
1.269867
1.578769
1.359776
1.843827
1.691140
1.538466
1.623255
1.926751
1.478516
1.631501
1.661190
1.801769
1.979801
1.761528
1.817625
1.695939
1.702199
1.081266
1.284679
1.482656
1.552769
1.484041
1.508010
1.537264
1.058177
1.977618
1.747824
1.890572
1.580573
1.319280
1.956588
1.242809
1.277224
1.717708
1.550562
1.891634
1.532608
1.125734
1.802179
1.727156
1.203256
1.279576
1.311377
1.552333
1.523318
1.587422
1.009663
1.726238
1.490265
1.423639
1.800297
1.437345
1.234119
1.720725
1.610581
1.874614
1.804293
1.118957
1.736367
1.557193
1.550564
1.270995
1.505885
1.905994
1.096691
1.852647
1.470180
1.925401
1.521284
1.995359
1.894422
1.672611
1.822123
1.114511
1.675393
1.437637
1.255421
1.608766
0.989025
1.930537
1.528313
1.795822
1.644557
1.342311
1.559144
1.958079
1.937777
1.630424
1.454249
1.344735
1.524447
1.994857
1.630719
1.228881
1.736164
1.746869
1.422985
1.606944
1.194240
1.918311
1.492970
1.681113
1.732281
1.394332
1.614806
1.612929
1.455306
1.574604
1.140911
1.870825
1.383727
1.817532
1.655036
1.366776
1.582594
1.342710
1.994451
1.484766
1.981672
1.877212
1.998905
1.750045
1.601664
1.656554
1.666432
1.679953
1.317961
1.919069
1.545467
1.614503
1.839602
1.060470
1.642774
1.704895
1.462434
1.933862
1.417529
1.493436
1.609714
1.332795
1.600292
1.939455
1.818409
1.684319
1.107957
1.238722
1.313483
1.902697
1.286278
1.859308
1.301951
1.924285
1.984484
1.884773
1.546699
1.718893
1.808933
1.969726
1.709187
1.780889
1.513851
1.148693
1.499266
1.734677
1.977071
1.922930
1.744594
1.410284
1.784109
1.978109
1.526040
1.946463
1.726560
1.664587
1.307321
1.911861
1.962582
1.645052
1.565940
1.727038
1.607985
1.608802
1.727546
1.759646
1.092430
1.873807
1.716124
0.833517
1.876130
1.117213
1.653513
1.395463
1.403693
1.586542
1.735339
1.971557
1.480196
1.188159
1.686698
1.770350
1.413416
1.771615
1.383201
1.707550
1.453154
1.195126
1.731332
1.954345
1.693903
1.416561
1.428968
1.952092
1.678905
1.919893
1.394923
1.824758
1.643505
1.902359
1.924917
1.412073
1.279097
1.839569
1.118218
1.689952
1.708187
1.203973
1.603934
1.977421
1.675321
1.600484
1.472114
1.634574
1.617479
1.632571
1.905851
1.381527
1.784499
1.738222
1.113309
1.366669
1.804867
1.783423
1.797397
1.947997
1.412632
1.455283
1.752760
1.876728
1.447908
1.826734
1.182195
1.136811
1.459440
1.581770
1.072171
1.688485
1.795808
1.514994
1.832979
1.810241
1.701595
1.529241
1.717340
1.176969
1.582712
1.800900
1.271395
1.596685
1.284415
1.561683
1.435129
1.689744
1.561752
1.040487
1.905492
1.571086
1.949599
1.884466
1.865343
1.840348
1.692713
1.359559
1.882527
1.056714
1.531253
1.374194
1.727646
1.699358
1.347213
1.650271
1.911200
0.851858
1.675980
1.961913
1.715764
1.958015
1.091939
1.818899
1.836936
1.530547
1.197396
1.436180
1.284626
1.402337
1.630107
1.888188
1.847692
1.768877
1.483825
1.712643
1.254439
0.969773
1.914427
1.973954
1.358925
1.062691
1.906183
1.944360
1.379306
1.007774
1.842184
1.998198
1.813530
1.278631
1.761760
1.905572
1.509137
1.182135
1.731966
1.406600
1.622416
1.262494
1.211421
1.731252
1.605488
1.375270
1.854760
1.887884
1.483653
1.021976
1.085606
1.289889
1.131001
1.754953
1.708387
1.379597
1.707296
1.167494
1.747093
1.104845
1.333265
1.851123
1.630324
1.940085
1.090205
1.145507
1.798735
1.936968
1.731956
1.622026
1.951027
1.833253
1.714559
1.038330
1.663320
1.411013
1.175318
1.017545
1.398459
1.383211
1.251348
1.463615
1.334871
1.963219
1.563948
1.333025
1.964715
1.373332
1.817449
1.506569
1.195470
0.896013
1.620430
1.776729
1.527682
1.120653
1.413110
1.569140
1.988171
1.566047
1.444300
1.408001
1.167180
1.602029
1.844071
1.530417
1.669298
1.425650
1.622441
1.832066
1.897837
1.526959
1.311198
1.214208
1.960250
1.795198
1.448447
0.968080
1.848065
1.995409
1.988046
1.750395
1.962077
1.953163
1.663052
1.944466
1.827437
1.657891
1.790748
1.660638
1.602606
1.361773
1.013684
1.695294
1.599862
0.864506
1.454400
1.212220
1.830008
1.635442
1.896715
1.570443
1.863351
1.671111
1.953895
1.182212
1.457234
1.424572
1.409232
1.370750
1.999421
0.908637
1.736623
1.170028
1.708106
1.653184
1.725055
1.571759
1.929587
0.883376
1.312081
1.112760
1.615935
1.402165
1.492349
1.855354
1.884045
1.565772
1.266326
1.994140
1.632182
1.587097
1.397853
1.439372
1.720620
1.014122
1.556613
1.747423
0.903407
1.760687
1.753564
1.424629
1.683782
0.955230
1.058151
1.963721
1.409186
1.535973
1.449790
1.186951
1.506116
1.583982
0.841663
1.971736
1.613653
1.300096
1.972835
1.924504
1.664030
1.831330
1.659963
1.586455
1.851789
1.802789
1.557432
1.997108
1.893896
1.317014
1.552893
1.811535
1.157285
1.176586
1.683116
1.263665
0.917850
1.686560
1.347477
1.860199
1.321382
0.814659
1.825054
1.876732
1.930380
1.448759
1.750096
1.471170
1.487854
1.443276
1.054678
1.968417
1.228548
1.960437
1.677550
1.779119
1.274252
1.765210
1.570973
1.123337
1.989415
1.611576
0.901108
1.425212
1.996962
1.601299
1.788986
1.688264
0.762580
1.624188
1.103375
1.450761
1.506599
1.673319
0.927503
1.181968
1.601440
1.462373
1.018306
1.725446
1.348762
1.236746
1.503538
0.998350
1.674891
1.060007
1.870814
0.994714
1.023496
1.189846
1.020939
1.240043
1.433478
1.226271
1.070536
0.941075
1.639026
1.974852
0.798432
0.899262
1.142677
1.012018
1.469692
0.930362
1.373145
1.390184
0.885162
1.312463
1.890183
1.072045
1.032357
1.970255
1.599576
1.899523
1.232521
1.576804
1.484576
1.942736
1.272674
0.912637
1.165281
1.366185
1.777817
0.769823
1.268732
1.895430
1.127283
1.131713
1.098647
0.767667
1.521267
1.731054
1.710160
1.210571
1.892931
1.354102
1.472320
1.492554
1.411002
