1.606247
1.648722
1.892215
1.613084
1.674930
1.226825
1.844395
1.846102
1.956204
1.893678
1.739855
1.926174
1.959862
1.580131
1.290022
1.875129
1.127087
1.456345
1.851643
1.661021
1.182839
1.900453
1.658896
1.516834
1.989384
1.741183
1.552539
1.726948
1.604363
1.822968
1.321760
1.667834
1.933901
1.736261
1.426065
1.858991
1.498086
1.613491
1.653099
1.813073
1.851731
1.656045
1.459030
1.703168
1.733867
1.270776
1.724628
1.986623
1.929814
1.304352
1.561788
1.634728
1.671262
1.569450
1.786557
1.636526
1.835679
1.907484
1.540183
1.741718
1.795415
1.292223
1.917253
1.979515
1.949801
1.598988
1.715726
1.567440
1.565437
1.698913
1.544688
1.346291
1.783525
1.820372
1.887625
1.361797
1.334469
1.678040
1.585875
1.484052
1.724507
1.912353
1.769600
1.892809
1.625682
1.800730
1.609301
1.644921
1.845675
1.962385
1.296724
1.865898
1.920118
1.222281
1.959684
1.596215
1.841761
1.042742
1.404474
1.910057
1.983141
1.506517
1.829520
1.486434
1.792771
1.933875
1.668987
1.565468
1.572163
1.750683
1.891525
1.719853
1.843757
1.359752
1.448131
1.595554
1.609592
1.697262
1.790809
1.209798
1.639665
1.826493
1.719027
1.627043
1.365469
1.471756
1.943485
1.389958
0.977558
1.334232
1.518423
1.929656
1.590443
1.831413
1.332226
1.472813
1.542299
1.609109
1.399386
1.351227
1.730312
1.750921
1.527429
1.504303
1.773031
1.765816
1.852456
1.703636
1.869167
1.367931
1.926216
1.819503
1.719385
1.559310
1.413255
1.836929
1.863645
1.283049
1.935896
1.308765
1.513754
1.628657
1.328045
1.926932
1.173398
1.833920
1.610498
1.903847
1.858847
1.939008
1.534217
1.068006
1.863206
1.490762
1.973932
1.758704
1.560690
1.901110
1.385825
1.890335
1.962494
1.457534
1.499198
1.491134
1.407301
1.704245
0.946282
1.398877
1.916736
1.959927
1.704754
1.968317
1.925165
1.674914
1.280050
1.825499
1.570570
1.679955
1.252790
1.437758
1.703197
1.881277
1.128983
1.062003
1.864558
1.217133
1.932145
1.447525
1.949696
1.288006
1.672855
1.543423
1.723812
1.646620
1.952779
1.387520
1.975315
1.221822
1.985732
1.723120
1.282492
1.877803
1.739825
1.501403
1.402663
1.917706
1.783797
1.653401
1.294011
1.930749
1.435685
1.163724
1.738399
1.982219
1.603364
1.841124
1.581817
1.843498
1.216512
1.851845
1.565297
1.919394
1.896445
1.936472
1.672801
1.951920
1.524900
1.742107
1.940792
1.907759
1.650014
1.881052
1.798566
1.358999
1.508642
1.755623
1.806886
1.339113
1.529855
1.666706
1.806963
1.080371
1.900574
1.325507
0.979232
1.204002
1.641616
1.337925
1.366058
1.276893
1.992267
1.269302
1.568343
1.409100
1.522387
1.783727
1.782849
1.213637
1.663615
1.199136
1.166496
1.842556
1.672139
1.939351
1.629307
1.536561
1.855947
1.590016
1.251660
1.202015
1.922116
1.316641
1.009596
0.959235
1.898755
0.970362
1.603738
1.733413
1.664281
1.411693
1.745681
1.771275
1.759991
1.760500
1.433753
1.002416
1.579745
1.520978
1.853813
1.604630
1.835951
1.418076
1.792265
1.909737
1.330804
1.949592
1.293454
1.423634
1.814560
1.521689
1.252940
1.231738
1.890441
1.948731
1.014692
1.959042
1.164073
1.643003
1.082485
1.049269
1.974023
1.495116
1.874470
1.673823
1.893263
1.429224
1.979727
1.840164
1.589914
1.712985
1.541840
1.649672
1.609629
1.203302
1.826898
1.083253
1.447581
1.551955
1.892547
1.737508
1.646438
1.343781
1.742760
1.506009
1.463565
1.486497
1.777619
1.096390
1.725705
1.223877
1.574071
1.729594
1.912865
1.552619
1.611264
1.397922
1.800122
1.618359
1.940451
1.685057
1.736023
1.920947
1.890913
1.987665
1.989141
1.761697
1.603120
1.193766
1.210200
1.356373
1.636154
1.160472
1.153754
1.956616
1.862699
1.867983
1.528476
0.924598
1.830735
1.917211
1.863256
1.910444
1.993278
1.721086
1.988145
1.497444
1.497268
1.501974
1.464710
1.746694
1.944258
1.361119
1.915549
1.222064
1.431391
1.854136
1.630665
1.644402
1.654141
1.618376
1.790771
1.982563
1.925835
1.815597
1.198327
0.932952
1.924875
1.640336
1.304313
1.350486
1.929452
0.887873
1.276645
1.706464
1.881069
1.883237
1.841996
1.302561
1.880735
1.647009
0.816201
1.560950
1.358505
1.622322
1.967952
1.413377
1.220932
1.251468
1.504480
1.237394
1.471359
1.496282
1.320174
1.908143
1.746735
1.174770
1.136077
1.874181
1.475757
1.250817
1.539386
1.401579
1.825214
1.783791
1.938474
1.720622
1.550247
1.605922
1.723909
1.592498
1.608139
1.847538
1.732288
1.512043
1.215605
1.765333
1.872324
1.670011
1.615114
1.473400
1.011833
1.643202
1.797720
1.079984
1.897569
1.757399
1.808860
1.142247
1.533602
1.234775
1.935975
1.931089
1.494490
1.701496
1.432169
1.510114
1.262045
1.810226
1.633898
1.187904
1.993827
1.522060
1.161453
1.276071
1.344173
1.539732
1.126660
1.865531
1.246446
1.609656
1.951874
1.715805
1.982900
1.570481
0.923937
1.558802
1.740559
1.008459
1.663630
1.610866
1.531999
1.287128
1.675536
1.253024
1.879472
1.717686
1.671578
1.886517
1.747590
1.632139
1.303475
1.027309
1.330294
1.137420
1.151040
0.811090
1.638463
1.958508
1.994734
1.248654
1.643413
1.666612
1.070952
1.265648
1.661955
1.354671
1.010964
1.769770
1.694179
1.680597
1.376282
1.403853
1.537594
1.961888
1.765135
1.629577
1.233233
1.918016
1.940423
1.725816
1.717790
1.800756
1.733374
1.971086
1.184150
1.100864
1.609033
1.891612
1.791897
1.961019
0.942207
1.450841
1.565324
1.313383
1.247451
1.028455
1.318333
1.621920
1.248259
1.831842
1.747863
1.763534
1.558653
1.449049
1.744538
1.255525
1.811380
1.054483
1.163401
0.891984
1.797396
1.818578
1.665157
1.077663
1.176903
1.963865
1.647021
1.214870
1.126780
1.588470
1.847983
1.553659
1.295472
1.795651
1.581922
1.736177
1.437449
1.066797
1.726125
1.926571
1.443026
1.175819
1.484971
1.916629
0.775347
1.026743
1.304798
1.557975
1.493787
1.848984
1.887216
1.506488
1.207539
1.221493
0.908863
1.761087
1.465441
1.721843
0.938016
0.884012
1.500568
1.178899
1.869306
1.306522
0.769270
1.574732
1.992774
1.154181
0.781643
1.839644
1.173849
