1.851502
1.735074
1.939795
1.925109
1.753795
1.770167
1.930047
1.955107
1.968670
1.893162
1.918059
1.854728
1.600609
1.984081
1.988528
1.554595
1.546541
1.982565
1.487596
1.993643
1.805299
1.889818
1.952160
1.953142
1.644841
1.434882
1.883198
1.959774
1.616445
1.881366
1.639184
1.893838
1.302724
1.876908
1.843915
1.690024
1.959726
1.964307
1.902205
1.997617
1.435907
1.850425
1.587146
1.703725
1.977134
1.661526
1.798883
1.522100
1.303003
1.832553
1.887005
1.890701
1.705212
1.480804
1.778283
1.545287
1.996689
1.187599
