1.534387
1.680156
1.713309
1.395050
1.855062
1.679954
1.988993
1.996488
1.797098
1.298645
1.961062
1.757459
1.486655
1.988302
1.880292
1.353335
1.821520
1.490057
1.613075
1.974577
1.712301
1.982964
1.514204
1.983171
1.953109
1.862688
1.644538
1.913793
1.249437
1.672541
1.931089
1.547262
1.879403
1.799118
1.377076
1.648448
1.955211
1.762963
1.833230
1.566804
1.700610
1.652618
1.090746
1.881598
1.257974
1.616593
1.783514
1.183857
1.674574
1.811257
1.293699
1.634443
1.325646
1.930145
1.736055
1.649606
1.765043
1.814301
1.085880
1.848734
1.777315
1.892491
1.999636
1.985143
1.845357
1.869077
1.631186
1.288873
1.687936
1.121131
1.729362
1.389387
1.897412
1.911681
1.709913
1.639053
1.588271
1.860723
1.730565
1.097948
1.558605
1.966934
1.766431
1.198531
1.872904
1.956186
1.558618
1.488687
1.599246
1.750819
1.190790
1.844490
1.844039
1.402822
1.924630
1.889656
1.667164
1.571648
1.983863
1.751110
1.484559
1.833917
1.847855
1.417926
1.852816
1.356774
1.184991
1.642821
1.909617
1.639439
1.566878
1.304057
1.409351
1.783850
1.610154
1.940692
1.445619
1.849202
1.381494
1.609098
1.842770
1.858627
1.687112
1.225813
1.489364
1.680838
1.760055
1.696897
1.676298
1.435085
1.647944
1.817029
1.358400
1.788272
1.419940
1.179369
1.917512
1.195581
1.726403
1.360346
1.664911
1.411839
1.951033
1.801586
1.521954
1.840721
1.848601
1.998706
1.597496
1.775097
1.241512
1.098641
1.916602
1.877674
1.950864
1.860466
1.360210
1.725227
1.676649
1.652925
1.893507
1.599428
1.938197
1.882493
1.195613
1.587167
1.378174
1.758934
1.435514
1.208158
1.196382
1.483818
1.149623
1.033654
1.067409
1.976471
1.840075
1.625795
1.402402
1.413573
1.446265
1.620719
1.785340
1.888002
1.302346
0.998843
1.556007
1.860660
1.243547
1.224533
1.846157
1.866941
1.767311
1.801057
1.115519
1.910232
0.949139
1.471599
1.786747
0.999681
1.666269
1.496995
1.056646
1.757855
1.855219
1.917570
1.310358
1.732886
1.288758
1.617830
1.151226
1.343038
1.886667
1.186538
1.193675
1.379252
1.938995
1.596558
1.033382
1.743022
1.313248
1.455884
1.900301
1.368245
1.370211
1.922845
1.861228
1.301559
1.868523
1.083806
1.288048
1.169053
1.648276
1.552365
1.455190
1.869080
1.301099
1.903384
1.752796
1.940357
1.347746
1.155808
1.926450
1.834068
1.928075
1.919686
1.558128
1.389125
1.785453
1.113901
1.711656
1.988503
1.897778
1.893098
1.943296
1.261528
1.319082
1.575441
1.780290
1.934026
1.575324
1.199525
1.609908
1.108932
1.778993
1.181933
1.145874
1.102892
0.999717
1.252917
1.400728
1.098893
1.460787
1.395771
1.399597
1.876156
1.169685
1.256380
0.826154
1.742178
1.474742
1.883374
1.073653
1.996611
1.110820
1.339566
1.722766
1.782244
1.859180
1.730731
1.864269
1.704511
1.840961
1.627504
1.521032
0.983937
1.732232
1.933059
1.722148
0.899108
1.672188
1.626548
1.913306
1.818062
1.281027
1.541088
1.540028
1.980424
1.257371
1.954376
1.255882
1.145310
1.067209
1.959186
1.932920
1.846098
1.876727
1.500601
1.110587
1.757235
1.963715
1.591411
1.550226
1.280909
1.917698
1.979648
1.414841
1.604067
1.484977
1.986695
1.177527
1.209358
1.071645
1.309244
1.533256
1.104061
1.990250
1.539165
1.264549
1.862521
1.954484
1.173303
1.796277
1.748565
1.477047
1.757600
1.609445
1.175451
1.905769
1.705889
0.847805
1.451534
1.414370
1.666825
1.141507
1.446885
1.231560
1.900647
1.140081
1.954076
1.831653
1.990003
1.934629
1.795336
1.684194
1.792696
1.272910
1.868279
1.593963
1.079920
1.470200
1.930272
1.727314
1.812902
1.049488
1.730625
1.934140
1.887076
1.719547
1.862824
0.931209
1.437371
1.571934
1.604485
1.344257
1.548585
1.599989
1.974977
1.851572
1.275837
1.579210
1.399481
1.970096
0.992888
1.073601
0.966950
1.248813
1.132106
0.948532
1.648302
1.835962
1.696260
0.828532
1.869771
0.990677
1.381030
1.425690
1.863878
1.820290
1.205386
1.081254
1.243708
1.860498
1.289501
1.679237
1.307860
1.672618
1.620766
1.379310
1.716794
1.157870
1.892925
1.576128
1.000452
1.717294
1.133640
1.122218
1.158405
