1.680114
1.580898
1.987717
1.805090
1.584532
1.265713
1.693117
1.290442
1.469539
1.435569
1.550200
1.191744
1.139627
1.576827
1.889870
1.915242
1.130212
0.847260
1.510868
1.217775
1.983845
1.334668
1.935798
1.723514
1.959857
1.658946
1.230433
1.432211
1.870925
1.606019
1.492507
1.936362
1.651103
1.865320
1.485354
1.793737
1.853409
1.097246
1.651652
1.334978
1.747981
1.495196
1.749699
1.458529
1.667654
1.608984
1.460418
1.803410
1.805375
1.889443
1.514802
1.979334
1.960425
1.591431
1.980853
1.186293
1.368740
1.837954
1.328182
1.981949
1.174295
1.496484
1.851131
1.771619
1.653672
1.779367
1.648409
1.520965
1.984142
1.407065
1.748726
1.509310
1.559659
1.245118
1.758431
1.944574
1.513453
1.956071
1.447699
1.309272
1.225690
1.726821
1.883574
1.677780
1.867423
1.685559
0.898003
1.942455
1.883661
1.705445
1.768400
1.718887
1.847582
1.537798
1.280295
1.706920
1.504885
1.374947
1.714930
1.610027
1.820073
1.978551
1.761714
1.730336
1.308269
1.416957
1.641017
1.688046
1.626898
1.351614
1.742937
1.959033
1.596593
1.967275
1.475014
1.984629
1.961760
1.347237
1.735453
1.460964
1.402638
1.838980
1.905791
1.637579
1.317406
1.421777
1.750557
1.509279
1.164157
1.563374
1.540181
1.620891
1.725047
1.607917
1.476185
1.060382
1.369852
1.960882
1.660676
1.752849
1.896351
1.507641
1.158257
1.967134
1.180188
1.608936
1.973093
1.632353
1.413103
1.930055
1.999810
1.987121
1.770310
1.981322
1.702349
1.404292
1.543245
1.853669
1.084038
1.990409
1.401875
1.976160
1.378207
1.877250
1.087503
1.405257
1.503450
1.463676
1.602266
1.698311
1.825349
1.717912
1.443679
1.924455
1.606859
1.625078
1.639070
1.548083
1.850593
1.569633
1.536932
1.763949
1.990866
1.239936
1.369207
1.798394
1.056647
1.889794
1.707780
1.770399
1.089336
1.414614
1.201643
1.674300
1.724180
1.637465
1.462411
1.225423
1.393654
1.386343
1.558670
1.616140
1.601871
1.522224
1.940330
1.547466
1.278045
1.428516
1.648397
1.162163
1.400485
1.679747
1.650810
1.595362
1.831448
1.987717
1.497531
1.547269
1.641628
1.706053
1.955564
1.821277
1.303743
1.712081
1.116501
1.762117
1.835493
1.865694
1.781467
1.133637
0.907630
1.265271
1.147280
1.154211
1.984727
1.949070
1.596723
1.863752
1.637040
1.023850
1.671017
1.255989
1.015764
1.695816
1.081812
1.930663
1.183294
1.209748
1.869102
1.893874
1.342723
1.914815
1.225390
1.970029
1.078812
1.880820
1.876894
1.543048
1.310096
1.487156
1.287649
1.270305
1.953502
1.464598
1.952356
1.454223
1.511116
1.296546
1.847393
1.447156
0.959499
1.690353
1.638541
1.896018
0.822532
1.642699
1.580463
1.229477
1.329698
1.877678
1.371502
1.354503
1.171285
1.329295
1.384327
1.592544
1.337895
1.906819
1.729733
1.701515
1.571967
1.633490
1.525495
1.012710
1.216801
1.054037
1.479481
1.974931
1.145984
1.786175
1.546206
1.107234
1.290443
1.417671
1.613085
1.035646
1.967873
1.659826
1.842352
1.265980
1.363108
1.216764
1.064802
1.929014
1.115684
1.292387
1.635474
1.433240
1.832149
1.668997
1.890111
1.977198
1.111143
1.171889
1.622260
1.371187
1.719808
1.186579
1.970064
1.299021
1.872288
1.752081
1.550576
1.681718
1.841809
1.985486
1.448440
1.848522
1.610194
1.241705
1.614628
1.077135
1.666823
1.324927
1.880435
1.822379
1.733941
1.903619
1.454717
1.098992
1.658934
1.793706
1.665546
1.699534
1.646195
1.634904
1.412754
1.027584
1.991424
1.311500
1.994215
1.344581
1.482884
1.224118
1.991425
1.010693
1.726206
1.468142
1.941037
1.849283
1.018860
1.471177
1.697362
1.111567
0.859339
1.059055
1.290748
1.249759
1.319495
1.982054
1.925561
1.074069
1.726412
1.609761
1.010067
1.439468
1.589387
1.944476
1.624341
