1.978827
1.975932
1.938106
1.983361
1.867942
1.946670
1.951044
1.862692
1.692917
1.935995
1.758334
1.955707
1.927085
1.968017
1.905438
1.876574
1.905462
1.932320
1.973127
1.796990
1.676611
1.873722
1.998459
1.894535
1.903530
1.950766
1.976051
1.929146
1.999340
1.994242
1.735726
1.688420
1.834162
1.706235
1.840488
1.793249
1.974400
1.642213
1.660040
1.960687
1.851004
1.946419
1.905379
1.833409
1.660149
1.734365
1.744703
1.565194
1.884726
1.941769
1.667701
1.799845
1.581545
1.950778
1.989399
1.891362
1.692213
1.900582
1.600998
1.909528
1.631940
1.794986
1.887446
1.645771
1.986496
1.989196
1.842372
1.546679
1.565709
1.775089
1.916148
1.743667
1.757213
1.837951
1.950435
1.746274
1.586197
1.888943
1.433824
1.572548
1.635264
1.517397
1.948838
1.867245
1.902977
1.509479
1.806561
1.536135
1.333648
1.949609
1.809189
1.441413
1.482429
1.677018
1.834237
1.303117
1.548955
1.883588
1.436379
1.863656
1.372742
1.733463
1.805912
1.801185
1.991201
1.802352
1.688814
1.283215
1.529894
1.525488
1.867863
1.436758
1.685890
1.887018
1.867681
1.959243
1.463856
1.293811
1.746775
1.717169
1.452052
1.842753
1.954135
1.459894
1.697101
1.920154
1.458257
1.994750
1.954224
1.410215
