1.508073
1.825032
1.512880
1.852127
1.813159
1.729557
1.585437
1.384884
1.491848
1.879954
1.984489
1.571713
1.950601
1.621331
1.918193
1.300927
1.733664
1.870680
1.824612
1.799697
1.649762
1.361240
1.917025
1.759625
1.639304
1.443425
1.744680
1.914356
1.550534
1.693150
1.629361
1.310534
1.953881
1.889323
1.815292
1.946615
1.335375
1.498460
1.890618
1.342625
1.634117
1.749700
1.994988
1.508708
1.400200
1.994802
1.488366
1.791403
1.928031
1.881446
1.648621
1.755122
1.974461
1.610397
1.900648
1.677725
1.946407
1.808187
1.722396
1.365963
1.881735
1.616477
1.897743
1.186821
1.287334
1.708037
1.791194
1.542893
1.694541
1.698844
1.977361
1.322524
1.739146
1.534404
1.767482
1.307671
1.559890
1.989474
1.434437
1.875019
1.757883
1.300446
1.541384
1.963097
1.301845
1.728658
1.842265
1.914578
1.234652
1.802238
1.990129
1.931756
1.696188
1.663613
1.077785
1.797911
1.485906
1.367839
1.517460
1.570491
1.436950
1.414026
1.798679
1.818167
1.692696
0.986471
1.800589
1.289938
1.453475
1.904881
1.658103
1.258141
1.441212
1.849532
1.511224
1.911755
0.946356
1.805115
1.988640
1.628799
1.429400
1.554574
1.746488
1.785837
1.947281
1.606022
1.815466
1.176496
1.588220
1.716284
1.872711
1.822411
1.888414
1.415611
1.861980
1.624381
1.740027
1.831674
1.830123
1.917671
1.958198
1.894101
1.657182
1.926726
1.451605
1.429352
1.990991
1.993756
1.793415
1.721489
1.021986
1.870054
1.725842
1.379550
1.705250
1.113475
1.970176
1.966958
1.925526
1.046388
1.350388
1.452027
1.581957
1.602957
1.099313
1.941329
1.252118
1.852759
1.742510
1.442251
1.788791
1.615406
1.703137
1.779519
1.527253
1.047649
1.469278
1.651317
1.325737
1.521022
0.870505
1.862529
1.795031
1.962524
1.974904
1.470585
1.600310
1.829359
1.219723
1.445502
1.897851
1.914646
1.693224
1.867091
1.278158
1.888718
1.784761
1.568902
1.989911
1.986771
1.745616
1.397540
1.373622
1.247062
1.153323
1.289874
1.713428
1.882225
1.240490
1.186561
1.394978
1.650835
1.791807
1.608836
1.527950
1.694282
1.384557
1.861605
1.955984
1.799628
1.325475
1.711869
1.311447
1.830643
1.921459
0.986874
1.827941
1.537086
1.625480
1.720706
1.079462
1.976412
1.696254
1.358741
1.902228
0.931903
1.103471
1.825840
1.735901
1.473120
1.171993
1.986105
1.267394
1.355850
1.263474
1.774698
1.116098
1.081241
1.793534
1.495928
1.867465
1.105622
1.905373
1.003123
1.910970
1.375270
1.652634
1.500176
1.903627
1.969610
0.908023
1.544283
1.530802
1.100194
1.726008
1.626632
1.722943
1.815808
1.657360
1.739100
0.980839
1.958143
1.944397
1.418881
1.468434
1.800590
1.314993
1.768850
1.480674
1.953590
1.810063
1.814912
1.283322
1.244722
1.778200
1.896276
1.296329
1.662524
1.395793
1.963133
1.404918
1.941934
1.815232
1.241461
1.427483
1.987789
1.611733
1.521641
1.064586
1.306181
1.890490
1.001040
1.446394
1.233344
1.110811
1.517513
1.398577
1.448559
1.409105
1.339370
1.073271
1.177680
1.788673
1.089606
1.929818
1.624869
1.955634
1.574626
1.985749
1.685147
1.087818
1.883567
1.770009
1.890758
0.863233
1.583455
1.336787
1.865399
1.791784
1.755398
1.109832
1.397383
1.123592
1.822765
1.714103
1.589407
1.438712
1.247008
1.509612
1.882191
1.529422
1.807709
1.790169
1.082937
1.671938
1.022167
1.808425
1.552170
1.985628
1.084356
1.513218
1.644823
1.618598
1.523979
1.628366
1.957291
1.903662
1.682794
1.482591
1.720651
1.124358
0.982783
1.738290
1.277363
1.724806
1.861356
1.629656
1.993588
1.927168
1.487782
0.967848
1.668774
1.953754
1.643370
1.155444
1.828509
1.831147
1.496265
0.970801
1.646813
1.549575
0.992886
1.039511
1.441144
1.944707
1.388670
1.766724
1.473122
1.415791
1.208774
0.862508
1.617586
1.159298
1.183730
1.707794
1.479969
1.967045
1.792336
1.627687
0.959480
1.426213
1.714774
1.577064
1.799167
1.330301
1.056383
1.966649
1.518626
1.285630
1.554326
1.644275
1.845926
1.198896
1.889477
1.599516
1.022512
1.712982
1.867502
1.954867
1.556516
1.858173
1.825806
1.630566
1.721484
1.819508
1.245671
1.946096
1.512044
1.500750
1.309761
1.426161
1.557425
1.721883
1.823275
1.138962
1.003056
1.139192
1.304181
1.810438
1.432537
1.994010
1.281439
1.798439
1.402908
1.076737
1.228891
1.801205
1.781623
1.341374
1.257818
1.518576
1.333850
0.928155
1.885761
1.515235
1.752582
1.764707
1.116167
1.863720
1.792882
1.571115
1.563133
1.698303
1.781075
1.666941
1.784228
1.006089
1.663142
0.957607
1.251029
1.693946
1.551732
1.757610
1.601144
1.194049
1.328902
1.993424
1.549827
1.344224
1.827810
1.763936
1.385506
1.501589
1.866777
1.109971
1.623714
1.060829
1.954167
1.774389
1.310647
1.429853
1.932708
1.106570
1.319454
1.988809
1.269986
1.609604
1.316955
0.922257
1.139800
1.338081
1.626612
1.743785
1.914252
1.550347
1.264636
1.692414
1.079509
1.002096
1.896828
1.037329
1.108240
1.943634
1.532111
1.259771
0.893525
1.380484
1.987745
1.491294
1.043095
1.525141
1.425956
1.948473
1.378014
1.608904
1.935159
1.765909
1.881733
1.987764
1.412746
1.489487
0.939190
1.729555
1.643928
1.154011
1.681901
