1.549112
1.601892
1.239446
1.750482
1.923699
1.934848
1.737178
1.271287
1.886655
1.385025
1.777364
1.991523
1.014537
1.914972
1.618713
1.283613
1.816547
1.907195
1.634722
1.886420
1.305564
1.911027
1.482902
1.996746
1.664818
1.404420
1.259772
1.949256
1.909213
1.966963
1.502850
1.686459
1.643235
1.909312
1.501098
1.849791
1.401707
1.096863
1.277790
1.542720
1.830643
1.935848
1.664701
1.740765
1.671672
1.678870
1.964945
1.689964
1.145452
1.823076
1.270486
1.874819
1.714825
1.491875
1.811887
1.352762
1.421913
1.394996
1.667910
1.942027
1.351474
1.787911
1.650995
1.882141
1.780457
1.706101
1.247346
1.675257
1.775092
1.612184
1.586846
1.126370
1.331620
1.857502
1.312758
1.977944
1.017706
1.806006
1.059492
1.574675
1.639319
1.724064
1.424263
1.907684
1.052447
1.544864
1.077697
1.914675
1.962312
1.388413
1.809923
1.305472
1.608442
1.770958
1.015558
1.936103
1.951567
1.462351
1.372883
1.678432
1.398691
1.658248
1.988502
1.987385
1.185046
1.483667
1.938965
1.393607
1.994132
1.481490
1.683222
1.883383
1.393499
1.221742
1.254181
1.141059
1.621932
1.647501
1.640236
1.526408
1.821797
1.735372
1.997285
1.311512
1.644374
1.967256
1.776730
1.414685
1.547890
1.244727
1.828893
1.950073
1.838991
1.793331
1.662220
1.599097
1.520487
1.585853
1.161898
1.692582
1.042224
1.632581
1.326904
1.703279
1.796407
1.903396
1.782205
1.881477
1.641922
1.455924
1.983726
1.699442
1.975594
1.838873
1.880454
1.219481
1.927691
1.464474
1.763317
1.723821
1.785961
1.347645
1.950251
1.367116
1.163605
1.596707
1.738554
1.830656
1.560389
1.872503
1.454612
1.712365
1.839391
1.829865
1.419537
1.947161
1.073511
1.408274
1.727728
1.711226
1.892067
1.744715
1.045694
1.386453
1.447336
1.537953
1.975334
1.827021
1.797272
1.855067
1.905672
1.415603
1.304553
1.111704
1.887922
1.238121
1.759429
1.716098
1.725176
1.572670
1.878011
1.974853
1.126629
1.442780
1.824344
1.442611
1.818810
1.359584
1.804993
1.652631
1.502336
1.434768
1.773137
1.627923
1.342487
1.335378
1.316918
1.053827
1.827055
1.416719
1.768658
1.470546
1.308297
1.333135
1.031654
1.325043
1.359274
1.956194
1.813004
1.556721
1.664210
1.675233
1.949809
1.839669
1.497361
1.412250
1.314291
1.203192
1.573906
1.491429
1.873161
1.758260
1.554176
1.260984
1.811331
1.385037
1.901768
1.808326
1.257843
1.928179
1.151038
1.180403
1.771304
1.966020
1.758482
0.895833
1.983467
1.814770
1.992756
1.999631
1.982206
1.413896
1.284517
1.366495
1.252757
1.783485
0.930921
1.372875
1.191957
1.176038
1.829383
1.401312
1.186115
1.404474
0.992109
1.163852
0.928740
1.926534
1.904322
1.776379
1.900195
1.999969
1.918020
1.159169
1.809086
1.138952
1.753943
1.985924
1.985735
1.745976
1.692436
1.751938
1.165076
1.157242
1.379346
1.694568
1.257523
1.176460
1.346239
1.968846
1.415371
1.382922
1.327928
1.456940
0.997264
1.855764
0.941086
1.330127
1.708784
1.673478
0.994834
1.638747
1.437133
1.659100
1.618526
1.593395
1.919886
1.812982
1.415789
1.937412
1.323708
1.553046
1.971595
1.346035
1.627455
1.384764
1.530375
1.592457
1.259722
1.289189
1.958563
1.001446
1.363838
1.066246
1.721257
0.957349
1.544072
1.324000
1.251356
1.195038
1.996336
1.356003
1.718765
1.073752
1.398201
1.518694
1.453444
1.360250
1.831152
1.400692
1.706333
1.624360
1.355941
1.791504
1.638203
1.597725
0.971539
1.922543
1.149093
1.356127
1.157001
1.351062
1.743702
1.854218
1.994801
1.115650
1.831821
0.990106
1.317049
1.145075
1.483493
1.901895
1.709977
0.859353
1.542388
1.840823
1.368780
1.245710
1.834876
1.647736
1.131018
1.465574
1.970527
1.810053
1.921101
1.920834
1.514733
1.888264
1.515125
1.112298
1.396251
1.082838
1.058408
1.271406
1.494253
1.594161
1.653107
1.682230
1.254174
1.783593
1.519211
1.758220
1.808090
1.279300
1.559696
0.940482
1.914227
1.449536
1.627770
1.641485
1.923889
1.944830
1.878067
1.529564
1.925839
1.450483
1.872410
1.360355
1.464957
0.990404
1.859164
0.805214
1.986406
1.440509
0.990794
1.418911
1.729392
1.950478
1.745647
1.407216
1.912276
1.235331
0.984731
1.949140
1.787981
1.413577
1.814657
1.329799
1.557036
1.257534
1.819999
1.063902
1.598283
1.061674
1.629607
0.984382
1.916421
1.322198
1.638645
1.691083
1.344594
0.918813
1.443004
1.504590
1.212830
1.610960
0.865830
1.565512
1.923393
0.974287
1.554275
