1.387059
1.983196
1.773738
1.527929
1.794719
1.207181
1.663947
1.833764
1.709125
1.658782
1.983222
1.773200
1.941389
1.799825
1.666748
1.923857
1.692795
1.956613
1.934685
1.845550
1.812209
1.419018
1.770311
1.992451
1.528792
1.867239
1.829469
1.861506
1.701302
1.436193
1.658583
0.978791
1.807078
1.169916
1.743708
1.474913
1.761345
1.859020
1.203103
1.463540
1.694528
1.719937
1.815987
1.399440
1.694471
1.562917
1.688789
1.542016
1.866762
1.994785
1.281441
1.799595
1.726054
1.972445
1.637448
1.211763
1.925517
1.530376
1.709253
1.825986
1.151324
1.950329
1.058048
1.496046
1.896764
1.885710
1.784174
1.509416
1.876270
1.679969
1.473568
1.821893
1.942013
1.894812
1.730192
1.861904
1.972104
1.558868
1.893790
1.466111
1.681647
1.133771
1.217386
1.361014
1.439325
1.587607
1.926963
1.042513
1.646299
1.973668
1.632339
1.757095
1.233638
1.895014
1.053792
1.734424
1.419436
1.654286
1.567880
1.716220
1.274564
1.740164
1.956765
1.155550
1.684692
1.845502
1.984214
1.720749
1.730678
1.657056
1.407558
1.462905
1.570561
1.408795
1.729586
1.884244
1.872162
1.819613
1.763364
1.888564
1.971877
1.969162
1.907920
1.880750
1.528506
1.686841
1.985754
1.353550
1.729826
1.208704
1.197225
1.160335
1.517852
1.953521
1.734319
1.727864
1.470520
1.588087
1.251116
1.532866
1.742599
1.776539
1.658568
1.642952
1.957945
1.946484
1.667993
1.900340
1.750701
1.385187
1.877253
1.925628
1.841344
0.926377
1.189763
1.791032
1.817962
1.649686
1.279872
1.916114
1.740962
1.757606
1.544503
1.827583
1.410185
1.507839
1.124472
1.487558
1.526021
1.789951
1.596298
1.676599
1.506722
1.211490
1.873838
1.747179
1.318094
1.861988
1.687358
1.461628
1.903116
1.847030
1.677387
1.387975
1.897597
1.686245
1.575962
1.248939
1.694102
1.311610
1.785401
1.010065
1.641475
1.953803
1.531920
1.914486
1.282820
1.546436
1.124603
1.690726
1.641351
1.187321
1.637485
1.970410
1.801623
1.909571
1.116678
1.105953
1.931111
1.730291
1.614357
1.575686
1.810569
1.690138
1.768719
1.919616
1.647404
1.984205
1.862690
1.210884
1.842710
1.348710
1.591205
1.370114
0.999378
1.000551
1.474150
1.625295
1.248243
1.484893
1.735912
1.917768
1.663671
1.183192
1.648313
1.859151
1.010289
0.961077
1.934159
1.783353
1.850634
1.414338
1.178177
1.596664
1.806407
0.989017
1.752141
1.111015
1.346762
1.475433
1.524165
1.569368
1.477160
1.216793
1.702080
1.774058
1.880712
1.089468
1.942522
1.737170
1.206054
1.319319
1.630179
1.709081
1.703613
1.982751
1.415583
1.580841
1.371204
1.697242
1.141194
1.300719
1.417722
1.367664
1.050143
1.053307
1.615936
1.623827
1.739243
1.510054
1.376311
1.561134
0.938278
1.593196
1.317965
1.040520
1.542056
1.775559
1.968208
1.932491
1.688703
1.109550
1.825940
1.879931
1.576397
1.770190
1.663702
1.014917
1.721689
1.609823
1.189421
1.724046
1.614214
1.471061
1.741357
1.067164
1.897013
1.861612
1.606944
1.642139
1.893921
1.018919
1.867958
1.848991
1.443402
1.433213
1.919585
1.254311
1.916402
1.381913
1.578549
1.793897
1.999415
1.534505
1.925928
1.423707
1.386667
1.929930
1.121456
1.640555
1.999558
1.201572
1.825145
1.644655
1.758698
0.769625
1.475494
1.744875
1.920652
1.914152
1.051667
1.266483
1.408244
1.834583
1.242418
1.893717
1.788999
1.596393
0.888362
1.893050
1.738240
1.956497
1.757963
1.663924
0.972637
1.276017
