1.987036
1.915335
1.802123
1.935925
1.749812
1.995959
1.976231
1.865017
1.955313
1.851133
1.846021
1.915054
1.971387
1.823056
1.826980
1.774424
1.755137
1.966548
1.944656
1.848238
1.733356
1.942689
1.977731
1.810949
1.963244
1.964564
1.875829
1.829084
1.804721
1.655832
1.964804
1.824454
1.685552
1.976976
1.860288
1.683814
1.955342
1.740928
1.639401
1.725719
1.990222
1.765236
1.784226
1.791860
1.787982
1.984828
1.826653
1.733251
1.955703
1.985522
1.922290
1.618073
1.600522
1.741207
1.870910
1.752125
1.692858
1.883420
1.978141
1.554670
1.905757
1.840092
1.740656
1.587143
1.551120
1.917403
1.766154
1.823789
1.918938
1.942408
1.910726
1.581330
1.812797
1.869232
1.989331
1.685471
1.521199
1.805307
1.831388
1.771089
1.578476
1.947517
1.709933
1.798662
1.765695
1.881092
1.682162
1.767005
1.798779
1.750068
1.651712
1.816595
1.766350
1.474973
1.743742
1.825372
1.945131
1.898032
1.484502
1.869153
1.801313
1.550064
1.599932
1.559390
1.625184
1.681455
1.662288
1.562628
1.939514
1.627405
1.901251
1.918062
1.671446
1.981215
1.477879
1.683923
1.607296
1.610394
1.359154
1.791185
1.771828
1.824443
1.531888
1.603356
1.540943
1.959579
1.634747
1.551837
1.578989
1.523732
1.945512
1.404644
1.917422
1.876692
1.384719
1.867522
1.945876
1.911273
1.776023
1.701857
1.644649
1.802747
1.700325
1.938519
1.551984
1.575035
1.575017
1.989705
1.797779
1.938435
1.345844
1.984552
1.488718
1.643113
1.778647
1.682511
1.642410
1.663357
1.492287
1.522414
1.400813
1.862836
1.761436
1.333197
1.485660
1.307649
