1.996343
1.876836
1.926473
1.590203
1.985142
1.750456
1.851780
1.991518
1.989744
1.846264
1.986274
1.809891
1.941892
1.767778
1.863597
1.956568
1.855461
1.898131
1.949896
1.623188
1.565826
1.806069
1.868636
1.724289
1.868994
1.897036
1.869017
1.975765
1.885687
1.777470
1.927431
1.818766
1.869973
1.961270
1.898652
1.719797
1.726705
1.617837
1.814808
1.799118
1.998862
1.864181
1.939532
1.874532
1.717826
1.963286
1.857412
1.596609
1.933959
1.643819
1.950835
1.666298
1.860581
1.904592
1.702604
1.886884
1.748947
1.781970
1.490062
1.747806
1.742957
1.987629
1.546258
1.751712
1.937565
1.685014
1.699299
1.537953
1.904851
1.601901
1.656037
1.746163
1.593547
1.636038
1.695910
1.958290
1.758797
1.746513
1.785026
1.929463
1.900090
1.532755
1.942638
1.637308
1.804678
1.908436
1.953248
1.910209
1.817601
1.770418
1.611800
1.824191
1.836529
1.598941
1.692964
1.714827
1.562187
1.983174
1.798250
1.597859
1.381729
1.956117
1.580440
1.332930
1.480115
1.618170
1.387041
1.794066
1.520095
1.964774
1.919874
1.687286
1.823205
1.777857
1.794425
1.841372
1.741894
1.572578
1.485146
1.362323
1.957813
1.690782
1.691050
1.611929
1.846604
1.943762
1.683053
1.624574
1.705265
1.412507
1.649020
1.842588
1.920251
1.795677
1.581677
1.505438
1.416603
1.914822
1.670614
1.730707
1.901477
1.306470
1.318388
1.703211
1.348749
1.819151
1.496575
1.585670
1.754948
1.432443
1.971700
1.218942
