1.901870
1.922647
1.780748
1.998406
1.927197
1.740676
1.986361
1.937450
1.997387
1.932722
1.758948
1.740040
1.834489
1.928122
1.820149
1.968297
1.754922
1.989742
1.924760
1.938876
1.515914
1.875087
1.728971
1.651947
1.841382
1.878183
1.817804
1.809102
1.624042
1.834450
1.873603
1.821240
1.901899
1.860309
1.984187
1.908922
1.686968
1.776955
1.586395
1.724843
1.930125
1.958481
1.883755
1.693048
1.991550
1.686974
1.983364
1.617406
1.673711
1.834234
1.615986
1.453178
1.857449
1.999261
1.496245
1.805069
1.638586
1.461821
1.894262
1.828705
1.555286
1.531078
1.914423
1.417281
1.412770
1.783361
1.358115
1.889750
1.892175
1.904455
1.839406
1.853808
1.585591
1.510829
1.526351
1.815030
1.352582
1.439679
1.830125
1.607148
1.908586
