1.952811
1.897726
1.960469
1.925816
1.995348
1.943715
1.945012
1.990237
1.692151
1.797414
1.753956
1.790362
1.811051
1.862422
1.834649
1.941910
1.906224
1.809153
1.913762
1.791521
1.994250
1.850277
1.660365
1.700809
1.709937
1.973480
1.996456
1.715080
1.683701
1.832470
1.983399
1.707100
1.971815
1.929368
1.814386
1.848089
1.971533
1.823811
1.974617
1.647583
1.923278
1.732171
1.995279
1.652144
1.781963
1.571611
1.838332
1.532261
1.646144
1.992262
1.925469
1.632363
1.516953
1.872281
1.763157
1.730466
1.529433
1.897117
1.800153
1.953686
1.322507
1.958693
1.630224
1.920198
1.868988
1.978928
1.639483
1.831959
1.693642
1.746862
1.701717
1.625323
1.561518
1.527472
1.852249
1.741628
1.874266
1.573966
1.519485
1.997653
1.544547
1.982643
1.971760
1.738543
1.497366
1.423084
1.384392
1.982613
1.391319
1.534123
1.662812
1.606456
1.638782
1.960493
1.374284
1.576299
1.434610
1.473596
1.366466
1.388897
1.800286
1.405270
1.779825
1.761091
1.592566
1.955794
1.313245
1.552573
1.761533
1.286186
1.875276
1.291889
1.692790
1.698223
1.787227
1.280519
1.997598
1.365853
