1.570069
1.870086
1.201703
1.948039
1.977244
1.050319
1.505732
1.701675
1.852758
1.573814
1.706177
1.229292
1.630056
1.713356
1.926076
1.359580
1.769255
1.132585
1.720299
1.835227
1.754045
1.330742
1.814740
1.996903
1.814814
1.777205
1.705183
1.236064
1.531878
1.497941
1.822426
1.452918
1.384410
1.691418
1.607964
1.604889
1.638499
1.466296
1.898847
1.679378
1.953697
1.447178
1.887324
1.753755
1.623008
1.692676
1.767190
1.389085
0.939491
1.866571
1.756306
1.550929
1.572921
1.985949
1.892863
1.641040
1.823829
1.422236
1.968072
1.189546
1.508221
1.418625
1.938315
1.944221
1.640293
1.777167
1.792510
1.680171
1.876643
1.446184
1.265062
1.616794
1.665882
1.906958
1.692860
1.305365
1.683714
1.588495
1.782445
1.393142
1.166677
1.945218
1.877078
1.436012
1.912145
1.982964
1.929682
1.935051
1.009604
1.450785
1.212799
1.756196
1.786649
1.728854
1.701320
1.951010
1.362494
1.829408
1.340861
1.594049
1.709978
1.414027
1.734510
1.216536
1.959095
1.570737
1.647571
1.232467
1.690342
1.892842
1.918300
1.828889
1.707500
1.733682
1.199229
1.572908
1.499842
1.653930
1.834920
1.581280
1.496571
1.323108
1.276118
1.935537
1.861444
1.693010
1.823417
1.638717
1.543123
1.518294
1.536360
1.452980
1.266322
1.584905
1.734469
1.833655
1.891241
1.273470
1.571967
1.540324
0.979317
1.689706
1.276224
1.237168
1.485627
1.690781
1.663923
1.138691
1.656661
1.454351
1.745632
1.771485
1.247334
1.948627
1.928274
1.456341
1.384933
1.812054
1.111066
1.453040
1.965949
1.376518
1.050834
1.353712
1.480616
1.930949
1.437190
1.536059
1.408198
1.693763
1.840657
1.623306
1.032661
1.809431
1.310172
1.368416
0.953730
1.468592
1.566644
1.095125
1.587939
1.867411
1.408238
1.911441
1.509112
1.958005
1.273196
1.243822
1.833084
1.893343
1.200588
1.892423
1.822148
1.424862
1.967491
1.859961
1.154706
1.905242
0.966188
1.778698
1.512682
1.846381
1.570819
1.497410
1.882280
1.384027
1.170405
1.884272
1.581466
0.983814
1.746730
1.907419
1.972306
1.640758
1.701360
1.503570
1.746231
1.562305
1.337321
1.626562
0.975608
1.876734
1.350464
1.618285
1.085423
1.443025
1.049630
1.665081
1.859887
1.928534
1.950198
1.238474
1.757632
0.991230
1.578201
1.743555
1.365981
1.255095
1.460702
1.589417
1.930470
1.334001
0.953506
1.242306
1.589599
1.474628
1.550821
1.839185
1.217799
1.247558
1.322719
1.853465
1.299371
1.346954
1.879685
1.291734
1.740460
1.416441
1.297966
1.626311
1.872216
0.979185
1.116346
1.509032
1.071260
1.083777
1.275122
1.544977
1.891956
1.475961
1.137553
1.947657
1.943799
1.073038
1.351703
1.568522
1.514379
1.714958
1.795861
1.243167
1.617370
0.941228
1.569340
1.837338
1.889929
1.342708
1.649431
1.436226
1.559828
1.708477
1.378424
1.845754
0.991929
0.884747
1.648801
1.143609
1.237317
1.159239
1.853085
1.001551
1.832332
1.750250
1.031571
1.793522
1.829304
1.782293
1.446658
1.404962
1.585892
0.880826
1.683697
1.161339
1.553692
1.791006
1.432383
1.907529
0.972768
1.298685
1.373257
1.828678
1.452666
1.857519
1.225663
1.198709
1.800060
1.535474
1.382899
1.934581
1.437103
1.374620
1.480998
1.819893
1.969563
1.828180
1.965697
1.698274
1.456054
1.445799
1.811242
1.452560
0.879478
1.905560
1.191253
1.204002
1.261284
1.875535
1.888159
1.474506
1.870009
1.316384
1.286011
1.070019
1.995805
1.839318
1.400733
0.921614
1.261263
1.847526
1.641214
1.119459
1.974725
1.659402
1.628181
1.893630
1.799977
1.345720
1.554298
1.846412
1.310924
