1.984926
1.974506
1.841924
1.924632
1.878791
1.757654
1.916407
1.627169
1.962311
1.816190
1.758935
1.898292
1.854911
1.837356
1.908696
1.809515
1.857762
1.929047
1.812340
1.816982
1.802751
1.939150
1.877717
1.752798
1.977315
1.743750
1.761505
1.914760
1.953253
1.839897
1.862279
1.797070
1.912165
1.962375
1.925940
1.658582
1.595814
1.802215
1.705167
1.961384
1.740931
1.893640
1.981980
1.618659
1.745864
1.659131
1.814200
1.833339
1.835661
1.908838
1.591095
1.591639
1.568952
1.852601
1.958610
1.957099
1.944532
1.866629
1.887985
1.954719
1.664139
1.940837
1.968561
1.725866
1.960304
1.695386
1.903279
1.910267
1.577151
1.974948
1.714902
1.735889
1.922938
1.972611
1.704028
1.771927
1.937706
1.563826
1.765926
1.757173
1.890516
1.899218
1.595290
1.949874
1.814040
1.608045
1.714642
1.590041
1.623388
1.778170
1.938480
1.940970
1.885452
1.650977
1.409117
1.811887
1.612568
1.977145
1.899262
1.899608
1.940450
1.764320
1.506951
1.416830
1.923268
1.843456
1.975194
1.625617
1.813992
1.587852
1.789626
1.716808
1.564767
1.880593
1.477905
1.965770
1.715757
1.458431
1.753632
1.973878
1.792764
1.490599
1.464208
1.409041
1.369138
1.708866
1.676462
1.791195
1.459112
1.975087
1.778983
1.505750
1.743919
1.898503
1.433021
1.521356
1.969820
1.829830
1.425417
1.894264
1.697823
1.972815
1.657596
1.830310
1.572602
1.442744
1.393404
1.923934
1.589487
1.809535
1.732689
1.375095
1.955774
1.562191
1.567114
1.989202
1.714595
1.453823
1.811283
1.705137
1.245727
1.966987
1.339305
1.409772
