1.680441
1.748062
1.939393
1.974954
1.947473
1.896665
1.965655
1.928096
1.757836
1.272384
1.944646
1.627289
1.972739
1.769732
1.591560
1.589228
1.739045
1.860272
1.941560
1.486798
1.787578
1.990536
1.725380
1.671640
1.839443
1.680548
1.137492
1.288685
1.878876
1.700297
1.962944
1.405721
1.856729
1.976060
1.990831
1.797795
1.165838
1.410086
1.460146
1.919207
1.927953
1.383256
1.728452
1.254756
1.370123
1.341003
1.776539
1.800726
1.935887
1.915694
1.376798
1.900503
1.599472
1.964174
1.512780
1.743159
1.287891
1.818498
1.771015
1.745058
1.439774
1.758314
1.697710
1.241966
1.888715
1.511529
1.515693
1.959515
1.839159
1.974949
1.491984
1.447522
1.211203
1.717629
1.200288
1.531326
1.731586
1.928279
1.773206
1.407883
1.787072
1.772537
1.822577
1.468331
1.982280
1.606382
1.428388
1.541239
1.741906
1.932179
1.797054
1.855067
1.118435
1.813792
1.905700
1.590704
1.755957
1.219969
1.429191
1.769171
1.392183
1.820721
1.554420
1.900853
1.620833
1.340490
1.866268
1.968526
1.890026
1.601081
1.361223
1.929279
1.656817
1.890305
1.921012
1.810832
1.702227
1.429536
1.879566
1.496194
1.089012
1.809324
1.589106
1.935862
1.477584
1.754524
1.363710
1.738045
1.077582
1.612256
1.906941
1.815133
1.574635
1.194911
1.967596
1.534551
1.841741
1.388748
1.502804
1.312311
1.405728
1.250766
1.961107
1.941190
1.913841
1.431724
1.549714
1.368265
1.678939
1.373659
1.993780
1.146977
1.602950
1.168191
1.810814
1.330225
1.538898
1.985586
1.241491
1.693058
1.607203
1.866309
1.496094
1.776347
1.924432
1.957318
1.875324
1.488508
1.867962
1.325961
1.226355
1.328146
1.901747
1.621395
1.902094
1.474213
0.976279
1.510760
1.898770
1.973380
1.588843
1.669842
1.814526
1.767834
1.654924
1.951693
1.906104
1.954381
1.194072
1.699523
1.975992
1.354717
1.555491
1.929736
1.619643
1.902249
1.801986
1.489470
1.828454
1.967120
1.428048
1.853491
1.405431
1.365625
1.393207
1.818523
1.985282
1.649739
1.309259
1.191271
1.819520
1.693904
1.731220
1.174996
1.117037
1.470850
1.175031
1.728401
1.408782
1.771770
1.326130
1.488727
1.374020
1.443929
1.881036
0.993772
1.533117
1.808300
1.364113
1.023767
1.982066
1.381343
1.922252
1.394952
1.702781
1.957914
1.759410
1.160758
1.366922
1.932792
1.476806
1.069508
1.799016
1.508660
1.608874
1.444674
1.679955
1.949645
1.836290
1.621447
1.122997
1.414328
1.495953
1.561257
1.922097
1.359382
1.562391
1.151946
1.408776
1.717570
1.726404
1.669217
1.286967
1.685869
1.489431
1.988025
1.468930
1.596624
1.473081
1.967152
1.487822
1.787913
1.558961
1.587482
1.329764
1.579877
1.840547
1.592633
1.448714
1.157255
1.269631
1.507623
1.673823
1.355004
1.442423
1.551426
1.895059
1.385475
1.640091
1.260440
1.725989
1.963639
1.909115
1.667428
1.954794
1.307755
1.494788
1.884475
1.960855
1.958759
1.365349
1.973441
1.651144
1.248759
1.317767
1.204371
1.979902
1.818523
1.958588
1.177233
1.739211
1.823506
1.162014
1.701351
1.297630
1.786371
1.743930
1.717079
1.485343
1.683844
1.864694
1.956088
1.341135
0.959254
1.396898
1.929545
1.863179
1.418149
1.096534
1.283248
1.340344
1.025808
1.782553
1.485824
1.871908
1.230730
1.943772
1.157418
1.553233
1.615894
1.909253
1.960959
1.632576
1.873961
1.639557
1.665642
1.390534
1.854276
1.336599
1.853727
0.967961
1.071565
1.872778
1.177340
1.096216
1.978177
1.853627
1.721875
1.713980
1.144188
1.768883
1.316409
1.878363
1.570865
1.528776
1.893629
1.594142
1.527708
1.759255
1.576083
1.702658
1.410489
1.914113
1.492950
1.899040
1.325439
1.664839
1.725626
1.870635
1.793351
1.949420
1.979866
1.477342
1.883238
1.976220
1.969450
1.001759
1.235409
1.568280
1.337878
1.543112
1.026433
0.983678
1.639809
1.837454
0.974112
1.649189
1.418664
1.867561
1.167238
1.177056
1.983530
1.955210
1.695124
1.571068
0.851296
1.242238
1.929409
1.775428
1.719419
1.006854
1.621565
1.555754
1.249503
1.931639
1.707550
1.340675
1.062126
1.288173
1.668694
1.676305
1.444442
1.980022
1.474244
1.244858
1.372621
1.378724
1.578233
1.280540
1.273448
1.444657
1.100427
0.962750
1.694617
1.645031
1.694699
1.629444
1.310176
1.229207
1.924135
1.842492
1.647846
1.850998
1.429202
1.352017
1.323183
1.825807
1.731998
1.600442
1.941340
1.333098
1.126297
1.371579
1.144867
1.688175
1.561460
1.229159
0.984451
1.525368
1.345797
1.801594
1.629634
1.865396
1.087079
1.761360
1.369759
0.963750
1.882050
1.638100
1.709083
1.634110
1.718881
1.979528
1.670826
1.789260
1.318474
1.133571
1.670805
1.422896
1.058460
1.556796
1.948408
1.985577
1.392349
1.464083
1.533332
1.662859
1.537194
1.274855
1.458072
1.688660
1.596405
1.923343
1.519338
1.758986
1.801635
1.585586
1.436042
1.721835
1.364411
1.733073
0.941993
1.205754
1.878436
1.698897
1.633459
1.768812
1.315912
1.298573
1.281681
1.793828
1.160340
1.219534
1.888671
1.090205
1.634820
1.638125
1.847886
1.752285
1.973414
1.694193
1.567213
1.221015
1.225919
1.569207
0.980939
1.714113
1.218008
1.492356
1.952357
1.412246
1.630684
1.940675
1.245245
1.730407
1.067394
1.575913
1.258935
1.867053
1.156562
1.276199
1.765442
1.331524
1.210880
1.032115
1.784491
0.777996
1.503102
1.176704
1.600852
1.038398
1.849800
1.141964
1.764565
1.746249
1.284786
1.191840
1.644282
1.626188
1.795360
1.859502
1.938184
1.109859
1.380691
1.744422
1.746799
0.977946
1.665406
1.744895
1.553642
1.187301
0.921103
1.598019
1.768183
1.209632
1.834271
0.970008
1.222712
1.321636
1.815306
1.676581
1.250985
1.641849
1.743548
1.352025
1.308053
0.975870
1.719035
1.973264
1.718994
0.999594
1.235657
0.954715
1.679897
1.915608
1.667984
1.108785
1.544979
1.446062
1.068002
1.018402
1.945876
1.345588
1.037809
1.879226
1.821466
1.961215
1.789949
1.638875
1.982317
1.646144
1.630331
1.885112
1.305897
0.834391
1.731455
1.847568
1.212812
1.174608
1.664576
0.906781
1.169538
1.542751
1.583951
1.173270
1.500791
0.827120
0.996759
1.139642
1.708076
1.248251
1.627249
1.623060
1.832825
1.875968
1.858456
1.315728
0.915804
1.725141
1.622558
0.929196
1.109641
1.061720
1.622877
1.749889
1.830798
1.773490
1.952270
1.243712
1.643404
1.791687
1.253725
1.525466
1.835956
0.911191
1.136486
1.849881
0.889607
1.998309
1.326051
1.794436
1.681286
0.911743
1.774470
1.895538
0.925606
1.125398
1.815366
1.169582
1.764807
0.965037
1.190828
1.673058
1.307052
1.780831
1.493458
1.048110
1.516864
1.471327
1.615118
1.864338
1.089923
1.529716
1.654326
1.178266
1.869213
