1.973954
1.986159
1.873149
1.978194
1.976562
1.995482
1.823285
1.953782
1.839485
1.947893
1.963584
1.979386
1.847441
1.977796
1.816359
1.800980
1.914461
1.769950
1.819213
1.927383
1.796584
1.996379
1.730633
1.844217
1.927272
1.839693
1.955137
1.813205
1.951272
1.846865
1.928027
1.832228
1.901373
1.760026
1.888110
1.953931
1.951702
1.855952
1.797175
1.873548
1.748538
1.625948
1.880728
1.794127
1.953071
1.852328
1.968025
1.930436
1.988733
1.942407
1.875150
1.747273
1.905275
1.770018
1.858894
1.923081
1.802300
1.712369
1.835705
1.460577
1.673625
1.945752
1.969700
1.832401
1.970192
1.690481
1.891268
1.876644
1.786028
1.967598
1.764126
1.915245
1.875418
1.750206
1.550399
1.915022
1.928679
1.743102
1.567862
1.822496
1.676925
1.868172
1.763774
1.646089
1.732646
1.757534
1.553947
1.678673
1.877598
1.582598
1.887112
1.691900
1.662246
1.852757
1.977897
1.780737
1.858906
1.911628
1.658290
1.723343
1.820356
1.578394
1.657562
1.638102
1.293538
1.948858
1.933417
1.749252
1.933328
1.646343
1.691742
1.901528
1.786294
1.740673
1.385025
1.636415
1.422565
1.576697
1.746816
1.442656
1.833326
1.951482
1.698258
1.952944
1.470314
1.584185
1.641155
1.841310
1.488710
1.871007
1.847858
1.480118
1.752915
1.414094
1.867255
1.862409
1.426972
1.906617
1.976489
1.473192
1.766712
1.430447
1.671743
1.540223
1.340174
1.578790
1.719177
1.525613
1.818387
1.952792
1.639677
1.457263
1.402053
1.522719
1.260132
1.737621
1.643281
1.673181
1.869284
1.840234
1.661619
1.817726
1.633945
1.718133
1.807112
1.630451
1.603449
1.397489
1.922528
1.491814
1.537656
1.487259
1.883251
1.947062
1.828378
1.670241
1.781041
1.588470
1.678071
