1.912397
1.682011
1.724571
1.890309
1.887259
1.705739
1.362429
1.827008
1.657493
1.234703
1.923677
1.490927
1.895754
1.844711
1.639702
1.842512
1.796396
1.795164
1.487945
1.832413
1.895617
1.476804
1.200878
1.517852
1.999285
1.731954
1.984735
1.608145
1.713733
1.972925
1.798911
1.944707
1.533990
1.558456
1.673064
1.901038
1.846208
1.993969
1.954445
1.752000
1.845449
1.609433
1.705444
1.748340
1.693633
1.436745
1.776122
1.436309
1.389229
1.739793
1.870460
1.699865
1.550097
1.419462
1.794555
1.482418
1.441521
1.531576
1.480434
1.646054
1.893174
1.936801
1.730089
1.836157
1.916009
1.411351
1.304287
1.886407
1.613013
1.774853
1.987110
1.763808
1.291193
1.578989
1.658461
1.116065
1.818708
1.648247
1.474368
1.228175
1.270554
1.456186
1.914618
1.441692
1.312341
1.545998
1.518150
1.932820
1.930842
1.804466
1.702693
1.488200
1.760836
1.851646
1.793445
1.011723
1.174062
1.560714
1.110818
1.900329
1.859642
1.550478
1.000004
1.464057
1.370006
1.403599
1.768202
1.686521
1.690655
1.258239
1.423436
1.353222
1.733262
1.895912
1.031698
1.942154
1.706295
1.349114
1.950264
1.366005
1.233932
1.962753
1.303336
1.774525
0.921737
1.362161
1.589438
1.976016
1.805804
1.999618
1.754098
1.831018
1.770124
1.165410
1.966836
1.276476
1.614216
1.917586
1.135955
1.267583
1.978086
1.924463
1.679574
1.218568
1.629581
1.549501
1.666968
1.074799
1.323336
1.754345
1.407811
1.666896
1.329270
1.158024
1.408937
1.618390
1.642763
1.944852
1.604322
1.740863
1.367448
1.956191
1.760354
1.855215
1.546051
1.195388
1.966859
1.746796
1.912246
1.284448
1.859907
1.965163
1.955134
1.883946
1.179910
1.392907
1.959609
1.918569
1.183313
1.855172
1.884789
1.398142
1.394557
1.550926
1.684421
1.944224
1.816440
1.154686
1.932788
1.523724
1.810601
1.403737
1.248082
1.535517
1.429077
1.901242
1.503956
1.495604
1.192264
1.776505
1.225862
1.980587
1.892836
1.696014
1.440265
1.600003
1.410289
1.861931
1.211588
1.775300
1.813589
1.454145
1.807915
1.727474
1.771529
1.751811
1.916688
1.827823
1.640432
1.884326
1.969731
0.917682
1.244620
1.472246
1.252457
1.668271
1.989816
1.929369
1.397786
1.923502
1.749321
1.533417
1.526276
1.271619
1.828513
1.436795
1.838286
1.470752
1.160705
1.610353
1.724161
0.953333
0.937622
1.983074
1.760976
1.461327
1.792621
1.467466
1.220734
1.141008
1.382138
1.387190
1.340252
1.420604
1.458373
1.851668
1.957847
1.785460
1.729529
1.454589
1.858469
1.684381
1.149320
1.856601
0.934387
1.369605
1.413154
1.576341
1.547897
1.771650
1.766656
1.819038
1.163442
1.428442
1.072295
1.095885
1.638643
1.879838
1.215285
1.309284
1.623049
1.185010
1.904150
1.415341
1.314555
1.455751
1.765101
1.498111
1.286190
1.153584
1.881819
1.317921
1.527303
1.571526
1.399851
1.268596
1.880235
1.343345
1.699107
1.946701
1.245431
1.921611
1.395971
1.828055
1.503288
1.874246
1.787283
1.146164
1.236430
1.677347
1.758288
1.706034
1.169253
1.138099
1.457931
1.966621
1.744658
1.896258
1.375518
0.939466
1.901657
1.732430
1.688681
1.244819
1.052610
1.468598
1.672462
1.979699
1.204324
1.912391
1.984666
1.495358
1.455750
1.574910
1.712006
0.982866
1.926803
1.921821
1.420415
1.549802
1.649932
1.253730
1.740905
1.714563
1.037865
1.216774
1.583137
1.485298
1.866015
1.705244
1.246330
1.923848
1.590008
1.175472
0.962287
1.104759
1.778777
1.553624
1.250831
1.914055
1.754114
0.890448
1.170404
1.751760
1.609732
1.135881
1.986202
1.912408
1.685191
1.419612
0.917918
1.590208
1.152221
1.414835
1.252087
1.072916
1.863281
0.907508
1.742040
1.927237
1.503990
1.874192
1.778690
1.907053
1.305389
1.309340
1.708058
1.842630
1.408108
1.520881
1.333337
1.540191
1.583646
1.320501
1.783060
1.597029
1.000299
0.925198
1.750289
1.873816
1.979344
1.344019
1.352287
1.327431
1.234298
1.990486
1.923599
1.247418
0.887341
1.741544
1.960725
1.475599
1.097317
1.557978
1.671125
1.488879
1.671043
0.858596
1.024676
0.863749
1.827699
1.619004
1.510988
1.222585
1.628539
1.928691
1.681611
1.462777
0.996905
1.215459
0.906864
1.968133
1.768905
1.532924
1.325590
1.365351
1.472969
0.940595
1.340945
1.039826
1.985440
1.803348
1.689014
1.919952
1.417154
1.989357
1.987162
1.400221
1.732917
1.343599
1.847043
1.431830
1.651250
1.987674
0.844161
1.173635
1.364405
1.185976
0.894211
1.419032
1.591384
1.419431
1.569678
1.908317
1.259079
1.955956
1.270340
1.961816
1.392577
1.479523
0.973172
1.788469
1.748987
1.194068
1.063355
1.010610
1.752311
1.887208
1.231598
1.046751
1.689226
1.794000
0.936015
1.089940
1.802701
1.151267
1.289524
0.896819
0.929166
1.364525
1.897144
1.159550
1.940481
1.737980
1.597323
1.479775
1.951010
1.315200
0.846146
1.723527
1.412678
1.227895
1.602757
0.894054
1.153377
1.023737
0.997072
1.076287
1.922804
0.954979
1.408571
1.896492
0.852351
1.066037
1.163425
1.779798
1.801877
1.157989
1.805820
1.746603
1.946855
