1.963113
1.982569
1.944546
1.964544
1.819503
1.873058
1.887753
1.883147
1.805343
1.772947
1.974401
1.745266
1.939924
1.895672
1.920685
1.998004
1.867661
1.939450
1.816592
1.951142
1.862060
1.735210
1.816470
1.883107
1.958536
1.816559
1.990010
1.670181
1.899875
1.815270
1.920558
1.608297
1.833251
1.811114
1.859633
1.912676
1.800600
1.854739
1.880408
1.915011
1.968143
1.843644
1.979796
1.842118
1.593907
1.943046
1.589135
1.882701
1.800515
1.944462
1.819949
1.677783
1.895279
1.821081
1.867351
1.908803
1.748263
1.593252
1.678554
1.560888
1.589238
1.631009
1.803214
1.840521
1.997813
1.700605
1.858382
1.467235
1.643052
1.990744
1.951293
1.855566
1.747396
1.940228
1.910977
1.925038
1.756388
1.948401
1.740654
1.648582
1.661256
1.925708
1.821982
1.600757
1.926229
1.875318
1.996609
1.650662
1.994500
1.751811
1.770269
1.578896
1.907513
1.875147
1.892828
1.772232
1.600981
1.655708
1.726553
1.853956
1.606106
1.855609
1.716398
1.528658
1.632837
1.838493
1.950238
1.973178
1.753899
1.636974
1.854052
1.486770
1.705718
1.815801
1.715987
1.873614
1.884342
1.632876
1.856957
1.618212
1.542677
1.815494
1.757160
1.529367
1.923514
1.797790
1.817431
1.546625
1.779734
1.687115
1.824156
1.854173
1.431412
1.760719
1.557699
1.558994
1.599560
1.715861
1.720860
1.553943
1.360397
1.509189
1.991690
1.546894
1.644960
1.252302
1.822712
1.959834
1.862935
1.332546
1.807081
1.675585
1.521403
1.641222
1.821500
1.754517
1.658034
1.900040
1.787068
1.562365
1.446343
1.549473
1.819099
1.518436
1.846105
1.606342
1.503307
1.842410
1.973561
1.780472
1.587229
1.272506
1.666781
1.678817
1.381795
1.934781
1.902137
1.291320
1.985312
1.998151
1.874278
1.893897
1.710254
1.231436
1.922365
1.204753
1.454820
1.480871
1.884556
