1.362415
1.924227
1.301103
1.885436
1.743063
1.768097
1.589451
1.788721
1.354516
1.967203
1.206325
1.041281
1.357677
1.722429
1.319446
1.839397
1.433600
1.553857
1.818154
1.810341
1.917693
1.738468
1.838508
1.970604
1.576639
1.641521
1.815039
1.496677
1.118792
1.616597
1.700198
1.834471
1.987980
1.434134
1.327254
1.978913
1.265965
1.928027
1.729354
1.749583
1.705895
1.480855
1.542328
1.210333
1.979688
1.076813
1.931558
1.398607
1.425201
1.910567
1.780125
1.750678
1.877175
1.656930
1.348294
1.132742
1.316850
1.847496
1.940154
1.614009
1.911838
1.979676
1.586364
1.880724
1.721263
1.761841
1.799748
1.967868
1.665956
1.121810
1.700422
1.354174
1.752307
1.416630
1.938088
1.242899
1.784768
1.271765
1.257206
1.660581
1.902432
1.673133
1.665218
1.625937
1.614346
1.560899
1.709196
1.068566
1.449398
1.340542
1.339911
1.669807
1.354687
1.494423
1.405498
1.233204
1.811586
1.963103
1.609597
1.822818
1.959309
1.484868
1.934705
1.890917
1.512610
1.520914
1.963236
1.456475
1.334686
1.524106
1.678594
1.462705
1.876049
1.875712
1.772217
1.633220
1.587217
1.770778
1.929107
1.324758
1.478580
1.853122
1.880745
1.661621
1.690352
1.855939
1.977069
1.910374
1.538709
1.959202
1.222428
1.983054
1.790109
1.355306
1.511961
1.756864
1.992722
1.926875
1.713083
1.845802
1.699234
1.467030
1.164180
1.508310
0.981170
1.644445
1.816849
1.646385
1.743116
1.313474
1.881496
1.555125
1.382663
1.880961
1.478843
1.723406
1.678862
1.553366
1.392632
1.446383
1.334259
1.916665
1.647844
1.590155
1.222780
1.957434
1.683207
1.533236
1.913538
1.889312
1.778973
1.414121
0.958650
1.866508
1.057140
1.911776
1.655080
1.427066
1.496311
1.412093
1.331706
1.407317
1.487441
1.021627
1.887027
1.297846
1.772180
1.406932
1.797774
1.448084
1.491360
1.579755
1.669673
1.775652
1.981982
1.143745
1.665530
1.979257
1.348658
1.773650
1.885797
1.245404
1.840165
1.476582
1.811941
1.312121
1.524607
1.746886
1.883857
1.784681
1.228739
1.739232
1.097543
1.495693
1.558613
1.182855
1.930722
1.642165
1.800687
1.727755
1.124914
1.830981
0.859338
1.282937
1.898497
1.252892
1.098201
1.671241
1.506779
1.708353
1.707011
1.840525
1.368855
1.624456
1.188397
1.765799
1.071993
1.645726
0.887616
1.716052
1.029815
1.466667
1.358685
1.987192
1.787240
1.561109
1.128977
1.666190
1.453888
1.703862
1.587036
1.901129
1.906403
1.856679
1.455154
1.393025
1.299787
1.332204
1.544442
1.936540
1.552059
1.908852
1.232120
1.146246
1.402729
1.160072
1.190155
1.110864
1.250743
1.019870
1.891459
1.930131
1.776883
1.562755
1.633322
1.144945
1.588061
1.461798
0.976196
1.060465
1.346298
1.473992
1.357714
1.725016
1.238742
1.269791
1.078947
1.432815
1.893257
1.509213
1.655125
0.995740
1.944590
1.309490
1.675099
1.731859
1.574735
1.177392
1.841763
1.346403
1.794524
1.064392
1.665300
1.640923
1.097366
1.864450
1.934570
1.650417
1.457392
1.031269
1.750087
1.119529
1.655155
1.745075
1.030584
1.334101
0.985436
1.659782
1.720430
1.606546
1.327042
1.762364
1.830989
1.511272
1.059914
0.981582
1.760416
1.068547
1.199426
1.142259
1.759251
1.589490
1.621116
1.588787
1.623616
1.722453
1.820813
1.417843
1.720762
1.592127
1.277420
1.509276
1.314133
1.380807
1.694580
1.114842
1.955368
1.423513
1.814927
1.486293
1.461365
1.332404
1.840939
1.524815
1.505341
1.479139
1.858227
1.366204
1.051042
1.691058
1.586352
1.890209
1.585108
1.316447
1.227983
1.399376
1.953657
1.085427
1.309427
1.389146
1.222009
1.114244
1.986371
1.500822
1.123675
1.220219
1.747951
1.589517
1.064921
1.173552
1.755336
1.089853
1.993670
1.742523
1.712583
1.922716
1.590016
1.032755
1.037386
0.964074
1.798480
1.210385
1.084804
1.185528
1.166474
1.059997
1.269078
1.590434
1.008805
1.056304
1.439070
1.752686
