1.635864
1.543295
1.969364
1.705559
1.618704
1.890858
1.772022
1.852131
1.844539
1.370133
1.584855
1.471211
1.384216
1.741257
1.833664
1.565546
1.700469
1.975621
1.668679
1.952532
1.617265
1.880110
1.749860
1.741848
1.677878
1.914211
1.745622
1.671878
1.704874
1.842247
1.564806
1.476186
1.997029
1.793308
1.782111
1.559988
1.809470
1.619347
1.700362
1.728320
1.941360
1.851825
1.796621
1.977329
1.118353
1.693033
1.799047
1.508557
1.634314
1.819640
1.416502
1.977442
1.841333
1.890521
1.916634
1.709862
1.206390
1.709977
1.239552
1.293023
1.783850
1.947624
1.454839
1.802906
1.893476
1.967886
1.785980
1.724565
1.957869
1.705262
1.586442
1.461802
1.755536
1.914007
1.019214
1.767038
1.724972
1.548436
1.413234
1.686844
1.814243
1.996101
1.845509
1.810709
1.669349
1.532609
1.487305
1.848690
1.091060
1.669094
1.648949
1.003968
1.947754
1.978992
1.895917
1.704035
1.707482
1.522139
1.454505
1.675891
1.348746
1.845344
1.958092
1.285908
1.886949
1.704861
1.420302
1.624124
1.266945
1.595157
1.823892
1.843377
1.361468
1.435343
1.395008
1.140822
1.724322
1.645011
1.983753
1.917667
1.320906
1.849616
1.336047
1.824712
1.355291
1.844253
1.988402
1.715478
1.895374
1.877451
1.698955
1.675700
1.151350
1.620309
1.636086
1.672508
1.915322
1.618329
1.634412
1.784273
1.862793
1.872225
1.721787
1.838508
1.771517
1.268537
1.916446
1.911769
1.990320
1.860638
1.792276
1.233606
1.494844
1.781200
1.343897
1.815428
1.788901
1.842613
1.675061
1.491934
1.713301
1.522471
1.810053
1.798494
1.416819
1.936277
1.458871
1.841287
1.821020
1.708764
1.549530
1.978209
1.922840
1.624910
1.863427
1.688809
1.255129
1.703226
1.284357
1.976900
1.974778
1.435493
1.633434
1.674233
1.570164
1.381538
1.193091
1.390833
1.938118
1.895508
1.902227
1.931420
1.830677
1.982481
0.977557
1.506840
1.783645
1.878600
1.559171
1.562715
1.883555
1.258549
1.102315
1.438992
1.536019
1.757172
1.466090
1.952085
1.592172
1.619748
1.646023
1.775869
1.430072
1.818176
1.463813
1.727373
1.145796
1.803369
1.545006
1.353366
1.229519
1.275835
1.772087
1.000973
1.224037
1.573605
1.567811
1.832585
1.244432
1.651789
1.620799
1.928032
1.069614
1.670875
1.389799
1.887091
1.812291
1.705516
1.342174
1.502133
1.832110
1.991202
1.104488
1.780557
1.194371
1.664473
1.443966
1.714221
1.837831
1.938571
1.154696
1.291198
1.999779
1.075113
1.282480
1.690784
1.698134
1.840560
1.762127
1.583160
1.115272
1.858528
1.508244
1.485174
1.109631
1.956248
1.327803
1.982867
1.998277
1.231591
1.887116
1.241406
1.822729
1.278162
1.263450
1.782260
1.692972
1.902230
0.954435
1.531574
1.986869
1.627440
1.160170
1.808888
1.608540
1.335256
1.415812
1.546656
1.071743
1.329798
1.185613
1.867685
1.875295
1.097571
1.627610
1.204038
1.887813
1.789711
1.685371
1.161307
1.644639
1.089678
1.068383
1.865513
1.239118
1.277242
1.620634
1.787864
1.570561
1.327533
1.751813
1.878219
1.997006
1.676978
1.780240
1.661223
1.393038
1.469424
1.882984
1.633049
1.552308
1.743192
1.006213
1.187277
1.079070
1.183884
1.241396
1.672209
1.367004
1.971240
1.468927
1.220528
1.420946
1.864595
1.633497
1.818855
1.507284
1.856079
1.292733
1.509310
1.772157
1.969841
1.639526
1.691948
1.325869
1.687225
0.965674
1.908141
1.310739
1.790358
1.796813
1.911900
1.893061
1.706510
1.379755
1.864694
1.951095
1.719833
1.990191
1.847841
1.419965
1.541729
1.405937
1.853897
1.433500
1.227950
1.763146
1.484450
1.556201
1.900349
1.901388
1.983527
1.522856
1.986907
1.693026
1.219850
1.406572
1.930130
1.871605
1.392209
1.922624
0.896967
1.331531
1.440246
1.344230
1.934833
1.338668
1.926365
1.278655
1.043292
1.384484
0.880472
1.463597
1.083908
1.919948
1.536694
1.586896
1.135669
1.668169
1.449070
1.981578
1.642022
1.205089
1.349053
1.957003
1.976347
0.891667
1.848969
1.828374
0.980227
1.672476
1.979521
1.580735
1.426371
1.168842
1.715151
1.877525
1.979049
1.449277
1.902610
1.340535
1.593023
0.996241
1.139248
1.476799
1.357853
1.666142
1.385840
1.250794
1.365841
1.850096
0.985198
1.446500
1.901677
1.644893
1.919523
1.191017
1.615062
1.420872
1.424270
1.595087
1.628687
1.745224
1.649776
1.802076
1.269877
1.639964
1.488047
1.710757
1.272437
1.545306
1.680664
1.392820
1.683192
1.503347
1.472628
1.407752
1.518044
1.314270
1.331816
1.738010
1.769897
1.532150
1.940840
1.221956
1.093206
1.972303
1.280258
1.775974
1.294141
1.421053
1.940088
1.561053
1.981194
1.943572
1.201736
1.948365
1.986834
1.588965
1.959071
1.361634
1.274437
1.807850
1.180172
1.261126
1.500846
1.865204
1.616559
1.374960
1.529784
1.423804
1.475513
1.279610
1.454941
1.915645
1.377457
1.225731
1.975686
1.995736
1.832122
1.921144
1.908792
1.723505
1.936962
1.704609
1.350780
1.529743
1.361452
1.372742
1.765300
1.369667
1.318195
1.338341
1.187623
0.941554
1.529653
1.760625
1.375264
1.432743
1.940248
1.404917
1.097303
1.288170
0.856062
1.780357
1.615275
1.887276
1.656148
1.275062
1.899096
1.646599
1.746887
1.800795
1.547204
1.285152
1.339748
1.528811
1.705535
0.944671
1.819026
1.816748
1.107047
1.119244
0.915617
1.532941
1.950100
1.982571
1.468789
1.133998
1.308260
1.834475
1.740672
1.897122
1.327094
1.042493
1.931272
1.118962
0.793814
1.238411
1.442448
1.759185
1.167468
1.324777
1.702401
1.221793
1.694224
1.820144
1.431073
1.924090
1.842773
1.201670
1.345166
1.284752
1.177696
1.309647
1.220252
1.593361
1.762064
1.929516
1.286847
1.421792
1.364523
1.153306
1.869029
1.387141
1.417483
1.524180
1.761904
1.423566
1.878073
1.298766
1.956345
0.999278
1.808200
1.904691
1.723633
1.893639
1.871677
1.750249
1.546353
1.386378
1.711826
1.218885
1.146006
1.562089
1.949003
1.831024
1.290442
1.867386
1.673399
1.658376
1.620635
1.778238
1.585188
1.731851
1.539010
1.858198
1.618809
1.418331
1.467778
1.234519
1.975955
1.384461
1.552369
1.853200
1.875487
1.642512
1.959273
1.584858
1.675756
1.516910
1.621518
1.641387
1.974806
1.631024
1.896281
1.015998
1.199216
1.559458
1.285934
1.085108
1.849212
1.851766
1.408725
1.677575
1.420865
1.334952
1.382999
1.229525
1.996727
1.998526
0.984102
1.584118
0.990970
1.619015
1.701522
1.238295
1.989937
0.914228
1.818103
1.669865
1.985120
1.794096
1.160975
1.240124
1.404208
1.594989
1.953645
1.011658
1.966655
1.754013
1.618797
1.956064
1.428486
1.598157
1.750003
1.055415
1.194534
1.775513
1.764457
1.558606
1.440180
1.745613
1.975402
1.289109
1.574232
1.601819
0.940446
1.107383
1.656034
1.198533
0.964223
1.388158
1.785338
1.561022
1.954846
0.819898
1.617408
1.729395
1.088777
1.655915
1.688661
1.583929
1.131829
1.684427
1.931128
1.394371
1.657999
1.385435
1.365036
1.661942
0.807649
1.259438
1.211415
1.151818
0.939267
1.581205
1.138259
1.604919
1.681267
1.976055
1.414909
1.598175
1.707410
1.868264
1.391945
1.690279
1.524495
1.950506
1.968724
1.512863
0.815022
1.725547
1.576372
1.369028
1.439474
1.617516
1.502704
1.807300
1.339234
0.992659
0.989277
1.715882
1.170171
1.644934
1.177434
1.855255
1.647349
1.153176
1.544357
1.519220
1.367650
1.905123
1.525540
1.102839
1.311647
1.529560
1.239132
1.076215
1.303380
1.590440
1.350688
1.077090
0.915312
