1.775496
1.967701
1.885554
1.932379
1.952437
1.863575
1.927701
1.786952
1.972700
1.932482
1.967769
1.763199
1.936019
1.773043
1.921673
1.937356
1.710553
1.885078
1.915525
1.784274
1.977881
1.998709
1.905697
1.822646
1.798101
1.809329
1.954878
1.900481
1.999456
1.960414
1.784457
1.752891
1.943148
1.740277
1.955401
1.783902
1.895342
1.804861
1.909542
1.767809
1.984761
1.594784
1.945026
1.538612
1.929606
1.888148
1.748061
1.973009
1.800245
1.980580
1.803186
1.579777
1.633880
1.694806
1.767539
1.966049
1.687484
1.910292
1.662163
1.964349
1.636362
1.703503
1.901632
1.831112
1.891198
1.919085
1.959287
1.945721
1.984504
1.884687
1.990395
1.976388
1.762145
1.940454
1.838012
1.751678
1.994772
1.928312
1.917765
1.979558
1.991800
1.670474
1.947326
1.937261
1.751634
1.930253
1.942082
1.898678
1.929257
1.903738
1.710924
1.667847
1.664982
1.995633
1.755830
1.490514
1.953135
1.484827
1.601501
1.908851
1.781128
1.584245
1.757509
1.928327
1.984988
1.876156
1.729364
1.595592
1.577046
1.725118
1.688822
1.451286
1.740281
1.778528
1.889364
1.988446
1.850004
1.992543
1.818260
1.408489
1.840035
1.919225
1.922294
1.841521
1.855401
1.250226
1.990504
1.571489
1.412735
1.573776
1.961650
1.301191
1.752771
1.721945
1.623563
1.843107
1.815424
1.932427
1.872653
1.959839
1.774181
1.471143
1.517878
1.517270
1.935736
1.271290
1.656535
1.375590
1.781287
1.560668
1.903833
1.405168
