1.973873
1.992174
1.875324
1.893953
1.782460
1.667095
1.920653
1.805454
1.792707
1.915766
1.937332
1.908046
1.838610
1.941322
1.920179
1.887177
1.761416
1.908671
1.900732
1.905125
1.864846
1.705925
1.949099
1.793243
1.934685
1.689994
1.740860
1.859354
1.783753
1.672509
1.873353
1.849965
1.970190
1.962569
1.662561
1.849300
1.546807
1.727482
1.849621
1.878938
1.883419
1.872439
1.924502
1.982107
1.804903
1.601693
1.920381
1.468855
1.710402
1.703641
1.999290
1.817302
1.937547
1.532975
1.875336
1.968513
1.773085
1.995377
1.712754
1.694738
1.656639
1.849482
1.966847
1.811070
1.677210
1.920470
1.884192
1.731876
1.862170
1.835907
1.833440
1.733543
1.974700
1.632906
1.909717
1.899574
1.609056
1.673304
1.914808
1.562812
1.776734
1.611026
1.903593
1.740358
1.981132
1.740631
1.718855
1.954832
1.787086
1.874233
1.582941
1.919842
1.911561
1.892820
1.988165
1.697855
1.790348
1.614852
1.535450
1.793532
1.736069
1.495590
1.889154
1.989264
1.930754
1.649834
1.492377
1.869387
1.683378
1.707866
1.996659
1.401617
1.739176
1.551546
1.677967
1.932741
1.487593
1.733251
1.956833
1.563742
1.750007
1.627468
1.723772
1.455284
1.844236
1.781605
1.634660
1.756442
1.789509
1.911024
1.441387
1.555505
1.317578
1.989452
1.735300
1.356202
1.978867
1.657507
1.687864
1.940307
1.242847
