1.928173
1.879615
1.833683
1.894692
1.814571
1.895329
1.874966
1.917158
1.979175
1.981927
1.553619
1.830171
1.967735
1.740201
1.963675
1.984482
1.964036
1.813629
1.963684
1.908897
1.873743
1.875398
1.921855
1.774842
1.937104
1.843129
1.993423
1.802703
1.961566
1.838587
1.971827
1.855295
1.878599
1.923603
1.888644
1.824931
1.875978
1.673222
1.620014
1.996968
1.974375
1.817679
1.767013
1.938291
1.749542
1.691044
1.817821
1.838757
1.714081
1.623766
1.703673
1.638956
1.857990
1.864486
1.820854
1.838063
1.874477
1.797343
1.721802
1.843875
1.817959
1.942020
1.987051
1.987174
1.740175
1.945647
1.954287
1.860516
1.892808
1.992503
1.620530
1.822836
1.732583
1.668092
1.999076
1.773782
1.757618
1.795541
1.977293
1.452933
1.672187
1.705718
1.997835
1.715118
1.944731
1.620893
1.773950
1.717055
1.816312
1.861176
1.450625
1.880216
1.724202
1.808979
1.850848
1.397199
1.608537
1.753333
1.946302
1.725372
1.940494
1.562515
1.991061
1.774536
1.724563
1.696138
1.986374
1.768424
1.964127
1.454740
1.604908
1.740726
1.901909
1.500530
1.548719
1.858782
1.682073
1.997195
1.579596
1.897920
1.873571
1.791780
1.883676
1.685863
1.437037
1.552228
1.654662
1.917102
1.970748
1.605540
1.909526
1.704380
1.735174
1.696238
1.752315
1.930295
1.629321
1.634506
1.987735
1.692559
1.914599
1.976479
1.766075
1.819706
1.645084
1.820508
1.575623
1.742962
1.819205
1.591134
1.330508
1.336879
1.471897
1.927552
1.775209
1.609242
1.502450
1.506847
1.356092
1.998988
1.952567
1.652249
