1.901937
1.998781
1.862820
1.789597
1.946963
1.800886
1.787691
1.769393
1.782108
1.904514
1.751391
1.936516
1.877343
1.998875
1.909997
1.786281
1.812777
1.971230
1.789444
1.888429
1.719011
1.872971
1.874078
1.996174
1.750378
1.748684
1.945282
1.689776
1.879929
1.932104
1.870893
1.777662
1.812581
1.978153
1.653742
1.806906
1.959152
1.853092
1.992888
1.939991
1.898069
1.886806
1.661211
1.775782
1.913218
1.732055
1.765377
1.689593
1.831968
1.859670
1.928553
1.545060
1.922602
1.798730
1.735826
1.796305
1.813172
1.857145
1.800480
1.654212
1.676114
1.843661
1.502733
1.570652
1.995118
1.580322
1.940674
1.866677
1.569960
1.881501
1.717305
1.360728
1.499600
1.893026
1.394359
1.725684
1.672125
1.845547
1.655307
1.795315
1.846972
1.955494
1.635204
1.630430
1.939555
1.811788
1.741430
1.671440
1.748240
1.995308
1.575616
1.822893
1.709014
1.875021
1.479257
1.975710
1.455131
1.827075
1.430962
1.580744
1.828139
1.354751
1.908036
1.910725
1.597149
1.950243
1.837871
1.608228
1.808965
1.787729
1.539590
1.736537
1.663741
1.406994
1.920088
1.559009
1.987491
1.505793
1.856010
1.894321
1.699022
1.990464
1.581069
1.711457
1.470813
1.789070
1.904691
1.757267
1.576539
1.808877
1.424039
1.801217
1.630378
1.711392
1.469968
1.792772
1.891369
1.998340
1.957262
1.944066
1.902636
1.868512
1.639310
1.805645
1.857333
1.815747
1.590301
1.920519
1.572476
1.969267
1.602504
1.796343
1.832463
1.926442
1.375788
1.689853
1.261457
1.942963
1.773182
1.514186
1.933514
1.490607
1.452293
1.904973
1.917123
1.356159
1.394557
1.790724
1.818152
