1.823811
1.950520
1.978867
1.952966
1.876344
1.996714
1.974326
1.892582
1.845613
1.994648
1.830013
1.928976
1.992949
1.845135
1.683707
1.835511
1.934842
1.971317
1.973143
1.909366
1.740846
1.981315
1.984777
1.854512
1.963185
1.795878
1.876843
1.734550
1.849489
1.696650
1.889449
1.825879
1.720448
1.693593
1.895733
1.792831
1.979766
1.950037
1.697495
1.780158
1.782709
1.790473
1.849363
1.617872
1.931862
1.832754
1.696361
1.791416
1.503722
1.972131
1.586307
1.663639
1.528319
1.879966
1.703344
1.956419
1.732594
1.762638
1.749662
1.962458
1.748208
1.979933
1.833301
1.735779
1.811115
1.823234
1.670710
1.969440
1.765293
1.565041
1.424220
1.705459
1.668829
1.767479
1.886273
1.371783
1.510083
1.987081
1.723452
1.781461
1.979535
1.702031
1.614113
1.861707
1.674189
1.843766
1.894662
1.730175
1.668758
1.755968
1.960678
1.351088
1.933914
1.936195
1.946833
1.985445
1.789926
1.602605
1.928115
1.403716
1.394357
1.826283
1.665790
1.877989
1.733236
1.707837
1.651171
1.447213
1.975160
1.422008
1.666402
1.399919
1.562508
1.840664
1.919662
1.394438
1.821508
1.926057
1.726833
1.445399
1.484048
1.666858
1.320085
1.897684
1.718265
1.318662
1.642245
1.831350
1.973855
1.978372
1.322644
1.355954
1.990744
1.599338
1.801264
