1.929937
1.406277
1.372320
1.825284
1.602811
1.959778
1.173722
1.943790
1.829810
1.951213
1.791905
1.385651
1.974085
1.721145
1.974726
1.984038
1.997980
1.413375
1.563578
1.684143
1.618691
1.506606
1.562948
1.850265
1.393459
1.698604
1.999360
1.721899
1.734650
1.708365
1.543545
1.865447
1.083479
1.972135
1.626347
1.742592
1.848076
1.667862
1.215580
1.718353
1.510912
1.432193
1.407371
1.630205
1.971134
1.785861
1.874287
1.730472
1.863667
1.927882
1.816663
1.979827
1.937925
1.993047
1.370977
1.184044
1.987385
1.607382
1.568911
1.800809
1.674349
1.859964
1.946013
1.693306
1.367112
0.997827
1.528526
1.785361
1.648165
1.875837
1.983836
1.910812
1.524521
1.559180
1.598563
1.806148
1.198062
1.689894
1.944697
1.724063
1.800181
1.776343
1.880313
1.880088
1.481081
1.863899
1.816440
1.140117
1.756198
1.492865
1.698101
1.722626
1.520845
1.555638
1.742492
1.336386
1.922177
1.337570
1.560707
1.817585
1.816355
1.828737
1.911567
1.674458
1.864017
1.840195
1.886794
1.315073
1.799440
1.946818
1.846144
1.310854
1.207880
1.717332
1.470305
1.951010
1.904799
1.665942
1.291866
1.514352
1.824424
1.863955
1.756563
1.255518
1.309021
1.989753
1.906766
1.986632
0.993479
1.838743
1.665276
1.472243
1.368015
1.875816
1.757559
1.913690
1.173758
1.993014
1.909934
1.232936
1.395155
1.745991
1.715385
1.436849
1.534900
1.629032
1.570212
1.797662
1.559969
1.271320
1.378264
1.838461
1.190246
1.601497
1.476718
1.889228
1.080050
1.486761
1.941110
1.572658
1.516312
1.570325
1.690596
1.887162
1.881069
1.557300
1.685159
1.579112
1.900805
0.893974
1.705284
1.317021
1.964870
1.687391
1.382727
1.986668
1.462327
1.755733
1.240684
1.024276
1.931001
1.999726
1.884551
1.841652
1.528274
1.840178
1.898841
1.196474
1.565643
1.827790
1.995657
1.813122
1.192603
1.562622
1.488918
1.865972
1.501968
1.292190
1.530524
1.308663
1.852899
1.005708
1.838590
1.783624
1.796373
1.925913
1.884379
1.857587
1.237663
1.670312
1.654055
1.533742
1.570816
1.444722
1.927539
1.686444
1.999626
1.562855
1.845336
1.335159
1.268689
1.988961
1.671988
1.755136
1.588891
1.486614
1.412150
1.507627
1.810447
1.606676
1.056217
1.589477
0.886838
1.781108
1.630257
1.664082
1.493713
1.708364
1.443568
1.806151
1.677643
1.519511
1.920714
1.958265
1.776507
1.300576
1.640854
1.403410
1.379618
1.976460
1.221358
1.232918
1.730389
1.427331
1.434480
1.465571
1.591593
1.118980
1.871422
1.899186
1.676101
1.672922
1.250901
1.774232
1.978681
1.097028
1.983790
1.710414
1.463170
1.734724
1.346488
1.377569
1.058410
1.716395
1.264129
1.450618
1.502676
1.783289
1.868457
1.630440
1.929375
1.594600
1.370282
1.037105
1.467775
1.794362
1.254512
1.240825
1.519727
1.408727
1.449374
1.703322
1.777021
1.881309
1.682260
1.969721
1.926956
1.207208
1.805065
1.128088
1.927403
1.844565
1.994107
1.658688
1.232418
1.927219
1.899952
1.546873
1.820408
1.320060
1.620050
1.986425
1.399780
1.536090
1.019368
1.911318
1.113838
1.656038
1.542195
1.199710
1.185730
1.290243
1.703755
1.328195
1.818389
1.152139
1.868862
1.706963
1.941773
1.680223
1.499174
1.121871
1.640125
1.963426
1.352620
1.398581
1.861093
1.984742
1.447385
1.191833
1.720312
1.063403
1.309996
1.851214
1.162344
1.689136
1.755896
1.873506
1.703378
1.906327
1.802188
1.308235
1.407163
1.314385
1.106344
1.869696
1.398679
1.829279
1.581634
1.668389
1.021563
1.818946
1.904550
1.331079
1.253225
1.504739
1.721380
1.218204
1.518157
1.507735
1.318561
1.456983
1.104694
1.320450
1.674705
1.711821
1.717874
1.861597
1.433995
1.129773
1.675822
1.595086
1.946053
1.924703
1.415450
1.831356
1.588033
1.994941
1.269784
1.391938
1.974730
1.940507
1.928945
1.097657
0.981121
1.136506
1.697526
1.577187
1.619313
0.895475
1.955582
1.748225
1.765248
1.632226
1.676896
1.645991
1.779316
1.613200
1.531143
1.571631
1.967133
1.901663
1.576315
1.560413
0.954358
1.205293
1.779276
1.707371
1.360250
1.272620
1.468873
1.114096
1.333557
1.971933
1.384671
1.730072
1.921071
1.996713
1.817515
1.413519
1.435879
1.369966
0.912441
1.760198
1.493550
1.169032
1.682159
1.755057
1.685720
1.243164
1.090019
1.811621
1.915914
1.937215
1.508477
1.460376
1.321423
1.722735
1.102563
1.580536
1.460903
1.251554
1.635469
1.106765
1.385741
1.806060
1.230694
1.182349
1.696203
1.613417
1.660578
1.558628
1.218311
1.250951
1.245117
1.788953
1.820390
1.900011
1.505721
1.976903
1.762080
1.529222
1.774938
1.916845
1.214264
1.582570
1.189027
1.221945
1.846487
1.055601
1.615260
1.672670
1.849125
1.349235
1.578386
1.294684
1.205096
1.717572
1.462561
1.139320
0.929295
1.545331
0.867436
1.574634
1.577714
1.409975
1.207345
1.158429
1.625718
1.637775
1.946926
1.509887
1.987243
1.551062
1.174085
1.811428
1.076557
1.002591
1.885727
1.329330
1.620935
1.715041
1.613271
1.907397
1.158938
1.557256
1.998893
1.989311
1.955941
0.992647
1.188109
1.627161
1.031233
1.907030
1.675726
1.832940
1.829871
1.344946
1.592918
1.585315
1.706992
1.488997
1.870284
1.804267
1.008717
0.911810
1.266676
1.548365
1.192966
1.247950
1.118726
0.922626
1.236701
1.862068
1.819754
1.408209
1.292569
1.552225
1.770617
1.461207
1.241245
1.762593
1.120604
1.504369
1.937912
1.472968
1.072998
1.902284
1.268302
1.679299
1.196769
1.257226
1.826578
1.501966
0.838517
1.636371
1.953561
1.348284
1.680642
1.962323
1.249355
1.484329
1.921430
1.946650
1.958477
1.658922
1.084580
1.996734
1.940839
1.049448
1.866480
1.304906
1.196486
1.216236
1.552424
1.394303
1.247463
1.319681
1.519807
1.617862
1.656652
1.373789
1.548332
1.922789
1.775326
1.563250
1.563537
1.664492
1.892695
1.029574
1.129711
1.724446
1.761437
1.374718
1.810936
1.363841
1.119657
0.980663
1.731675
1.393863
0.817941
1.980650
1.130423
1.082783
1.190636
1.444699
1.372067
