1.980846
1.970513
1.878992
1.888455
1.917711
1.962636
1.879668
1.652355
1.973425
1.980065
1.950295
1.809637
1.747255
1.928356
1.770920
1.818687
1.781126
1.942756
1.672772
1.832370
1.952655
1.919584
1.817743
1.787463
1.832515
1.962143
1.913196
1.810811
1.899024
1.815937
1.987035
1.881407
1.716123
1.955936
1.878445
1.905763
1.574767
1.994046
1.794254
1.938614
1.783611
1.835641
1.888717
1.957906
1.934849
1.902766
1.866287
1.967796
1.785430
1.761099
1.838240
1.692602
1.798586
1.811091
1.908104
1.889412
1.971391
1.966380
1.764180
1.537509
1.628213
1.478259
1.580289
1.599834
1.836096
1.709134
1.909062
1.835158
1.571884
1.959726
1.795900
1.642235
1.723424
1.723150
1.965631
1.997864
1.767362
1.916690
1.753088
1.776096
1.879220
1.752329
1.716284
1.933227
1.763271
1.595326
1.818600
1.815139
1.575355
1.909814
1.817732
1.659087
1.986213
1.409425
1.940384
1.856791
1.786775
1.959645
1.983922
1.768727
1.541219
1.711567
1.986667
1.721662
1.304780
1.449825
1.629361
1.325983
1.549462
1.707399
1.937438
1.697299
1.571081
1.973262
1.991697
1.845539
1.760620
1.767117
1.882698
1.842468
1.611153
1.650154
1.730497
1.532304
1.633896
1.462950
1.708257
1.872587
1.978390
1.535949
1.628128
1.583248
1.905707
1.924204
1.826292
1.420967
1.955312
1.744989
1.354305
1.839121
1.498112
1.351002
1.610968
1.725687
1.407176
1.646970
1.787184
1.791442
1.381716
1.387613
1.618346
1.636506
1.890215
1.789214
1.498402
1.512085
1.637609
1.641496
1.628216
1.465634
1.838868
1.977971
1.910528
1.408042
1.816231
1.671763
1.190556
1.968666
1.636438
1.740314
