1.991824
1.938333
1.957122
1.994769
1.889119
1.987571
1.957977
1.792292
1.931496
1.851782
1.750064
1.902310
1.721797
1.725711
1.831080
1.956827
1.937934
1.910693
1.839930
1.731367
1.779865
1.940906
1.876648
1.631873
1.929165
1.900817
1.767911
1.874563
1.636684
1.913594
1.773957
1.880481
1.959935
1.722658
1.824999
1.675700
1.716942
1.859138
1.740994
1.759841
1.935051
1.875475
1.701194
1.837658
1.835043
1.741111
1.882674
1.646866
1.680470
1.829032
1.970103
1.566720
1.808361
1.815906
1.829222
1.667268
1.610252
1.634808
1.584643
1.801096
1.507536
1.646096
1.825365
1.943383
1.859027
1.730837
1.924832
1.736044
1.985065
1.973007
1.857415
1.598149
1.839516
1.499875
1.771192
1.937101
1.888756
1.953073
1.906831
1.805360
1.836485
1.972344
1.600766
1.956766
1.905141
1.821975
1.848806
1.984326
1.718120
1.799720
1.638081
1.811742
1.624748
1.578439
1.923467
1.982535
1.766542
1.477150
1.972273
1.658777
1.899526
1.555041
1.621109
1.498954
1.583523
1.536098
1.721120
1.571067
1.857580
1.639324
1.710873
1.722292
1.791160
1.785042
1.518523
1.791160
1.959196
1.665460
1.953001
1.811983
1.858697
1.609756
1.503358
1.861942
1.786225
1.488474
1.852382
1.756421
1.584006
1.719425
1.856778
1.693747
1.402238
1.741794
1.758878
1.766832
1.824183
1.999835
1.257087
1.545442
1.865816
1.562158
1.678288
1.779294
1.810719
1.317681
1.685149
1.336838
1.565920
1.775719
1.427075
1.864000
1.930161
1.572515
1.715172
