1.988187
1.756776
1.872024
1.908588
1.782408
1.897970
1.998496
1.979209
1.738157
1.597305
1.975374
1.890066
1.883767
1.891092
1.906933
1.899445
1.822225
1.933758
1.579131
1.860145
1.634870
1.839302
1.967522
1.933159
1.987079
1.918125
1.770748
1.570875
1.954982
1.337747
1.754024
1.762431
1.811879
1.679216
1.685432
1.869631
1.805983
1.900449
1.884614
1.783197
1.976065
1.446746
1.598162
1.887268
1.917960
1.566904
1.512884
1.834494
1.613660
1.931080
1.733534
1.845202
1.653066
1.982074
1.894591
1.496638
1.659983
1.700684
1.860521
1.958588
1.855032
1.715932
1.367241
1.471856
1.812075
1.678929
1.602541
1.814022
1.828951
1.526080
1.709321
1.872297
1.978477
1.480040
1.796911
1.497059
1.344258
1.581584
1.699207
1.947531
