1.563819
1.912603
1.908313
1.721669
1.919633
1.950397
1.629583
1.802503
1.905620
1.971777
1.605294
1.816568
1.831640
1.478391
1.864467
1.795726
1.904328
1.667507
1.981775
1.672414
1.985337
1.371984
1.656336
1.879296
1.600372
1.765550
1.982889
1.382334
1.450334
1.970585
1.678871
1.593868
1.790033
1.824639
1.825479
1.927587
1.664012
1.712719
1.946857
1.974887
1.938615
1.750051
1.983182
1.464693
1.773065
1.945906
1.528851
1.382169
1.685190
1.997872
1.312863
1.382922
1.647399
1.301967
1.651972
1.658808
1.901994
1.272005
1.851600
1.875804
1.993530
1.426639
1.421658
1.974985
1.179273
1.362867
1.805273
1.679736
1.830234
1.697205
1.890301
1.937229
1.503723
1.655315
1.694303
1.874568
1.890429
1.891570
1.828582
1.803925
1.835423
1.768789
1.585637
1.681163
1.990536
1.826535
1.363620
1.551856
1.285830
1.676270
1.348248
1.902529
1.720308
1.355516
1.922399
1.612443
1.608565
1.402568
1.025020
1.443766
1.206299
1.389997
1.269521
1.684605
1.942800
1.825216
1.958947
1.791477
1.924322
1.927419
1.793546
1.384627
1.963936
1.715260
1.927676
1.190840
1.352390
1.513977
1.756858
1.490812
1.940957
1.781256
1.407056
1.567896
1.202686
1.861294
1.590697
1.734443
1.430348
1.710777
1.733963
1.861434
1.177230
1.869340
1.737757
1.721894
1.658574
1.634030
1.682261
0.986442
0.952302
1.765302
1.148562
1.736555
1.959255
1.959769
1.640393
1.016348
1.803974
1.974947
1.286185
1.187475
1.568961
1.749532
1.700840
1.413710
1.181157
1.451598
1.494275
1.341156
1.980776
1.558302
0.983187
1.778389
1.872147
1.394437
1.412298
1.532178
1.564368
1.588150
1.860106
1.823653
1.109641
1.956054
1.741047
1.434096
1.867053
1.500847
1.474024
1.910797
1.874672
1.798316
1.747184
1.717453
1.923379
1.723769
1.339975
1.530863
1.805893
1.898951
1.811606
1.934419
1.806739
1.789263
1.402687
1.742417
1.932019
1.921744
1.961507
1.765275
1.547843
1.994190
1.616999
1.874802
1.745487
1.933782
1.316043
1.608992
1.937126
1.967126
1.652483
1.740671
1.223196
1.488742
1.996680
1.688389
1.343379
1.858741
1.685747
1.740329
1.217113
1.930097
1.757840
1.696067
1.515521
1.380963
1.407767
1.405483
1.405613
1.748915
1.737489
1.266229
1.273815
1.170715
0.988266
1.767909
1.989401
1.369869
1.517055
1.519718
1.084638
1.499613
1.755951
1.416667
1.967167
1.809023
1.438516
1.910725
1.450189
1.459555
1.918439
1.551341
1.559303
1.999387
1.569886
1.544946
1.101577
1.488404
1.148857
1.875942
1.978462
1.318520
1.874405
1.829244
1.608740
1.750443
1.722021
1.861296
1.424899
1.190189
1.853698
1.844119
1.892135
1.413501
1.628639
1.914513
1.963104
1.485732
1.512344
1.617026
1.953495
1.420788
1.824516
1.442100
1.783997
1.185106
1.981227
1.703080
1.714026
1.941925
1.659286
1.694686
1.868782
1.764024
1.200866
1.202011
1.788971
1.531088
1.737467
1.441030
1.352246
1.657485
1.546295
1.907923
1.452766
0.958566
1.664418
1.651191
1.422401
1.318210
1.874622
1.833384
1.380982
1.553864
1.735147
1.423060
1.774778
1.559365
1.541208
1.530719
1.909810
1.953260
1.459779
1.500923
1.191898
1.828759
1.812951
1.333687
1.461889
1.676260
1.397138
1.961726
1.282889
1.797797
1.145595
1.373842
1.286920
1.857002
1.625844
1.073574
1.748528
1.526884
1.254215
1.445675
1.759499
1.377403
1.071473
1.528149
1.371316
1.184523
1.558515
1.924964
1.444962
1.060461
1.178084
1.270104
1.898600
1.977095
1.041988
1.502335
1.569692
1.761025
1.489406
1.039927
1.693602
1.192841
1.451111
1.405375
1.664012
1.274838
1.460140
1.985876
1.171906
1.770764
1.590814
1.749607
1.180569
1.514316
1.254852
1.577133
1.679256
1.470864
1.383702
1.621857
1.533088
1.070950
1.844669
1.383323
1.780502
1.272482
1.345375
0.996964
1.633180
1.298507
1.963098
1.410942
1.449876
1.607040
1.167269
1.416770
1.854000
1.367006
1.767773
1.671613
1.466780
1.422844
1.693319
1.864264
1.660952
1.926746
1.409631
1.649327
1.559252
1.011195
1.548074
1.582549
1.999348
1.959149
1.884411
1.178863
1.801254
1.481997
1.976022
1.792031
1.842941
1.102735
1.912116
1.922302
1.592338
1.395530
1.853851
1.281370
1.628177
1.763775
1.482942
1.139444
1.169319
1.573894
1.440103
1.561989
0.828605
1.123723
1.987488
1.578368
1.679314
1.297179
1.189781
1.360695
1.650408
1.528612
1.838234
1.644016
1.157616
1.618643
1.256871
1.446701
1.379913
1.499228
1.849490
1.303114
1.313855
1.671863
1.284430
1.745109
1.822841
1.001911
1.943509
1.792613
1.494779
1.996070
1.780298
1.062673
0.908950
1.972696
1.743402
1.783228
1.472055
1.178390
1.764448
1.607940
1.199894
1.825870
1.055179
1.895045
1.181659
0.854110
1.940014
1.256275
1.616337
1.251811
1.879458
1.508980
1.965405
1.148767
1.535400
1.883739
1.127624
1.509437
1.723450
1.900693
1.971340
1.966794
1.336799
1.802225
1.489927
1.656403
0.913025
1.754803
1.536726
1.596654
1.911497
1.058703
1.381169
1.321699
1.371442
1.361907
1.972710
1.284059
1.120158
1.927343
1.999065
1.230479
1.347364
1.749771
1.483553
1.284065
1.845428
0.989015
1.532337
1.478320
1.231565
1.579604
1.758546
1.891363
1.335396
1.844934
1.929602
1.938615
1.803292
1.556555
1.119038
1.636245
1.836021
1.985383
1.726208
1.840151
1.985110
1.309767
1.942174
1.934537
1.507174
1.974712
1.965218
1.081490
0.823454
1.348097
1.702277
1.588274
1.870414
1.864351
1.267641
1.110112
1.866864
1.307632
1.691293
1.021348
1.866093
1.184587
1.747964
1.866895
1.849129
1.144823
1.837689
1.425220
1.279331
1.415121
1.060028
1.688620
1.394969
1.078625
1.790730
1.508037
1.964698
1.902290
1.046766
1.345376
1.735094
1.224340
1.980472
1.482358
1.020665
1.197638
1.301546
1.847296
1.680076
1.624876
1.315573
1.256664
0.957703
1.715415
1.614892
1.994848
1.816852
1.881996
1.620583
1.776387
1.170535
1.877674
1.737209
1.951749
1.528090
1.552560
1.870484
1.311892
1.495385
1.185840
1.788438
1.583466
1.586603
1.800550
1.338138
1.879453
1.310158
1.434662
1.281099
1.493555
1.475174
1.961944
1.878526
1.914269
1.876705
1.992484
1.529440
1.693511
1.434588
1.039772
1.674064
1.339680
1.090613
1.523142
1.378154
1.849178
1.395049
1.890903
1.575147
1.163729
1.699413
1.464237
1.991087
1.828721
1.572672
1.881492
1.277103
1.191724
1.784383
1.083715
1.481351
1.596204
1.221741
1.502546
1.455854
1.951075
1.576123
1.736410
1.256511
1.576080
1.180172
1.075823
1.726714
1.791927
1.785997
1.688896
1.620321
1.585449
1.839243
1.602129
1.674663
1.936341
1.641424
1.614403
1.370082
1.616412
1.433382
1.429239
1.830356
1.611614
1.257380
1.441643
1.994587
1.235491
1.125048
1.294619
1.914467
1.855888
1.796746
1.855281
1.866752
0.991514
1.569408
1.504110
1.070679
1.645556
1.969240
0.965519
0.993806
1.776730
1.688942
1.439463
1.378522
1.415462
1.212185
1.078223
1.541848
1.543855
1.076541
1.549126
1.983788
1.828894
1.307690
1.421544
1.970522
1.555010
1.524923
1.278815
1.162348
1.456820
1.942880
1.654550
1.655125
1.729605
1.478419
0.920782
1.871975
1.752892
1.842269
1.651496
1.128082
1.808186
1.564145
1.448775
0.860624
1.217568
1.584067
1.073198
1.628630
1.675793
1.089477
1.999603
1.031212
1.766888
1.573895
1.888599
0.886565
1.056425
1.437978
1.225052
1.574245
1.445715
0.999330
1.120802
1.506452
1.638342
1.287232
1.748527
0.860536
1.504517
1.056134
1.577252
1.347474
1.986322
1.944527
1.520171
1.169794
1.079263
1.546998
1.910780
1.106284
1.511507
1.802969
1.735642
1.310308
1.949285
1.506229
1.135513
1.580180
1.743151
1.576186
1.936768
1.992961
1.277264
1.774207
1.346637
1.326542
1.403531
1.986272
1.609375
1.934852
1.278107
0.959358
1.359208
1.639930
1.267063
1.616109
1.236207
1.034141
1.121032
1.970440
1.091163
0.804184
1.608679
0.910792
1.442748
1.057387
1.858512
1.923964
1.330816
0.845752
1.880860
0.980693
1.348287
1.678469
