1.951633
1.998251
1.685503
1.917338
1.878376
1.902214
1.841190
1.765908
1.557643
1.940183
1.838712
1.700339
1.959001
1.817359
1.970264
1.828811
1.583425
1.990998
1.971933
1.783428
1.708509
1.948820
1.881592
1.775550
1.947655
1.910931
1.886179
1.853361
1.840797
1.753753
1.996511
1.799232
1.883559
1.944936
1.482080
1.537035
1.798120
1.944301
1.881586
1.959923
1.651061
1.885735
1.685853
1.905892
1.841208
1.694437
1.922224
1.781835
1.872725
1.815213
1.823195
1.909632
1.865556
1.778011
1.966519
1.794664
1.945250
1.971191
1.571263
1.618252
1.404166
1.753456
1.987214
1.557909
1.465552
1.988444
1.915993
1.617395
1.496054
1.970976
1.890830
1.840643
1.828236
1.867729
1.750592
1.941313
1.823252
1.591585
1.685401
1.914423
1.726543
1.520730
1.674275
1.582965
1.955785
1.713915
1.510767
1.979297
1.710415
1.356609
1.716725
1.561035
1.446813
1.750985
1.810511
1.651537
1.456569
1.842460
1.699997
1.820976
1.667675
1.947820
1.570171
