1.913572
1.826038
1.896718
1.957260
1.990365
1.986221
1.798470
1.998599
1.903172
1.901976
1.927285
1.922752
1.936429
1.667265
1.986302
1.871004
1.906639
1.831208
1.839527
1.819580
1.987788
1.874607
1.999719
1.866893
1.995661
1.753688
1.834705
1.702260
1.893702
1.777647
1.825434
1.845991
1.805967
1.826654
1.984031
1.856722
1.757220
1.665564
1.782071
1.922428
1.879255
1.661091
1.657485
1.914688
1.771154
1.696101
1.894920
1.702661
1.477906
1.754461
1.787153
1.927469
1.764359
1.995712
1.855747
1.998164
1.725689
1.916497
1.980562
1.957529
1.801652
1.892239
1.653817
1.735078
1.600059
1.942218
1.995574
1.703471
1.871446
1.944096
1.985686
1.891544
1.944605
1.781003
1.969839
1.655271
1.640643
1.684600
1.723306
1.790111
1.760655
1.852594
1.932161
1.788810
1.831293
1.590523
1.886969
1.843712
1.839421
1.748585
1.558442
1.919515
1.451776
1.731819
1.690851
1.694547
1.681068
1.880916
1.756888
1.968150
1.795446
1.537938
1.947259
1.885217
1.944108
1.557791
1.954850
1.510841
1.651174
1.880833
1.642485
1.993253
1.837905
1.954075
1.701995
1.809822
1.539471
1.995493
1.942034
1.780030
1.880327
1.780051
1.611227
1.696996
1.962486
1.988123
1.787705
1.990234
1.524186
1.965696
1.824700
1.615805
1.764614
1.983779
1.824542
1.798915
1.917670
1.847101
1.752882
1.899423
1.965913
1.766551
1.944009
1.451197
1.809975
1.804568
1.949361
1.830368
1.596816
1.743609
1.781652
1.865596
1.639902
1.687566
1.680264
1.553434
1.372642
1.981277
1.354432
1.581982
1.619557
1.970365
1.774647
1.279103
1.994178
1.720472
1.970242
1.673097
1.263300
1.928064
1.476241
1.554744
1.288013
1.416697
1.330408
1.613261
1.965925
1.183483
1.799533
