1.946668
1.977634
1.381358
1.589272
1.644322
1.717954
1.597245
1.385788
1.352043
1.764234
1.989652
1.781824
1.967697
1.626976
1.846199
1.913575
1.717300
1.754311
1.917406
1.744059
1.187822
1.695241
1.697776
1.601290
1.947355
1.992414
1.968382
1.347603
1.968943
1.940269
1.138040
1.657668
1.892653
1.398954
1.669215
1.770777
1.929354
1.855255
1.650199
1.979078
1.720287
1.919488
1.844152
1.309275
1.621475
1.476924
1.439668
1.371640
1.650239
1.769643
1.937577
1.893773
1.776963
1.832026
1.798940
1.839115
1.467939
1.750359
1.883273
1.530730
1.396735
1.292325
1.556734
1.863233
1.939404
1.863084
1.713556
1.574564
1.538330
1.258053
1.616770
1.856572
1.422186
1.942078
1.309818
1.702502
1.778919
1.860864
1.428339
1.817445
1.662455
1.799439
1.736839
1.804426
1.780367
1.379930
1.489831
1.611780
1.891599
1.832780
1.906718
1.441112
1.634939
1.650185
1.920116
1.698875
1.564399
1.482597
1.798237
1.778214
1.986178
1.742711
1.846742
1.991109
1.752765
1.913514
1.397333
1.815633
1.928244
1.707633
1.903100
1.880726
1.512381
1.706938
1.731798
1.567392
1.849501
1.586769
1.456321
1.013461
1.922722
1.971703
1.112198
1.444615
1.615176
1.964998
1.881409
1.901862
1.677603
1.765154
1.622305
1.098005
1.495677
1.952860
1.431003
1.732061
1.702172
1.800869
1.542837
1.943914
1.529870
1.633189
1.778685
1.944900
1.861895
1.471974
1.596737
1.821875
1.263958
1.531973
1.317821
1.957079
1.867646
1.242857
1.459489
1.657207
1.646120
1.698048
1.781655
1.668596
1.098527
1.258384
1.652807
1.437480
1.763009
1.987897
1.481959
1.057356
1.553160
1.343895
1.906817
1.142676
1.875082
1.832663
1.905157
1.387273
1.748621
1.859624
1.828156
1.528246
1.383658
1.873767
1.743331
1.587922
1.221210
1.973648
1.364383
1.723908
1.620636
1.107972
1.937924
1.395785
1.663725
1.551283
1.695290
1.432811
1.700478
1.434456
1.899965
1.312202
1.848184
1.839905
1.637855
1.937485
1.996548
1.678017
1.371499
1.331670
1.366735
1.562821
1.949706
1.435653
1.788919
1.826750
1.135802
1.272245
1.806327
1.928596
1.465692
1.651091
1.430998
1.450307
1.715023
1.877487
1.883425
1.691546
1.913172
1.638870
1.429662
1.548234
1.488689
1.265155
1.557039
1.992905
1.652893
1.472100
1.164814
1.549124
1.664296
1.713444
1.441038
1.819654
1.232277
1.987517
1.242101
1.237907
1.329912
1.524107
1.537706
1.658822
1.418849
1.361962
1.602645
1.307333
1.809567
1.835006
1.520817
1.107348
1.899133
1.765667
1.913237
1.907953
1.704434
1.865102
1.065582
1.670050
1.778132
1.622963
1.822739
1.750713
1.948047
1.757773
1.251974
1.779944
1.206342
1.480860
1.752809
1.655432
1.253262
1.125806
1.886920
1.596716
1.546456
1.858710
1.438044
1.536814
1.640852
1.579391
1.214376
1.923031
1.562308
1.203756
1.807606
1.707658
1.227440
1.681387
1.074915
1.223156
1.998935
1.710729
1.627745
1.923758
1.996704
1.788574
1.511664
1.264192
1.237304
1.796772
1.689274
1.987389
1.922725
1.670912
1.347134
1.906080
1.753447
1.486701
1.443462
1.733236
1.396514
1.277502
1.918660
1.760382
1.419480
1.616959
1.767607
1.839389
1.740078
1.466277
1.325483
1.369750
1.579231
1.582331
1.212040
1.536076
1.480731
1.530424
1.905924
1.801418
1.437961
1.381261
1.966333
1.846582
1.901479
1.659526
1.846443
1.224541
1.269605
1.801712
1.813787
1.527803
1.885603
1.952542
1.613637
1.403465
1.372786
1.358704
1.641772
1.813013
1.012598
1.053005
1.844779
1.619165
1.984919
1.927262
1.904757
1.709873
1.552346
1.106253
1.814053
1.542352
1.440501
1.076650
1.392839
1.860510
1.368355
1.845963
1.881470
1.711240
1.896510
1.506543
1.549117
1.656231
1.736574
1.976419
1.617662
1.909998
1.963622
1.782731
1.857049
1.672044
1.444174
0.895850
1.808404
1.864363
1.528041
1.744539
1.661205
1.537925
1.260780
1.986655
1.894745
1.394955
0.989429
1.945498
1.404618
1.023995
1.898889
1.564036
1.416095
1.265444
1.042300
1.325898
1.837776
1.397963
1.872389
1.443739
1.629607
1.459636
1.578309
1.261974
1.660269
1.116398
1.750345
1.449173
1.447218
1.357384
1.396175
1.655189
1.767022
1.779252
1.097762
1.537518
1.088077
1.810600
1.728346
1.303980
1.448684
1.747175
1.037391
1.605348
1.918399
1.582487
1.379488
1.327481
1.948262
1.411573
1.654295
1.189022
1.721621
1.393826
1.694386
1.888838
1.595988
1.493525
1.396246
1.567026
1.193438
1.428828
1.302112
1.914520
1.349251
1.212367
1.163394
1.214328
1.950285
1.856698
1.539569
1.481488
1.394869
1.922264
1.188659
1.601103
1.351170
1.784769
1.555473
1.278838
1.355068
1.838402
1.860857
1.946750
1.868353
1.734222
1.470095
0.917699
1.090774
1.925228
1.770742
0.969895
1.483040
1.649544
1.140864
1.860902
1.832266
0.969267
1.408536
1.611801
1.518668
1.623725
1.859673
1.802369
1.869034
1.089118
1.208578
1.308942
1.335675
1.954407
1.952235
1.496675
1.023920
1.153850
1.625316
1.829463
1.662325
1.621309
1.302193
1.874967
1.129397
0.854297
1.110560
1.558434
1.343084
1.147524
1.951425
1.878670
1.857888
1.306093
0.944178
1.689003
1.236845
1.035718
1.566795
1.474985
1.914729
1.077318
1.346879
0.964549
1.759775
1.829857
1.509035
1.132617
1.994612
1.311049
1.457623
1.772101
1.568965
0.942702
1.391651
1.288456
1.648284
1.924693
1.932395
1.394409
1.845349
1.702425
1.840367
1.428791
1.330241
1.288445
1.680362
1.599307
1.877181
1.637465
1.284475
1.674280
1.538753
1.099436
1.917027
1.875983
1.714801
1.718971
1.149142
1.747711
1.147987
1.582844
1.590909
1.483100
1.006438
1.984185
1.376242
1.425395
1.952782
1.504662
1.547128
1.875097
1.848102
1.870687
1.317801
1.717577
1.696587
1.387215
1.549928
1.634838
1.158335
1.913573
1.305598
0.984994
1.971329
1.623281
1.097900
1.256318
1.606822
1.014455
1.294183
1.750496
1.035139
1.735939
1.655975
1.454900
1.405661
1.979257
1.710752
1.611129
1.447704
1.910600
1.342078
1.795937
0.916134
1.128237
1.032009
1.889415
1.540000
1.073370
1.499375
1.940152
1.352250
1.038358
1.933734
1.989980
1.632048
1.615837
1.131286
1.108794
0.952177
1.503988
1.091726
1.544056
1.244292
1.563661
1.935447
1.488131
0.836639
1.435198
1.716754
1.076953
1.996748
1.791447
1.487221
1.889302
1.784890
1.263312
1.207899
0.983160
1.653610
1.263287
1.984784
1.839283
1.963884
1.461622
1.329663
0.857513
1.191378
1.350029
0.933459
1.299875
1.253430
1.170137
1.769790
1.368547
1.471044
1.892404
1.425054
1.025612
1.486538
1.167761
1.797004
1.488100
1.507799
1.180371
1.007534
1.852121
1.172871
1.861520
1.621950
1.804087
1.897036
1.964526
1.866064
1.632443
1.961616
1.827845
1.235011
1.623669
1.868673
1.377582
1.859114
1.462242
1.418303
1.759723
1.853625
