1.953027
1.795546
1.960486
1.972602
1.997064
1.859078
1.972809
1.821007
1.979996
1.931568
1.695966
1.881254
1.966689
1.862525
1.688162
1.962893
1.725215
1.945359
1.821097
1.920274
1.943498
1.974088
1.852309
1.865964
1.867352
1.956541
1.998937
1.769090
1.993046
1.643365
1.634222
1.808851
1.978665
1.715116
1.820961
1.937343
1.838600
1.920277
1.828801
1.690053
1.706694
1.972577
1.621519
1.842474
1.580688
1.510310
1.877900
1.701955
1.718755
1.666694
1.977367
1.718981
1.863878
1.887557
1.929485
1.535196
1.964437
1.554624
1.987229
1.623915
1.777375
1.777915
1.865619
1.560860
1.763515
1.875730
1.927227
1.957950
1.875945
1.981021
1.551943
1.869890
1.981632
1.779318
1.959487
1.798015
1.685905
1.626390
1.788233
1.678496
1.683197
1.938627
1.789909
1.822661
1.699842
1.937599
1.624975
1.624535
1.767392
1.998205
1.849859
1.531659
1.835114
1.693854
1.736475
1.546195
1.775920
1.800720
1.785379
1.560268
1.946360
1.882662
1.651295
1.682984
1.708475
1.631821
1.790814
1.890622
1.937832
1.966246
1.537950
1.904740
1.452454
1.668771
1.282585
1.931662
1.674859
1.652957
1.821160
1.725360
1.854802
1.616838
1.538179
1.848760
1.239038
1.955081
1.896794
1.340722
1.712506
1.716202
1.761024
1.388938
1.743923
1.982470
