1.920494
1.945069
1.747653
1.356864
1.215786
1.616577
1.940835
1.869697
1.789302
1.483596
1.649148
1.923643
1.770635
1.907083
1.561127
1.265494
1.584104
1.688808
1.763249
1.190251
1.460084
1.863111
1.566123
1.582732
1.397483
1.876818
1.372919
1.367648
1.489219
1.910175
1.465750
1.804665
1.775083
1.365997
1.608684
1.636900
1.904796
1.346975
1.441312
1.629407
1.879137
1.893152
1.654267
1.906654
1.932904
1.927963
1.800493
1.681922
1.885864
1.257342
1.995683
1.677577
1.383608
1.997670
1.896185
1.116873
1.397656
1.414217
1.609173
1.768905
1.600909
1.870095
1.474668
1.758775
1.544354
1.922720
1.865827
1.643611
1.643381
1.878570
1.302493
1.081454
1.655365
1.958521
1.755971
1.827221
1.835186
1.922054
1.623589
1.836135
1.350591
1.234833
1.917869
1.992045
1.684981
1.540386
1.978135
1.311669
1.442532
1.984261
1.014827
1.739535
1.196601
1.095025
1.906652
1.481703
1.624706
1.742323
1.918372
1.443784
1.398248
1.997655
1.261901
1.990377
1.802924
1.248354
1.982577
1.235468
1.798898
1.500542
1.332234
1.230447
1.867604
1.228238
1.578278
1.805982
1.489482
1.564470
1.636746
1.647223
1.900004
1.454689
1.021813
1.313634
1.626664
1.296323
1.449763
1.740098
1.265510
1.509796
1.808873
1.412403
1.624908
1.107944
1.959449
1.407684
1.634029
1.960189
1.402490
1.632740
1.654676
1.376145
1.536872
1.804918
1.617215
1.715259
1.520704
1.799455
1.853286
1.479749
1.395015
1.627903
1.853912
1.881727
1.261085
1.219531
1.944660
1.336496
1.931156
1.645448
1.415010
1.690114
1.916042
1.690229
1.657765
1.587080
1.564145
1.375439
1.087387
1.458524
1.243995
1.557396
1.767827
1.550935
1.789338
1.037632
1.276986
1.054811
1.436664
0.983837
1.592084
1.333446
1.975458
1.856588
1.944453
1.831426
1.277471
1.523476
1.442302
1.505951
1.288843
1.452139
1.417128
1.658042
1.294552
1.921297
1.460777
1.985963
1.123063
1.447801
1.826557
1.476408
1.114885
1.970948
1.757781
1.590273
1.691315
1.749677
1.183769
1.178130
0.936236
1.539089
1.488592
1.123798
1.092161
1.810952
1.653343
1.431343
1.438711
1.456704
0.855737
0.793804
1.502399
1.116751
1.270228
1.661510
0.815169
1.311234
1.393873
1.638448
1.090155
1.235659
1.653487
1.004935
1.416718
1.926309
1.937240
1.022880
1.636990
0.961940
