1.796233
1.846717
1.939159
1.815502
1.557379
1.986954
1.798850
1.741330
1.769887
1.950987
1.264111
1.877467
1.838065
1.906826
1.437348
1.926804
1.548464
1.755578
1.767645
1.654490
1.728655
1.632822
1.990050
1.805807
1.568300
1.568471
1.672887
1.878772
1.603662
1.827470
1.722747
1.409181
1.925006
1.920171
1.899858
1.634906
1.889537
1.551970
1.570990
1.962000
1.707525
1.474373
1.721620
1.892485
1.702251
1.853634
1.764379
1.761572
1.781500
1.624731
1.523664
1.364724
1.073729
1.890501
1.532684
1.864155
1.522399
1.784349
1.764900
1.258293
1.553397
1.616958
1.679235
1.542681
1.530267
1.750631
1.949389
1.943312
1.859365
1.481935
1.808357
1.998213
1.970190
1.780975
1.902016
1.845687
1.899369
1.674838
1.953115
1.813830
1.715860
1.925621
1.843812
1.599968
1.870631
1.532383
1.411855
1.693145
1.777158
1.783724
1.750965
1.471488
1.938018
1.488590
1.618730
1.654576
1.668447
1.999246
1.606735
1.528522
1.951820
1.402207
1.699708
1.916621
1.762759
1.125565
1.861091
1.256274
1.783423
1.856956
1.520380
1.443772
1.886521
1.163775
1.867715
1.422656
1.509271
1.424050
1.801719
1.787551
1.713599
1.410784
1.292577
1.985495
1.995516
1.474978
1.875349
1.295463
1.977618
1.674465
1.972142
1.632061
1.705620
1.665072
1.425034
1.728619
1.820383
1.466126
1.660465
1.628666
1.812714
1.582137
1.586197
1.712074
1.713124
1.435277
1.872407
1.290640
1.814136
1.248383
1.710030
1.568942
1.514744
1.520983
1.918728
1.812269
1.795127
1.527548
1.805116
1.456269
1.774527
1.480789
1.661342
1.842788
1.764353
1.710120
1.690508
1.989171
1.231147
1.421805
1.935380
1.976560
1.471483
1.788913
1.360367
1.256635
1.908261
1.969858
1.046769
1.459862
1.806408
1.612592
1.583285
1.974323
1.729837
1.652740
1.279536
1.975668
1.574963
1.735182
1.496891
1.445749
1.880427
1.964756
1.695303
1.890598
1.250653
1.362199
1.685891
1.982712
1.530117
1.940818
1.416053
1.174823
1.742858
1.480609
1.449810
1.465907
1.275757
1.830616
1.165001
1.521441
1.908077
1.264846
1.907197
1.605808
1.415076
1.764578
1.946936
1.811110
1.639254
1.496929
1.345663
1.212742
1.244342
1.438897
1.374663
1.097724
1.901881
1.971351
1.635812
1.817008
1.562672
1.765794
1.483883
1.414137
1.436694
1.872289
1.479526
1.821308
1.727406
1.646154
1.290244
1.473430
1.569567
1.220443
1.961707
1.662822
1.620369
1.081914
1.888290
1.249734
1.918800
1.204440
1.558915
1.944599
1.602827
1.749680
1.954250
1.752318
1.158441
1.738105
1.448596
1.916549
1.611871
1.877289
1.681092
1.732538
1.782433
1.507410
1.306593
1.258605
1.177850
1.270212
1.413127
1.776570
1.211710
1.793269
1.219935
1.905821
1.595073
1.799696
1.661254
1.467284
1.938954
1.939937
1.725981
1.482975
1.277238
1.366225
1.966384
1.810289
1.299944
1.428655
1.568994
1.293940
1.896780
1.983923
1.577999
1.866916
1.170468
1.578587
1.338210
1.261519
1.692803
1.578185
1.610679
1.746002
1.744753
1.114690
1.937023
1.970857
1.622606
1.833486
1.592288
1.933987
1.059699
1.990996
1.696653
1.459015
1.617808
1.439219
1.095066
1.611744
1.599155
1.902404
1.768531
1.554971
1.943236
1.494247
0.998264
1.260169
1.925712
1.828152
1.857231
1.677633
1.540318
1.471960
1.969606
1.862239
1.573196
1.615499
1.796843
1.646413
1.400742
1.203310
1.603821
1.270378
1.241730
1.587785
1.463421
1.664271
1.654991
1.707018
1.646819
1.930631
1.518099
1.565232
1.705383
1.403623
1.739348
1.866583
1.796955
1.759225
1.334818
1.076089
1.899963
1.860382
1.946838
1.795585
1.423063
1.118214
1.397959
1.803747
1.699315
1.619427
1.244660
1.454563
1.293475
1.453465
1.173605
1.871797
1.381591
1.760876
1.843071
1.335063
1.763199
1.616038
1.265388
1.730424
1.430206
1.898376
1.427440
1.212064
1.489921
1.253816
1.783071
1.739447
1.447814
1.923623
1.904059
1.581618
1.849809
1.577201
1.277471
1.424909
1.407709
1.813099
1.211937
1.800853
1.317713
1.930760
1.614443
1.912898
1.427695
1.079466
1.619291
1.958559
1.998057
0.997615
1.789762
1.633604
1.793072
1.347940
1.892686
1.416131
1.674875
1.798010
1.637115
1.907375
1.702098
1.588783
1.414138
1.404028
1.512241
1.607837
1.910496
0.992143
1.412596
1.265281
1.684757
1.641899
1.399514
1.460224
1.641724
1.757447
1.329290
1.935847
1.704053
1.702803
1.166890
1.554029
1.689037
1.282718
1.813143
1.984499
1.495752
1.204798
1.554573
0.828960
1.564248
1.896589
1.288515
1.818338
1.597885
1.287870
1.661906
1.654280
1.538707
1.799327
1.790239
1.715731
1.941056
1.384218
1.751794
1.387689
1.501944
1.373477
1.829413
0.981228
1.985199
1.529311
1.916465
1.852383
1.903687
1.466687
1.397747
1.670051
1.370047
1.938290
1.525324
1.221504
1.724198
1.322758
1.854218
1.957911
1.869692
1.838444
1.679613
0.958170
1.645708
1.319292
1.424535
1.177200
1.166128
1.902683
1.421988
1.211854
1.073096
1.745653
1.161829
1.091585
1.652792
1.437171
1.458001
1.789340
1.060389
1.934412
1.714809
1.498048
1.919822
1.951548
1.944776
1.983111
1.241609
1.615897
1.126143
1.366191
1.969008
1.687519
1.862935
1.670235
1.294719
1.761406
1.241479
1.226979
1.350760
1.498428
1.753289
1.887541
1.996797
1.319756
1.629287
1.623248
1.695771
1.830651
1.624873
1.372438
1.421485
1.779468
1.192536
1.101543
1.909584
1.643780
1.710690
1.774508
1.090213
1.960319
1.017028
1.666996
1.702796
1.378989
1.156597
1.113831
1.942611
1.633460
1.969777
1.698739
1.769972
1.848456
1.616654
1.936213
1.088928
1.475592
1.820043
1.299774
1.576912
1.118541
1.699114
1.626872
1.952180
1.740385
1.421460
1.351099
1.568531
1.457159
1.473127
1.349309
1.664217
1.031597
1.769051
0.938136
1.377559
1.781536
1.490990
1.748606
1.570917
1.842768
1.370151
1.217764
1.533471
1.509728
1.189314
1.836597
1.842727
1.199542
1.562412
1.857474
1.495200
1.673384
1.360856
1.840817
1.894597
1.950586
1.530451
1.450895
1.349808
1.300706
1.188004
1.845330
1.130658
1.526642
1.698412
1.898492
1.712369
1.009102
1.275787
1.920492
1.914983
1.507173
1.438792
1.324343
1.143112
1.908471
1.626475
0.782230
1.385325
1.853366
1.426321
1.397165
1.085346
1.791478
1.548729
1.848441
1.994777
1.980501
1.623797
1.663855
0.993963
1.145506
0.902221
1.861917
1.513684
1.147567
1.712274
1.336472
1.973330
1.211738
1.251037
1.490273
1.035517
1.404972
1.466180
1.875397
1.054130
1.370407
1.391597
1.676071
1.761080
1.797565
1.992667
1.063838
1.451676
1.831999
1.936241
1.883955
1.669987
1.880950
1.841839
1.628700
1.215063
1.549251
1.801349
1.559178
1.115341
1.581401
1.711027
1.920305
1.763737
1.324828
1.164610
1.952470
1.456209
1.545305
1.298081
1.833018
1.799485
1.233804
1.998077
1.291584
1.024858
1.903781
1.990975
1.275734
1.409975
1.954782
1.935704
1.456568
1.385217
1.027257
1.552561
1.095295
0.935436
1.564570
1.240440
1.161986
1.503369
1.589579
1.647733
1.597698
1.203717
1.640785
0.933802
1.724276
1.249975
1.757547
1.786525
1.642707
1.444037
1.600475
1.910433
0.931486
1.154426
1.149441
1.838072
1.030591
1.255568
1.058788
1.696926
1.625052
1.112738
1.085069
1.688201
0.853137
1.720625
1.586139
1.524817
1.524831
1.834020
0.895032
1.845504
1.347963
1.960749
1.158646
1.941295
0.883411
1.658688
1.741799
1.032074
1.446218
1.731353
1.782804
1.973594
1.406307
1.569066
1.052621
0.988847
1.307502
1.075352
1.176529
1.245396
1.313113
1.815641
1.122084
1.132601
0.873442
1.318980
1.701134
1.516841
