1.998943
1.982013
1.794172
1.997226
1.973218
1.949605
1.780619
1.939747
1.999650
1.931528
1.826095
1.680237
1.784695
1.711118
1.873701
1.838471
1.828563
1.919890
1.893353
1.828807
1.927911
1.983614
1.746633
1.858793
1.741502
1.897206
1.974798
1.788715
1.864920
1.914389
1.878103
1.818261
1.729604
1.853000
1.995333
1.982977
1.863034
1.930758
1.789796
1.744364
1.791504
1.871380
1.905214
1.641323
1.691772
1.988099
1.954451
1.778385
1.754173
1.836829
1.993879
1.888161
1.826066
1.766440
1.770936
1.634040
1.876020
1.979018
1.722754
1.870157
1.729642
1.756709
1.835248
1.422794
1.862721
1.796418
1.936443
1.842605
1.834619
1.742135
1.702630
1.742899
1.731259
1.781170
1.874802
1.816198
1.650776
1.697514
1.500583
1.959360
1.667808
1.961847
1.771636
1.915826
1.839196
1.622177
1.558208
1.479500
1.661683
1.500873
1.706731
1.701118
1.973716
1.618899
1.687832
1.548758
1.730916
1.903196
1.911167
1.837402
1.619828
1.864771
1.695181
1.668526
1.808950
1.736983
1.985627
1.468383
1.558591
1.726230
1.940522
1.454695
1.957976
1.593062
1.544722
1.850104
1.634095
1.944923
1.727241
1.983476
1.423132
1.447037
1.673636
1.422179
1.911294
1.517776
1.655818
1.662082
1.904942
1.293450
1.856665
1.824946
1.867218
1.664994
1.961127
1.654323
