1.082616
1.104936
1.811552
1.900439
1.400376
1.180571
1.883610
1.787878
1.435533
1.785896
1.990185
1.898001
1.119401
1.455710
1.695579
1.192580
1.615255
1.885479
1.672184
1.748531
1.911978
1.887566
1.688215
1.969746
1.806150
1.943411
1.193491
1.062735
1.992684
1.241763
0.996710
1.622736
1.406309
1.892342
1.343584
1.581167
1.565419
1.523125
1.484768
1.611737
1.988633
1.638496
1.711820
1.948926
1.908344
1.371571
1.107655
1.848848
1.864969
1.537292
1.921832
1.800041
1.936735
1.352717
1.070074
1.889427
1.380028
1.596539
1.941081
1.781210
1.617565
1.975772
1.861626
1.446138
1.609322
1.927458
1.775370
1.367712
1.512822
1.899304
1.918663
1.781193
0.985772
1.364628
1.642219
1.658954
1.632784
1.639748
1.592930
1.783131
1.673182
1.946817
1.516970
1.628243
1.632011
1.641306
1.496539
1.745624
1.777377
1.873462
1.238503
1.956640
1.669630
1.323928
1.778221
1.959362
1.021913
1.152563
1.729266
1.788482
1.687629
1.415006
1.482909
1.668980
1.625290
1.853305
1.635471
1.985715
1.558185
1.878025
1.812438
1.216806
1.580415
1.869943
1.998869
1.887862
1.896963
1.787965
1.458405
1.985935
1.795914
1.429694
1.429460
1.255511
1.923827
1.578347
1.655935
1.907995
1.797443
1.840458
1.449712
1.869246
1.568317
1.343402
1.709555
1.571663
1.643614
1.981361
1.559120
1.114644
1.678778
1.424506
1.529147
1.809028
1.742335
1.961559
1.651387
1.820051
1.847041
1.918886
1.827012
1.192838
1.523155
1.882775
1.450946
1.441723
1.605201
1.888876
1.916935
1.370545
1.850652
1.356420
1.276897
1.909047
1.745842
1.713658
1.333606
1.625166
1.994234
1.434185
1.406986
1.670373
1.471721
1.592902
1.673370
1.946906
1.194585
1.905666
1.813869
1.981455
1.425291
1.519568
1.365823
1.466544
1.186858
1.655804
1.831905
1.284889
1.517013
1.583745
1.757280
1.315240
1.165433
1.864926
1.665186
1.587650
1.388949
1.922112
1.266332
1.659810
1.543296
1.486762
1.959175
1.732551
1.906343
0.978321
1.475060
1.851594
1.578115
1.640659
1.143468
1.364327
1.789818
1.512827
1.459514
1.837503
1.384782
1.872364
1.031784
1.724623
1.543701
1.761244
1.327206
1.775980
1.490447
1.383106
1.221723
1.911848
1.835151
1.805856
1.977010
1.196214
1.911608
1.657071
1.516053
1.337574
1.528015
1.873354
1.252062
1.787461
1.933353
1.802838
1.682364
1.576205
1.522023
1.854062
1.757604
0.951307
1.181522
1.222801
1.572485
1.302950
1.879952
1.284506
1.004696
1.433045
1.307708
1.304907
1.861193
1.458573
1.435297
1.652684
1.587650
1.244054
1.904240
1.543476
1.034272
1.918396
1.357225
1.764519
1.963445
1.468861
1.306327
1.489196
1.726910
1.121809
1.598961
1.150439
1.535031
1.274427
1.833619
1.830207
1.341779
1.128981
1.242000
1.575444
1.679065
1.304593
1.646297
1.836651
1.551849
1.863355
1.885371
1.723539
1.111073
1.989980
1.851716
1.994568
1.835842
1.872362
1.629294
1.698569
1.371823
1.553532
1.160448
1.267925
1.712716
1.290088
1.222796
1.994537
1.214324
1.551036
1.625288
1.554860
1.160928
1.916046
1.907159
1.653374
1.966918
1.503341
1.972223
1.686054
1.193764
1.579328
1.952180
1.831793
1.753921
1.602744
1.423194
1.607004
1.234562
1.214361
1.919960
1.947214
1.293788
1.739223
1.906124
1.667379
1.352207
1.476104
1.458778
1.168395
1.665895
1.555146
1.793376
1.651976
1.717586
1.610541
1.386194
1.500890
1.694562
1.726858
1.214737
1.530252
1.955742
1.639001
1.943100
1.970305
1.559381
1.192387
1.621342
1.888725
1.544034
1.533360
1.720322
1.644632
1.709087
1.967603
1.913435
1.270071
1.148947
1.771097
1.912242
1.518663
1.672584
1.540607
1.690045
1.643783
1.144267
1.395403
1.923284
1.913451
1.402497
1.566556
0.945905
1.251539
0.911833
1.432453
1.435310
1.558234
1.971681
1.800638
0.942012
0.973804
1.298736
1.903322
1.726723
1.880666
1.366848
1.135090
1.786853
1.686924
1.673330
1.630929
1.499278
0.930788
1.750466
1.651645
1.433170
1.015424
1.489207
1.600858
1.578392
1.507001
1.892788
1.804939
1.416463
1.055512
1.784647
1.455013
1.318986
1.798013
1.986672
1.859589
1.969089
1.844501
1.938286
1.058010
1.033810
1.349031
1.066358
1.170514
1.899264
1.240088
1.315470
1.785683
1.894579
1.556662
1.530933
1.814392
1.853488
1.479029
1.457426
1.561921
1.268608
1.351213
1.755851
1.291575
0.978720
1.731475
1.923811
1.647332
1.738176
1.971209
1.325467
1.473683
1.902831
1.154027
1.652852
1.297043
1.576532
1.763472
0.888579
1.746097
1.293055
1.626995
1.890751
1.280653
1.643502
1.957838
1.934242
1.976126
1.238493
1.938386
1.582324
1.582945
1.073062
1.863329
1.708829
1.156407
1.474881
1.791343
1.118891
1.888457
1.143945
1.495167
1.552031
1.154134
1.244439
1.872404
1.975340
1.948276
1.238912
1.975949
0.921289
1.695465
1.836717
1.533029
1.389418
1.102358
1.543855
1.994085
1.523659
1.496873
0.986410
1.692593
1.219619
1.386376
1.047715
1.439589
1.753455
1.058295
1.801772
1.816949
1.947195
0.995817
1.927094
1.750484
1.690712
1.886118
1.828699
1.745913
1.970878
1.039003
1.629706
1.956917
1.778676
1.712891
1.698868
1.651944
1.568701
1.858281
1.590468
0.969051
1.943996
1.609414
1.523488
1.904030
1.488944
1.832784
1.967380
1.615083
1.652500
1.788685
1.052120
1.744386
1.951768
1.523253
1.448955
1.086686
1.969173
1.585989
1.764450
1.297888
1.728942
1.131786
1.856654
1.117876
1.858709
1.385721
1.630403
1.985247
1.639606
0.970954
0.958615
1.144497
0.915155
0.999300
1.964841
1.632612
1.849333
1.301540
1.904578
1.507020
1.961721
1.834640
1.666763
1.552619
1.802144
1.478418
1.660790
1.903018
1.382090
1.729568
1.514242
1.519648
1.977403
1.402834
1.557573
1.184361
1.410735
0.905282
1.228175
1.922114
1.952204
1.749258
1.922794
1.728673
1.801236
1.223860
1.784654
1.696443
1.931862
1.333902
1.380617
1.544756
1.680327
1.701814
1.032522
1.048111
1.601681
1.848342
1.170897
1.787689
1.125686
1.843946
1.460607
1.621804
1.973822
1.885015
1.790366
1.659297
1.626886
1.467563
1.758323
1.452964
1.330287
1.684576
1.339346
1.367053
0.851273
1.650573
1.572223
1.492952
1.199262
1.106240
1.549988
1.915173
1.225279
1.450446
1.611540
1.622779
1.315230
1.132811
1.661039
1.300268
1.978436
1.559248
1.554347
1.150559
1.727909
1.906885
1.337821
0.926105
1.810729
1.177784
1.337310
1.883129
1.833656
0.797247
0.896601
1.644611
1.558741
1.700668
1.212798
1.442523
1.677027
1.128836
1.787427
1.920998
1.073909
1.617258
1.845821
1.702122
1.450439
1.063406
1.775934
1.609938
1.188556
1.509264
1.764300
1.916529
1.486941
1.883165
0.968713
0.959466
1.437239
1.537326
1.390345
1.644348
1.512126
1.978598
1.700505
1.006888
1.119482
1.660074
1.807126
1.037936
1.864092
1.561416
1.222899
1.888752
1.992163
1.530077
1.413336
1.559890
1.689705
1.509836
1.996766
1.908439
1.200118
1.850670
1.378170
1.398652
0.927168
1.508271
1.378772
1.852415
1.288496
1.476202
1.576003
1.588673
1.573279
1.978909
1.052860
1.580130
1.440942
1.285785
1.290474
1.575079
0.968341
1.530501
1.786145
1.187887
1.015006
1.995558
1.039862
1.416613
1.585794
1.123568
1.759437
1.088946
1.603237
1.439095
1.736565
0.958591
1.726627
1.464812
0.971346
1.038670
1.988777
1.638785
1.896037
1.482637
1.982393
1.986384
0.928381
1.820048
1.612581
1.966263
1.120924
1.299238
1.525532
1.396621
1.298338
1.436264
1.542665
1.968754
1.741380
0.905628
1.258548
1.498584
1.573539
0.935345
1.154185
1.519341
1.190752
1.577972
1.217435
1.349054
0.847420
1.603905
1.078321
1.973004
1.461310
0.934819
1.536442
1.935390
1.825421
1.703526
1.373838
1.819395
1.560615
1.887904
0.938097
1.028580
1.897392
1.631834
1.977130
0.991018
1.788300
1.786037
