1.769824
1.843381
1.511817
1.848527
1.842075
1.590827
1.869793
1.573381
1.510567
1.897382
1.330744
1.916872
1.860779
1.639909
1.947282
1.574531
1.776297
1.900123
1.992693
1.580821
1.988757
1.763581
1.411283
1.309493
1.871865
1.211926
1.841955
1.893562
1.941651
1.965918
1.817991
1.427139
1.977419
1.781540
1.260646
1.910665
1.759026
1.686699
1.565320
1.915907
1.576761
1.939549
1.702770
1.359795
1.937522
1.995571
1.682059
1.772225
1.833301
1.372853
1.969293
1.333884
1.935672
1.711356
1.361570
1.403172
1.772531
1.647794
1.811242
1.568822
1.941258
1.353332
1.873455
1.879769
0.942246
1.945975
1.393960
1.363619
1.798294
1.928232
1.898873
1.557604
1.181642
1.409329
1.500908
1.391215
1.547322
1.681083
1.549352
1.739924
1.207622
1.616702
1.754971
1.800992
1.361612
1.180582
1.796156
1.566259
1.645720
1.550698
1.708284
1.318327
1.333342
1.916871
1.986701
1.445453
1.766204
1.678568
1.931467
1.165906
1.673077
1.842302
1.326300
1.948704
1.613948
1.734825
1.861968
1.774922
1.614197
1.342284
1.916998
1.000565
1.861682
1.785894
1.903969
1.171591
1.342765
1.520058
1.958552
1.523967
1.602040
1.150603
1.992262
1.713331
1.862751
1.695817
1.480554
1.889266
1.981159
1.414677
1.856107
1.746601
1.642695
1.757527
1.746449
1.848662
1.801754
1.026600
1.226509
1.646289
1.590732
1.673889
1.833678
1.594257
1.086848
1.847754
1.682365
1.679371
1.679501
0.940254
1.576979
1.697093
1.536503
1.894284
1.340333
1.739928
1.684663
1.657436
1.706257
1.919281
1.590639
1.968411
1.847910
1.385616
1.949793
1.823500
1.863026
1.544470
1.310087
1.967977
1.251834
1.532354
1.542224
1.471188
1.662941
1.995549
1.296547
1.684725
1.172585
1.908865
1.437307
1.525982
1.330419
1.257495
1.985860
1.964648
1.754351
1.132973
1.655678
1.221043
1.747517
1.540642
1.296562
1.447887
1.850254
1.309602
1.441129
1.643611
1.388277
1.888274
1.865591
1.307162
1.191168
1.629147
1.855625
1.535935
1.129084
1.367226
1.212345
1.854216
1.519489
0.940856
1.868625
1.796677
1.914298
1.406763
1.973956
1.754183
1.629728
1.395832
1.809415
1.586089
1.860089
1.475272
1.999722
1.228854
1.791257
1.266858
1.377640
1.197335
1.952729
1.520986
1.183414
1.173940
1.675084
1.472046
1.613704
1.233955
1.796952
1.770012
1.993283
1.526930
1.624578
1.851010
1.729403
1.943850
1.617195
1.483292
1.624352
1.691427
1.963411
1.904907
1.682925
1.815798
1.637292
1.578273
0.935224
1.976966
1.278756
1.779075
1.985017
1.893929
1.846111
1.248786
1.432123
1.222560
1.080164
1.774173
1.488233
1.142194
1.866284
1.831162
1.767366
1.437071
1.816110
1.970079
1.647224
1.833723
1.294787
1.116958
1.315555
1.595147
1.678012
1.613573
1.799899
1.665754
1.337507
1.751620
1.917908
1.700977
1.953750
1.519505
1.387237
1.975192
1.988310
1.342342
1.812155
1.950654
1.790819
1.683295
1.933189
1.723437
1.692468
1.984390
1.670645
1.093175
0.951681
1.131885
1.720250
1.885475
1.330810
1.448692
1.640762
1.967313
1.523667
1.789410
1.086157
1.614426
1.637033
1.874185
1.134325
1.525023
1.799791
1.271249
1.920435
1.295161
1.534441
1.551221
1.708846
1.883628
1.803449
1.527863
1.877521
1.959934
1.646129
1.989041
1.521762
1.131262
1.458437
1.464049
1.204606
1.829981
1.976946
1.066532
1.162419
1.569561
1.145663
1.489382
1.786587
1.721353
1.665119
1.944538
1.237589
1.841587
1.626241
1.685431
1.931215
1.437314
1.985447
1.449378
1.177840
1.532939
1.344562
1.763356
1.883526
1.491574
1.224531
1.906672
1.429069
1.923504
1.608681
1.680653
1.807292
1.620584
1.642559
1.235973
1.560030
0.982072
1.150162
1.985667
1.125553
1.564852
0.977882
1.937279
1.691058
1.582324
1.157614
1.907347
1.573993
1.361943
1.644399
1.496337
1.616422
1.280684
1.605709
1.462006
1.941260
1.601688
1.424365
1.213509
1.330337
1.324155
1.704588
1.240013
1.996549
0.958907
1.194312
1.298920
1.621340
1.598359
1.931665
1.391112
1.222041
1.927133
1.766870
1.499799
1.939367
1.722100
1.706594
1.943824
1.663348
1.746759
1.747111
1.767657
1.452091
1.805914
1.512958
1.669574
1.640730
1.472687
1.588420
1.849919
1.256843
1.637159
1.189770
1.298396
1.550230
1.762154
1.321292
1.976604
1.188186
1.654763
1.184592
1.663656
1.951649
1.601868
1.561055
1.873498
1.740479
1.063475
1.087070
1.379438
1.218725
1.230897
1.966110
0.947356
1.996296
1.757604
1.359413
1.912270
1.068193
1.720619
1.361576
1.675631
1.794031
1.541461
1.825700
1.726052
1.792007
1.535319
1.739728
1.546482
1.894296
1.690215
1.486761
1.001337
1.050090
1.989404
1.538527
1.327442
1.984548
1.379079
1.151952
0.932503
1.419727
1.509127
1.950537
1.857421
1.558706
1.533922
1.560249
1.358311
1.049992
1.104697
0.871133
1.836858
0.936369
1.396328
1.318616
1.511218
1.415924
1.020235
1.596930
1.004159
1.900575
1.330933
1.436175
1.811845
1.470250
1.942497
1.189609
1.899446
1.964598
1.986641
1.484434
1.637026
1.691439
1.506863
1.593902
1.235140
1.620248
1.529073
1.311957
1.721082
1.745944
1.813481
1.047822
1.485639
1.131107
1.494554
1.971108
1.593691
1.182018
1.915636
1.189106
1.842997
1.747377
1.600553
0.837027
1.369137
1.851885
1.083601
1.984061
1.047658
0.979459
1.449128
1.206023
1.882987
1.493131
1.477355
1.220967
1.386458
1.668245
1.312344
1.378734
1.731044
1.295714
1.871854
1.237841
1.987446
1.831435
1.883044
1.879023
1.858303
1.732076
1.008221
1.096072
1.168655
1.827969
1.712026
1.729893
1.342272
1.206241
1.250159
1.752405
1.202753
1.260322
1.167411
0.936459
1.740186
1.480513
1.807433
1.252158
1.866143
1.777497
1.923386
1.991045
1.982535
1.869395
1.116637
1.231313
1.855932
1.829015
1.018394
1.182620
0.951360
1.949421
1.220860
1.148487
1.595803
1.856175
1.313883
1.452612
1.190502
1.103461
1.801821
1.579347
1.508389
1.682412
0.869803
1.153918
1.971735
1.500712
1.000006
1.733024
0.810995
1.946797
1.754447
1.552485
1.910630
1.066339
1.658195
1.427904
1.233507
1.662332
1.694552
1.394434
1.530681
1.939877
1.265615
1.070862
1.342209
1.884698
1.669492
1.189265
1.690870
1.576971
1.929235
1.241984
1.443443
1.621867
1.855349
1.622096
1.548405
1.804093
1.342997
1.381300
1.276786
1.126731
1.234656
1.941478
1.484788
1.819789
1.848575
1.043285
1.978532
1.576989
1.542198
1.719089
1.027614
1.824243
1.547361
1.680310
1.374766
1.925954
1.164812
1.930783
1.812187
1.901413
1.557753
1.479565
1.885985
1.816017
1.621664
1.311969
1.443329
0.938618
1.311624
1.775918
0.958106
1.238868
1.390378
1.754356
1.493748
1.063905
0.793585
1.236982
1.448753
1.752117
1.939906
1.656632
1.058165
1.609483
1.985994
1.908506
1.768441
1.421843
0.857931
1.986843
1.255451
1.054894
1.666692
1.962899
1.982492
1.214723
1.998649
0.764075
1.640382
1.331830
1.692312
1.694698
1.662346
