1.400677
1.441073
1.433920
1.812353
1.463180
1.504699
1.778153
1.904122
1.628264
1.447972
1.960114
1.643144
1.676197
1.963818
1.374899
1.752290
1.896656
1.962163
1.299887
1.927886
1.520552
1.487611
1.072374
1.376312
1.839058
1.757868
1.195773
1.342855
1.837844
1.868205
1.921406
1.969740
1.885947
1.530237
1.704940
1.783415
1.997142
1.931396
1.850247
1.677117
1.601519
1.829479
1.213636
1.710663
1.777901
1.974508
1.331179
1.298581
1.953948
1.884630
1.184924
1.480492
1.043520
1.571258
1.440100
1.924707
1.786013
1.693036
1.432731
1.663605
1.453939
1.836998
1.876879
1.700285
1.365150
1.908190
1.365591
1.232249
1.962608
1.463496
1.137009
1.930149
1.647629
1.982079
1.613483
1.790430
1.992033
1.867821
1.974090
1.858106
1.063266
1.182379
1.960120
1.440912
1.481116
1.343928
1.941194
1.750517
1.446731
1.593565
1.673340
1.560406
1.710382
0.965662
1.906019
1.961699
1.864218
1.886618
1.872397
1.140211
1.663471
1.568224
1.708341
1.761204
1.597075
1.808368
1.362991
1.926835
1.181928
1.264524
1.724181
1.951717
0.972210
1.846363
0.943335
1.900938
1.797280
1.520458
1.155180
1.498134
1.496574
1.355392
1.651221
1.626558
1.413029
1.377489
1.904029
1.617884
1.372427
1.180686
1.515983
1.522784
1.048217
1.791798
1.610106
1.624746
1.747853
1.926789
1.232312
1.827722
1.357097
1.334620
1.293320
0.846248
1.856661
1.517741
1.600311
1.457388
1.144127
1.102733
1.295452
1.885316
1.966164
1.191037
1.622064
1.115910
1.691637
1.632685
1.382155
1.119006
1.508086
1.378403
1.955721
1.509908
1.825153
1.608280
1.719973
1.969335
1.847782
0.884059
1.669038
1.675302
1.255430
1.238625
1.807051
1.455136
1.730599
1.044503
1.997450
1.750652
1.670826
1.484198
1.688934
0.952911
1.826272
1.503130
1.077137
1.312620
1.291576
1.747632
1.758212
1.861713
1.592912
1.922132
1.570756
1.912827
1.508299
1.501936
1.200093
1.346919
1.956726
1.379000
1.119717
1.772504
1.950250
1.982337
1.759677
0.976227
1.391625
1.786262
1.536795
1.735358
1.935954
1.882285
1.403410
1.818507
1.731080
1.351738
1.881166
1.036761
1.636636
1.774103
1.522606
1.489809
1.534840
1.777042
0.913892
1.965421
1.455835
1.926787
1.877382
1.610621
1.711256
0.992371
1.513021
1.292072
1.624408
1.951412
1.673605
1.780988
1.078322
0.960334
1.641962
1.267038
1.930780
1.321382
1.773545
1.543372
1.011944
1.244996
1.731502
1.443138
1.002054
1.645202
1.727416
1.958018
1.433068
1.381533
1.437215
1.913789
1.296266
0.928767
1.825459
1.765614
1.760278
1.209080
1.206778
1.157439
0.853379
1.153085
1.736870
1.148279
1.145734
1.906341
1.431681
1.465096
1.691236
0.863975
1.351734
