1.992767
1.894870
1.896188
1.956189
1.974920
1.928386
1.821571
1.934816
1.784280
1.997060
1.977127
1.967809
1.912680
1.859679
1.858019
1.984283
1.865196
1.746053
1.772628
1.750387
1.989879
1.970388
1.973542
1.677649
1.895003
1.974804
1.776724
1.940261
1.962685
1.659731
1.823134
1.775186
1.962086
1.646944
1.723584
1.858155
1.817012
1.847802
1.900235
1.902694
1.947879
1.739815
1.637483
1.935950
1.988468
1.870316
1.941176
1.603734
1.928756
1.576195
1.689352
1.998625
1.805905
1.983430
1.904328
1.988223
1.856328
1.632865
1.954735
1.971819
1.719841
1.963576
1.980883
1.797654
1.556662
1.565333
1.979988
1.869543
1.742560
1.827819
1.841531
1.777171
1.646343
1.672929
1.591079
1.915953
1.492905
1.949560
1.864551
1.991457
1.900975
1.941786
1.823654
1.823138
1.921634
1.998748
1.517511
1.352609
1.988401
1.733668
1.662101
1.907252
1.813912
1.783163
1.994133
1.872256
1.863557
1.765022
1.703986
1.569184
1.992403
1.886093
1.575591
1.556264
1.502969
1.978550
1.599385
1.615829
1.992201
1.803236
1.996113
1.533288
1.902519
1.462122
1.742348
1.547647
1.634094
1.863543
1.624841
1.815285
1.473509
1.409650
1.732398
1.994561
1.802527
1.589994
1.999644
1.483534
1.694274
1.867457
1.449332
1.651865
1.714693
1.631307
1.812469
1.808172
1.826655
1.455238
1.556547
1.835894
1.854608
1.753939
1.486761
1.530225
1.716065
1.885757
1.592558
1.801161
1.691612
1.941569
1.474357
1.760907
1.378140
1.963382
1.827227
1.657479
1.940331
1.699898
1.731859
1.360490
1.491106
1.657242
1.700016
1.463713
1.654172
1.745425
1.590302
1.831369
1.257715
1.986531
1.626085
1.930842
1.513684
1.507575
1.725284
1.507768
1.288028
1.688213
1.960184
1.857071
