1.750815
1.462047
1.808591
1.895730
1.489000
1.625726
1.950642
1.422581
1.382132
1.711645
1.866862
1.934863
1.983919
1.428414
1.756043
1.801762
1.775919
1.748448
1.973760
1.937083
1.938869
1.712345
1.403607
1.827403
1.128617
1.721917
1.987252
1.972659
1.817863
1.803466
1.473190
1.721780
1.694678
1.375711
1.755006
1.874641
1.492674
1.690868
1.995324
1.884931
1.991373
1.881017
1.519919
1.718536
1.683618
1.564960
1.681088
1.239946
1.846681
1.891289
1.811712
1.605105
1.490196
1.888228
1.399968
1.389122
1.957237
1.877253
1.751906
1.862312
1.734627
1.329995
1.635950
1.782562
1.875004
1.982338
1.822249
1.816865
1.727258
1.794779
1.706448
1.926135
1.989669
1.462941
1.774470
1.845941
1.725942
1.227264
1.625817
1.791970
1.794881
1.916445
1.665567
1.785667
1.517626
1.974036
1.783770
1.736310
1.265764
1.750765
1.731001
1.296965
1.824498
1.820737
1.943981
1.387483
1.965701
1.800714
1.977340
1.703489
1.976535
1.711328
1.274089
1.888266
1.773735
1.990595
1.312748
1.532816
1.413834
1.471339
1.686296
1.914383
1.708855
1.624591
1.740684
1.302021
1.503667
1.865194
1.933119
1.689837
1.682153
1.915679
1.880344
1.633476
1.871246
1.736730
1.366448
1.132417
1.545546
1.419902
1.928719
1.882193
1.442554
1.869920
1.880961
1.058012
1.535607
1.243477
1.944313
1.831646
1.911395
1.663535
1.848706
1.442740
1.741583
1.964806
1.488201
1.167014
1.439126
1.625080
1.677405
1.780471
1.414947
1.589180
1.591702
1.950028
1.479706
1.730332
1.731995
1.653100
1.382197
1.657784
1.762308
1.373060
1.678085
0.969228
1.941446
1.981232
1.890269
1.623739
1.359519
1.554695
1.546492
1.221639
1.346023
1.416130
1.870067
1.403083
1.978972
1.103452
1.635049
1.895396
1.927248
1.655561
1.194663
1.268416
1.783780
1.520039
0.986979
1.963132
1.989714
1.736620
1.867702
1.712627
1.643813
1.571540
1.542986
1.651266
1.917142
1.849508
1.441897
1.659906
1.214905
1.616282
1.792013
1.997723
1.553785
1.596651
1.702605
1.893307
1.179693
1.542477
1.349983
1.225431
1.133715
1.841279
1.583407
1.523110
1.971030
1.059190
1.910333
1.714013
1.448598
1.405487
1.392582
1.558978
1.403011
1.414882
1.834942
1.695228
1.927973
1.962584
1.886209
1.964838
1.856945
1.504167
1.825742
1.697058
1.849323
1.242863
1.951953
1.737982
1.515346
1.802410
1.554038
1.777668
1.185422
1.828232
1.967102
1.584723
1.765902
1.697706
1.788141
1.584447
1.284227
1.645972
1.376036
1.744647
1.405946
1.493239
1.980073
1.811815
1.830325
1.567282
1.991306
1.417787
1.266727
1.806785
1.556369
1.963683
1.977357
1.646417
1.907408
0.900163
1.147700
1.940864
1.848102
1.909143
1.472359
1.952466
1.480619
1.313121
1.911388
1.752597
1.311607
1.174393
1.508362
1.306586
1.987434
1.721754
1.625743
1.838941
1.790344
1.233054
1.314633
1.959565
1.662945
1.337260
1.173940
1.752354
1.610652
1.744360
1.443230
1.485070
1.636109
1.195801
1.836201
1.202837
1.446770
1.944582
1.413227
1.257598
1.461240
1.938193
1.562733
1.991320
1.182073
1.243991
1.683206
1.801339
1.719496
1.449798
1.013370
1.034052
1.565263
1.765448
1.969667
1.433017
1.675912
1.252891
1.401326
1.978064
1.926573
1.908627
1.027291
1.995109
1.826344
1.503396
1.384478
0.845818
1.466770
1.083301
1.781545
1.260846
1.589232
1.886810
1.590624
1.983823
1.935147
1.128887
1.574762
1.238236
1.823241
1.418009
1.591856
1.685250
1.873027
1.990659
1.711541
1.661769
1.785411
1.388706
1.543829
1.900706
1.951573
1.943342
1.523714
1.532491
1.819695
1.712692
1.567797
1.973215
1.228063
1.818984
1.756859
1.403283
1.344643
1.264506
1.938172
1.921423
1.484133
1.864839
1.832045
1.984445
1.432282
1.535687
1.564780
1.580013
1.509876
1.503955
1.949000
1.197531
1.294627
1.680451
1.523503
0.946884
1.222653
1.561924
1.961961
1.913534
1.786753
1.017307
1.947749
1.094689
1.945796
1.350453
1.776007
1.629376
1.611151
1.588700
1.012362
1.092249
1.542547
1.552629
1.452823
1.144504
1.955966
1.849217
1.909880
1.448092
1.890249
1.633987
1.595772
1.727871
1.414303
1.236245
1.919716
1.072343
1.346854
1.463623
1.278415
1.739334
1.617535
1.590706
1.020327
1.972772
1.110171
1.914269
1.491282
1.724406
1.604832
1.827733
1.019112
1.569871
1.315680
1.562316
1.603398
0.971550
1.076240
1.153895
1.410139
1.570408
1.032041
1.612658
1.772256
1.770882
1.610832
1.280057
1.961493
1.214102
1.959510
1.697716
1.394190
1.259692
1.801687
1.161182
1.752233
1.496318
1.068635
1.599117
1.783224
1.641939
1.267714
1.445829
1.277662
1.780335
1.068717
1.978474
1.867296
1.317671
0.987889
1.974548
1.367535
1.442488
1.808847
1.916514
1.537041
1.931710
1.875254
1.959188
1.625400
1.626617
1.805231
1.947389
1.609122
1.849295
1.913932
1.180814
1.004392
1.804597
1.863808
1.952883
1.467044
1.500947
1.396236
1.373909
1.675704
1.993161
1.953145
1.327272
1.778599
1.188422
1.374546
1.666034
1.757632
1.516002
1.387508
1.454241
1.749545
1.186307
1.269142
1.609618
1.824969
1.025305
1.568473
1.298935
1.299270
1.559044
1.890033
1.684257
1.511798
1.990487
1.979087
1.660332
1.857560
1.745224
1.510771
1.302821
1.036129
1.771555
1.575203
1.979949
0.893978
1.906396
1.975916
1.193807
1.896923
1.840381
1.980457
1.242614
1.785181
1.734608
1.944148
1.492965
0.985278
1.940087
1.668182
1.377593
1.333027
1.794374
1.902396
1.003459
1.345231
1.227527
1.473346
1.279870
1.761853
1.567177
1.588095
1.341015
1.958179
1.532392
1.237541
1.563279
1.408241
1.746379
1.927588
1.312028
1.180530
0.894679
1.486270
1.879001
1.469743
1.055402
1.456572
1.293278
1.179510
1.970718
1.898550
1.918569
1.146172
1.632803
1.238174
1.730309
1.896040
1.744900
1.513134
1.535981
1.696208
1.407159
1.632896
1.506210
1.997834
1.911691
1.328437
1.612708
0.950603
1.915727
1.523339
1.771118
1.217373
0.976423
1.913995
1.697795
1.956235
1.487431
1.585859
1.696394
1.597898
1.763246
1.949959
1.411935
1.975740
1.260380
1.509123
0.901352
1.113020
1.776837
1.276102
1.721132
1.016213
1.663843
1.618265
1.118449
1.683898
1.994194
1.468617
1.225085
1.434348
1.980063
1.446405
1.736893
1.602477
1.553167
1.792083
1.158463
1.106501
1.966988
1.401372
1.949458
1.877080
1.830340
1.017559
1.996568
1.821165
1.958998
1.734057
1.639399
1.112958
1.359900
1.917043
1.219710
1.591417
1.136688
1.084508
1.538085
1.368823
1.178525
0.976950
1.168688
1.010755
1.942651
1.290099
0.926785
1.817664
1.083125
1.036943
1.358289
1.451318
1.155281
1.353277
1.738212
1.791527
1.242397
1.243373
0.883550
1.946795
1.436020
1.901158
1.049023
1.289601
1.033315
1.954341
1.878611
1.315450
1.694634
1.940491
1.364664
1.858462
1.226380
1.342137
1.773836
1.813432
0.874124
1.814333
1.487220
1.675216
1.097158
1.904388
1.267912
1.186424
1.138263
1.778492
1.674136
1.970485
1.077560
1.120371
1.632372
1.562870
1.958839
1.115982
1.528029
1.092425
1.496667
0.876397
0.869569
1.610852
1.017911
0.945775
1.371897
