1.972863
1.729174
1.942791
1.529373
1.992215
1.930994
1.523269
1.674537
1.934513
1.697609
1.444073
1.688123
1.965969
1.874996
1.312092
1.677495
1.551851
1.792542
1.109249
1.845167
1.945882
1.074123
1.953227
1.995504
1.554794
1.799112
1.255882
1.926375
1.986062
1.697385
1.585757
1.901462
1.944475
1.910158
1.878562
1.770265
1.782933
1.037640
1.789704
1.885651
1.887441
1.714145
1.855738
1.668721
1.735153
1.736239
1.694998
1.803746
1.695428
1.526719
1.870341
1.656500
1.660381
1.682882
1.425174
1.990411
1.806727
1.094609
1.805498
1.738712
1.949777
1.604659
1.561093
1.914125
1.691651
1.434711
0.997673
1.455673
1.883978
1.843833
1.806065
1.057638
1.303553
1.837155
1.994726
1.492334
1.640141
1.870503
1.966579
1.677112
1.981006
1.812976
1.058012
1.404815
1.731412
1.353151
1.544215
1.706699
1.744996
1.775240
1.777027
1.620671
1.741602
1.902293
1.740185
1.262555
1.662841
1.123510
1.956727
1.593469
1.406671
1.216317
1.629153
1.739390
1.544698
1.525417
1.867503
1.453132
1.445848
1.798065
1.707647
1.724328
1.615302
1.631751
1.953569
1.949761
1.377905
1.512984
1.728261
1.440705
1.776428
1.188249
1.982481
1.164432
1.942185
1.550433
1.769990
1.789331
1.788847
1.951810
1.899235
1.838453
1.871323
1.593460
1.924576
1.854305
1.709521
1.615920
1.293623
1.748004
1.836752
1.792310
1.971356
1.752972
1.996162
1.384688
1.566128
1.918082
1.900390
1.672848
1.882929
1.940747
1.968323
1.744809
1.994798
1.951192
1.480409
1.059123
1.998366
1.455320
1.800155
1.937216
1.935368
1.911333
0.971017
1.706741
1.338093
1.956698
1.846138
1.746416
1.501848
1.837050
1.578574
1.780222
1.905665
1.071870
1.874080
1.435246
1.949497
1.675061
1.189750
1.653034
1.737499
1.943545
1.520342
1.536822
1.826624
1.403966
1.567711
1.706915
1.852321
1.802523
1.400695
1.555888
1.459805
1.145315
1.335487
1.886536
1.873048
1.613518
1.712822
1.756274
1.554835
1.511930
1.605488
1.866330
1.714796
1.862139
1.646789
1.516605
1.768322
1.508743
1.981132
1.187796
1.976094
1.612445
1.809384
1.786602
1.939407
1.919443
1.897057
1.598013
1.180681
1.186158
1.495767
1.505046
1.834353
1.857591
1.489274
1.893565
1.160609
1.608321
1.940205
1.978999
1.533592
1.883651
1.288186
1.640398
1.941673
1.374708
1.865294
1.427984
1.979384
1.732153
1.865915
1.766746
1.832946
1.687298
1.635688
1.270828
1.094447
1.361469
1.399699
1.258511
1.841472
1.008796
1.688995
1.585363
1.546496
1.228203
1.385297
1.504241
1.663662
1.977974
1.235515
1.547263
1.791891
1.864504
1.476979
1.381786
1.583622
1.353767
1.767966
1.998566
1.890899
1.063291
1.610104
1.533036
1.091878
0.976658
1.344404
1.231278
1.192413
1.866911
1.784982
1.369595
1.939106
1.681015
0.951860
1.513968
1.503336
1.626191
1.297805
1.540981
1.246700
0.906139
1.802214
1.611217
1.635334
1.026518
1.262639
1.238844
1.494432
1.271172
1.794639
1.750366
1.365930
1.415310
1.854333
1.218810
1.892586
1.400892
1.319019
1.314280
1.481208
1.192817
1.406688
1.994078
1.964417
1.916970
0.915003
1.398829
1.403844
1.285859
1.052501
1.235002
1.274787
1.804047
1.603522
1.413270
1.457205
1.776093
0.995557
1.542950
1.505866
1.570079
1.563227
1.817976
1.108950
1.660795
1.937056
1.708676
1.655659
1.783937
1.710036
1.180643
1.537938
1.801249
1.317456
1.691899
1.243793
1.542950
1.570845
1.073433
1.780661
1.784269
1.351834
1.430277
1.603505
1.915012
1.953521
1.750985
1.214191
1.123102
1.733260
1.495005
1.682347
1.137702
1.343518
1.865187
1.933847
1.353041
1.999759
1.553534
1.302658
1.931357
1.247799
1.314232
1.983727
1.540732
1.726618
1.932860
1.494027
1.245127
1.457134
1.095371
1.319980
1.761523
1.972382
1.646333
1.445653
1.055963
1.466913
1.964332
1.439311
1.508786
1.705777
1.272729
1.718174
1.799048
1.672836
1.974970
1.018955
1.251139
1.990203
1.772374
1.555301
1.577781
1.840260
1.996531
1.906261
1.736694
1.716499
1.659221
1.203880
1.730156
1.800516
1.668360
1.654695
1.669798
0.900390
1.863310
1.797030
1.659191
1.446585
1.419439
1.792860
1.389468
1.512050
1.957101
1.493082
1.437392
1.467982
1.464189
1.980539
1.936697
1.727268
1.223472
1.994572
1.857683
1.827557
1.632988
0.913826
1.686540
1.729159
1.640548
1.623982
1.616388
1.468022
1.331848
1.681809
1.584294
1.182021
1.236607
1.828881
1.712470
1.448875
1.016906
1.177548
1.527520
1.796664
1.315369
1.629924
1.462707
1.917074
1.768550
0.990371
1.181417
1.085234
1.731320
1.240422
1.915547
1.821851
1.494044
1.601994
1.109530
1.478131
1.770306
1.906793
1.979136
1.829996
1.723486
1.856937
1.827849
1.790406
1.833810
1.670913
1.042053
1.266625
1.392194
1.105241
1.229070
1.731622
1.921606
1.932128
1.379056
1.973422
1.446661
1.806768
1.833068
1.872660
1.093646
1.515118
1.297422
0.928907
0.887376
1.924555
1.348076
1.103261
1.240558
1.668790
1.158565
1.456818
1.390987
1.236795
1.924534
1.835559
1.923516
1.926587
1.742053
1.157723
1.917894
1.629006
1.739764
1.901286
1.830175
1.978290
1.486670
1.226010
1.812785
1.463986
1.891861
1.260924
0.909731
1.742768
1.746310
1.292876
1.870010
1.707900
1.621124
1.969930
1.186462
1.329768
1.463706
1.792077
1.374958
1.925760
1.069977
1.848084
1.335423
1.632923
1.994028
1.770701
1.428272
1.916331
1.168702
1.195358
1.061714
1.787989
1.434924
1.684123
1.491886
1.517338
1.464671
1.085702
1.914091
1.930046
0.990958
1.801837
1.438417
1.641460
1.143019
1.066798
1.234984
1.968813
1.723537
1.798906
1.554594
1.839963
1.881974
0.971436
1.957591
1.818430
1.498447
1.176117
1.140544
1.892935
1.613008
1.567765
1.852976
1.307187
1.878711
1.685423
1.862916
1.664078
1.519105
1.029888
1.633458
1.342711
1.807040
1.960484
1.680780
1.036602
1.742052
1.819489
1.752130
1.238469
1.012906
1.494303
1.540349
1.125672
1.490206
1.567530
1.310198
1.549874
1.396931
1.893959
1.945562
1.999710
1.988655
1.365164
1.558225
1.752000
1.667043
1.131757
0.929887
1.251238
1.732156
1.443161
1.151336
1.431138
1.440334
1.793012
1.194090
1.219081
1.438798
1.285149
1.035874
1.048390
1.749500
1.306949
1.657216
1.318863
1.278392
1.703267
1.510313
1.374947
1.892263
1.693792
1.850880
1.850407
1.175072
1.939513
1.329144
1.883122
1.948714
0.886148
1.259619
1.913885
1.254978
1.498490
1.263312
0.899180
1.044909
1.283198
1.762026
1.417457
0.968013
1.248956
1.647362
1.001173
1.608810
1.459025
0.698916
1.455104
1.260176
1.602984
1.883808
1.883383
1.993077
0.986125
1.793338
1.819520
1.739418
1.767666
1.959008
1.057950
1.544371
1.975965
0.908969
1.269196
1.899978
1.418540
1.946430
1.869027
1.489197
1.108669
1.675825
