1.985842
1.735426
1.747200
1.980731
1.968419
1.686694
1.510183
1.893492
1.739823
1.873845
1.947088
1.850742
1.834050
1.801199
1.997276
1.964570
1.915890
1.601929
1.610596
1.663613
1.835201
1.859071
1.349379
1.903996
1.725410
1.871451
1.832926
1.994734
1.989406
1.843337
1.671234
1.838632
1.682307
1.972977
1.735357
1.763626
1.778491
1.809461
1.392204
1.860912
1.778397
1.858693
1.824198
1.566995
1.999681
1.888787
1.665600
1.604475
1.568460
1.907001
1.698494
1.659730
1.619662
1.877866
1.433949
1.998536
1.670641
1.773566
1.863400
1.898726
1.885901
1.531862
1.364014
1.567664
1.853264
1.412337
1.657089
1.757392
1.730401
1.700233
1.409368
