1.527926
1.367035
1.968103
1.668837
1.985064
1.553813
1.700977
1.813461
1.861238
1.835999
1.771942
1.424656
1.918619
1.992372
1.952376
1.609314
1.856978
1.954908
1.942931
1.218594
1.617733
1.566649
1.880108
1.500803
1.554491
1.942638
1.824054
1.867055
1.376599
1.773681
1.386387
1.567362
1.655766
1.625816
1.829550
1.304237
1.361735
1.891960
1.456735
1.534120
1.791607
1.642153
1.559858
1.498525
1.775713
1.830476
1.866796
1.470704
1.883954
1.922830
1.885896
1.729595
1.893689
1.442388
1.681373
1.835874
1.411491
1.989879
1.320627
1.971109
1.396461
1.930442
1.736972
1.770012
1.690102
1.608819
1.692688
1.876530
1.106550
1.920186
1.864673
1.805883
1.704827
1.982211
1.465707
1.573156
1.843334
1.168049
1.296769
1.680892
1.967651
1.754773
1.690816
1.329430
1.591797
1.646009
1.858049
1.163093
1.672972
1.595559
1.176086
1.909303
1.574742
1.278987
1.552789
1.983460
1.741305
1.959450
1.829471
1.916433
1.919058
1.804959
1.580735
1.996030
1.663210
1.760372
1.991149
1.571030
1.444751
1.452843
1.893355
1.241408
1.310691
1.832307
1.426335
1.844100
1.705919
1.185842
1.519089
1.511187
1.969979
1.992397
1.787662
1.776999
1.422391
1.800545
0.961132
1.396360
1.435082
1.855828
1.211230
1.539335
1.599510
1.563869
1.868342
1.560371
1.519190
1.409409
1.736977
1.755681
1.971024
1.840112
1.205982
1.343394
1.302757
1.204275
1.734957
1.270546
1.623066
1.490507
1.598972
1.946949
1.974008
1.343844
1.104606
1.772915
1.666485
1.924138
1.075971
1.571514
1.790046
1.725995
1.456664
1.908979
1.264501
1.036364
1.836446
1.624811
1.925028
1.839179
1.660133
1.840552
1.382647
1.864411
1.674912
1.911176
1.420618
1.717125
1.448979
1.299156
1.354044
1.841154
1.407398
1.662675
1.744094
1.902087
1.396496
1.814555
1.362141
1.434813
1.435432
1.776683
1.789462
1.582165
1.663941
1.328287
1.890405
1.667500
1.619095
1.734106
1.330526
1.047832
1.986004
1.335642
1.814317
1.520505
1.010285
1.389444
1.408035
1.765462
1.797621
1.232439
1.534718
1.642637
1.809598
1.092558
1.353718
1.428295
1.356072
1.915557
1.418391
1.560160
1.639980
1.638812
1.868111
1.409846
1.854611
1.612285
1.895657
1.765645
1.342265
1.892623
1.385731
1.450478
1.352919
1.291945
1.679914
1.123473
1.096936
1.886882
1.123074
1.177176
1.869009
1.445466
1.909150
1.533059
1.737841
1.785628
1.105790
0.985627
1.261554
1.366200
1.937098
1.760487
1.909789
1.490981
1.379105
1.538344
1.934012
1.400298
1.182196
1.266912
1.348266
1.561178
1.942073
1.762507
1.427780
1.388935
1.360716
1.817868
1.211611
1.714099
1.518673
1.781950
1.028833
1.865604
1.509080
1.149916
1.911173
1.973633
0.928465
1.570343
1.036022
1.544079
1.423755
1.184267
1.767724
1.468336
1.001712
1.543405
1.654745
1.856660
1.333442
1.681009
1.319254
1.613111
1.659461
1.797038
1.086374
1.237991
1.780702
1.581514
1.828334
1.271822
1.227290
1.195337
1.383385
1.268345
1.588746
1.735099
1.812827
1.068782
1.472318
1.564871
1.007351
1.560253
1.405247
1.963506
1.347440
1.118711
1.557705
1.852959
1.881483
1.873832
1.177119
1.066837
1.510329
1.400763
1.436346
1.619375
1.906552
1.872147
1.963798
1.716165
1.704552
1.290185
1.723661
1.092865
1.159581
1.716584
1.676917
1.558329
1.800343
1.278045
1.632142
1.256500
1.245355
1.376825
1.300057
1.486292
1.830166
1.793343
1.855002
1.720105
1.277177
1.798511
1.981309
1.739203
1.098885
1.555636
1.614052
0.954087
1.643038
0.945570
1.987665
1.335941
1.991441
1.716841
1.895666
1.794817
1.829777
1.678820
1.877780
1.735112
1.288883
1.395031
1.339227
1.564980
1.570221
1.602317
1.062666
1.939053
1.437692
1.540641
1.484570
1.508296
1.491884
0.946571
1.656282
1.702498
1.811846
1.815168
1.926035
1.196028
1.360946
1.635168
1.998417
1.305425
1.627875
1.546712
1.877439
1.922614
1.401414
1.859622
0.971205
1.144600
1.796920
1.401364
1.896354
1.669630
1.099984
1.568195
1.615662
1.341438
1.983230
1.726761
1.884850
1.431214
1.692218
1.749210
1.804284
1.300461
1.266598
1.866246
1.098584
1.945453
1.474014
1.590101
1.952437
1.615378
1.890820
1.540101
1.909428
1.468918
1.654842
1.631727
1.892715
1.341513
1.542936
1.179932
1.041606
1.328354
1.682995
1.705247
1.275833
1.317194
1.438351
1.212613
1.241896
1.184540
1.902537
1.514804
1.601303
1.281334
0.822225
1.736297
1.160121
1.840092
1.223114
1.793403
1.985020
1.936815
1.950913
1.855974
1.831851
1.261550
1.837354
1.951251
1.922021
1.744207
1.376688
1.497554
1.562054
0.932396
1.078990
1.790616
1.548108
1.642215
1.775395
1.948555
1.009171
1.334699
1.930130
1.954374
1.968485
1.748995
1.181127
1.748246
1.772473
1.359921
1.989799
1.691703
1.286835
1.793612
1.760449
0.936827
1.846097
1.306727
1.169405
0.856849
1.740087
1.900654
1.950351
1.982919
1.199773
1.083553
1.843651
1.567154
1.980874
1.278042
1.840702
1.695134
1.160796
1.324482
1.635538
1.493930
1.881013
1.513367
1.509542
1.052650
1.176295
1.460752
1.366290
1.164572
1.712425
1.238391
1.894837
1.728352
1.678694
1.855569
1.948222
1.886880
1.472827
1.465981
