1.993588
1.958850
1.956285
1.625987
1.723347
1.978022
1.906695
1.520034
1.960060
1.693798
1.831251
1.844203
1.925275
1.521771
1.982215
1.962551
1.527529
1.990813
1.702646
1.359732
1.601984
1.961259
1.773733
1.971783
1.983951
1.458879
1.890537
1.467300
1.899750
1.555140
1.618611
1.731158
1.428663
1.762018
1.234740
1.768128
1.650065
1.962033
1.518072
1.964925
1.344665
1.792423
1.220724
1.439238
1.782526
1.963406
1.396659
1.887561
1.710565
1.985363
1.213081
1.987346
1.536076
1.907291
1.762455
1.309441
1.665141
1.660495
1.648843
1.514285
1.526675
1.638010
1.506989
1.179388
1.828383
1.378226
1.785284
1.787186
1.582377
1.536755
1.986906
1.872747
1.836674
1.605069
1.956092
1.586772
1.372031
1.959066
1.331287
1.661766
1.529083
1.943707
1.749900
1.743333
1.913700
1.163511
1.823917
1.706886
1.790009
1.621472
1.450962
1.820424
1.274769
1.977117
1.994662
1.973572
1.864352
1.289332
1.586960
1.618493
1.606508
1.666762
1.557153
1.573526
1.924236
1.202738
1.457445
1.526692
1.886335
1.654830
1.250081
1.921496
1.916715
1.538893
1.914501
1.916351
1.941075
1.881582
1.504142
1.475452
1.766571
1.936973
1.919150
1.916217
1.941844
1.828657
1.568585
1.863148
1.682168
1.425423
1.676471
1.531257
1.848000
1.441570
1.868358
1.849865
1.599074
1.550768
1.517120
1.938256
1.423792
1.591165
1.691439
1.343269
1.949250
1.887131
1.278774
1.837274
1.537948
1.614584
1.554629
1.439118
1.781802
1.185621
1.920469
1.804329
1.492495
1.103906
1.655510
1.535156
1.781051
1.896427
1.415053
1.974789
1.865497
1.693269
1.424108
1.459664
1.905527
1.708713
1.510986
1.497590
1.431617
1.630008
1.516553
1.690729
1.629081
1.745206
1.418905
1.937485
1.457389
1.383677
1.624718
1.232042
1.796819
1.715775
1.690163
1.416925
1.097083
1.735037
1.688360
1.569134
1.515188
1.910923
1.942023
1.557204
1.644193
1.126187
1.611495
1.217444
1.556360
1.889863
1.986425
1.662258
1.854606
1.793575
1.911559
1.899846
1.648957
1.612408
1.699360
1.484416
1.866939
0.974723
1.511473
1.854282
1.994399
1.700285
1.652405
1.945513
1.974048
1.787694
1.743583
1.984196
1.881652
1.683582
1.584602
1.582803
1.290598
1.208121
1.838806
1.689375
1.885927
1.914991
1.371015
1.257860
1.242664
1.461324
1.901564
1.826939
1.674856
1.773771
1.523031
1.392003
1.474551
1.906737
1.789557
1.961699
1.780417
1.728475
1.841829
1.055336
1.319704
1.978044
1.790633
1.146677
1.612882
1.643447
1.379850
1.626768
1.588657
1.415447
1.790734
1.862320
1.363795
1.686017
1.579382
1.206288
1.207495
1.857696
1.956787
1.651436
1.220642
1.531138
1.404138
1.776961
1.353212
1.992203
1.846104
1.850289
1.936598
0.957357
1.499506
1.456743
1.911873
1.497733
1.692093
1.804465
1.463401
1.446087
1.229950
1.613105
1.268717
1.512725
1.713328
1.694817
1.430446
1.804507
0.953162
1.519901
1.899916
1.490311
1.920628
1.678143
1.230867
1.709183
1.651150
1.450863
1.838279
1.219007
1.935086
1.431712
1.913087
1.189950
1.469983
1.443838
1.855426
1.573480
1.678338
1.548351
1.737330
1.611776
1.203685
1.846598
1.244058
1.492702
1.965520
1.531469
1.205470
1.862954
1.350000
1.568494
1.950358
1.249095
1.847944
1.607400
1.047243
1.660955
1.070133
1.718344
1.624364
1.901905
1.172685
1.820850
1.729431
1.865632
1.989486
1.544087
1.857543
1.570371
1.519614
1.859235
1.895856
1.057089
1.568384
1.743820
1.751307
1.224745
1.439178
1.272090
1.565621
1.316958
1.915438
1.348520
1.876001
1.999115
1.595292
1.574120
1.724735
1.060725
1.749110
1.882956
1.495573
1.859589
1.170758
1.317012
1.720576
1.793085
1.508719
1.741653
0.979365
1.385544
1.223754
1.498830
1.757145
1.452835
1.731470
1.831900
1.675878
1.376159
1.931854
1.851338
1.433209
1.786465
1.714509
1.815229
1.560637
1.931285
1.819576
1.128093
1.116051
1.076975
1.949496
1.603695
1.552500
1.465855
1.644504
1.191567
1.043788
1.816144
1.642967
1.550762
1.812845
1.916312
1.891242
1.621768
1.257569
1.300375
1.734697
1.336908
1.394850
1.534267
1.574600
1.243528
1.434519
1.499756
1.426332
1.832513
1.750645
0.843580
1.445705
1.729242
1.343427
1.103212
1.819779
1.379808
1.384229
1.857535
1.764883
1.882372
1.676180
1.894093
1.860582
1.518604
1.847810
1.783442
1.421008
1.451430
1.376578
1.267748
1.475472
1.617092
1.354969
0.901186
1.978877
1.572823
1.586749
1.022186
1.763225
1.704273
1.320092
1.347056
1.844252
1.734679
1.728151
1.875541
1.854824
0.972642
1.761460
1.812442
1.437775
1.062852
1.769265
1.365726
1.971269
0.910395
1.555270
1.345522
1.753590
1.490449
1.856933
1.944990
1.521510
1.856976
1.301997
1.194551
1.417731
1.410589
1.679158
1.253317
1.380954
1.731496
1.608785
1.514131
1.141239
1.168392
1.848574
1.609587
1.355848
1.896415
1.548542
1.790199
1.511727
1.526282
1.621197
1.963257
1.433700
1.414805
1.251302
1.283092
1.892700
1.820342
1.692864
1.495761
1.983078
1.325027
1.278312
1.020247
1.358850
1.938056
1.567117
1.339912
1.440040
1.179779
0.949022
1.272861
1.576396
1.391415
1.160167
1.878117
1.938141
1.096978
1.891709
0.984371
1.704957
1.789456
1.651391
1.747618
1.562524
1.855119
1.992737
1.624805
1.912039
1.263451
1.529891
1.466738
1.141866
1.918237
1.904353
1.616555
1.735216
0.983530
1.970186
1.742523
1.178708
1.701309
1.473989
1.814019
1.464416
1.516707
1.950184
1.502435
1.389115
1.632142
1.860284
1.007711
1.894127
1.697504
0.851539
1.352290
1.955309
1.948302
1.531945
1.256913
1.368792
1.822408
1.811588
0.999123
1.630107
1.030513
1.712422
1.507308
1.411421
1.538864
1.664747
1.597104
1.948550
1.863564
1.358766
1.896661
1.966638
1.655870
1.904144
1.878111
0.914672
1.214587
1.535458
1.407984
1.887392
1.801840
1.741507
0.914183
1.838900
0.957545
1.503122
1.282871
1.435105
1.040959
1.311961
1.705963
1.390582
1.442153
1.774349
1.528705
1.759664
1.242975
1.478784
1.477876
1.166515
1.161772
1.195850
0.984306
1.422938
1.411981
0.912269
1.738756
1.716859
1.702138
1.111617
1.688770
1.064388
1.424845
1.677287
1.671660
1.598704
1.494118
1.193270
1.747715
1.512387
1.707638
1.909082
1.785532
1.607823
0.992122
1.975115
1.796922
1.997088
1.423429
1.949902
0.883428
1.623282
1.586258
1.943112
1.989912
0.922509
1.662837
1.278895
1.719525
1.758698
1.227847
1.252276
1.705160
1.067807
1.251759
1.570711
1.377894
1.538799
1.126904
1.437418
1.613549
1.629863
1.094344
1.084768
1.685332
1.647258
1.728040
1.863697
1.908325
1.373069
1.121850
1.412910
1.102113
1.849261
1.419606
1.148110
1.264028
1.400598
1.927982
1.383582
1.941582
1.232941
0.919074
1.835006
1.161305
1.448698
1.375952
1.384649
1.331916
1.293769
0.930180
1.465175
1.158705
1.063285
1.360005
1.416517
1.485792
1.242188
1.265845
1.391556
1.290198
1.112200
1.815403
1.816058
1.387412
1.736352
1.138131
1.086906
1.921272
0.909061
1.338334
1.291229
1.172521
0.985589
1.581381
1.895893
1.439816
1.768552
1.238923
1.427615
1.467577
1.824928
1.618549
1.313974
1.266890
1.922858
1.830677
1.929992
1.711434
1.344439
1.881136
1.505826
1.152785
1.663952
1.683601
1.029403
1.679580
1.695267
1.618671
1.822329
1.561679
1.798188
1.174850
1.505915
1.609543
1.773027
1.393097
1.503248
1.920050
1.792692
1.873081
1.043508
1.645098
1.210763
1.216966
1.777465
1.323815
1.636804
1.657898
1.580666
1.999499
1.714976
1.274638
1.035832
1.951747
1.507930
1.752465
1.462128
1.672864
1.348645
1.737881
0.932726
0.952788
1.766675
1.198211
1.605299
1.660795
1.155649
1.909374
