1.995448
1.891227
1.947328
1.919510
1.910115
1.966306
1.876508
1.979000
1.989162
1.883142
1.995238
1.935033
1.781303
1.956225
1.896142
1.988403
1.860643
1.868313
1.887470
1.871323
1.951906
1.941403
1.884739
1.740561
1.895932
1.908154
1.808670
1.972049
1.965698
1.985939
1.818673
1.778286
1.992459
1.927643
1.952890
1.912325
1.897148
1.765680
1.901729
1.920513
1.929282
1.898321
1.986854
1.714177
1.673645
1.821273
1.914709
1.843889
1.638557
1.644510
1.739263
1.643315
1.788503
1.991736
1.851274
1.860667
1.817310
1.594209
1.525714
1.898915
1.534838
1.857959
1.992555
1.588739
1.831487
1.610266
1.861365
1.769968
1.610635
1.700548
1.694645
1.981992
1.554332
1.509890
1.978223
1.448902
1.852026
1.440006
1.542688
1.596749
1.904116
1.425119
1.790533
1.779658
1.806210
1.944598
1.991163
1.895127
1.569276
1.820994
1.683591
1.519017
1.947068
1.875204
1.801154
1.865818
1.918771
1.672488
1.553241
1.702721
1.749532
1.492652
1.682341
1.393292
1.807128
1.564035
1.904156
1.735418
1.811570
1.862003
1.879819
1.473592
1.639132
1.755277
1.660615
1.538693
1.979678
1.964494
1.657250
1.778188
1.355935
1.392439
1.963932
1.639682
1.816458
1.417378
1.465807
1.583269
1.884230
1.726036
1.832460
1.561430
1.963923
1.393756
1.900828
1.346629
1.775839
1.868642
1.563203
1.866813
1.907935
1.492526
1.942967
1.112397
1.983936
