1.981982
1.896981
1.910318
1.934099
1.783904
1.771082
1.951633
1.953122
1.925063
1.952794
1.962238
1.988585
1.845233
1.942558
1.843959
1.869309
1.988658
1.804668
1.922378
1.901103
1.814921
1.949151
1.976117
1.692719
1.656224
1.711949
1.805585
1.744191
1.942192
1.775087
1.830611
1.960143
1.896734
1.846791
1.765729
1.742099
1.951381
1.716148
1.900739
1.933386
1.847520
1.888000
1.703707
1.919384
1.645480
1.961942
1.968597
1.899527
1.822403
1.841327
1.715349
1.980664
1.865248
1.810976
1.984372
1.865752
1.725852
1.788663
1.905557
1.896970
1.895099
1.892366
1.605648
1.678929
1.794513
1.868988
1.845840
1.799790
1.678638
1.724292
1.730430
1.657776
1.523743
1.931840
1.489201
1.822426
1.887305
1.749989
1.983421
1.871264
1.686383
1.514631
1.732661
1.848394
1.730935
1.631266
1.611680
1.583385
1.841638
1.834569
1.589892
1.822375
1.656689
1.937391
1.825617
1.675093
1.844900
1.701915
1.488417
1.521858
1.820829
1.889284
1.309928
1.642120
1.594368
1.650037
1.903318
1.769444
1.842789
1.751668
1.822955
1.588295
1.766190
1.489922
1.693568
1.726095
1.476505
1.811998
1.833606
1.921601
1.604413
1.396105
1.539337
1.932938
1.961715
1.882692
1.565457
1.901866
1.442611
1.593675
1.776952
1.612499
1.681107
1.281629
1.956920
1.822961
1.690089
1.540264
1.333233
1.322877
1.704253
1.639519
1.376223
1.742512
1.371189
1.331305
1.341439
1.736066
1.991364
1.249260
1.915752
1.560351
1.314725
1.457619
1.876782
1.942533
1.896075
1.434093
