1.942457
1.985541
1.966161
1.824855
1.665970
1.896400
1.952031
1.817362
1.776436
1.980495
1.959138
1.738268
1.847104
1.716657
1.953284
1.930652
1.866515
1.954398
1.937008
1.771681
1.903785
1.962295
1.978650
1.941981
1.883912
1.958564
1.934523
1.846623
1.924002
1.878952
1.797366
1.891363
1.825175
1.914501
1.890563
1.934250
1.710099
1.719031
1.935628
1.876184
1.822271
1.790722
1.969756
1.914226
1.876157
1.971559
1.966992
1.964037
1.972768
1.881506
1.984161
1.795343
1.717129
1.968059
1.988465
1.905474
1.766388
1.521654
1.634617
1.917263
1.557372
1.757276
1.962256
1.899200
1.837153
1.920165
1.947241
1.667388
1.761539
1.932062
1.790130
1.962724
1.856899
1.951089
1.571497
1.922796
1.893635
1.709920
1.735712
1.893313
1.437279
1.887094
1.808389
1.941136
1.992337
1.627086
1.693486
1.963534
1.936372
1.969840
1.842515
1.996795
1.756405
1.810596
1.528997
1.800666
1.559214
1.627746
1.922051
1.547478
1.677809
1.833790
1.615926
1.385635
1.919105
1.542104
1.981381
1.968739
1.527249
1.617269
1.900720
1.517741
1.984224
1.648029
1.449608
1.416990
1.588359
1.986590
1.755413
1.979695
1.932769
1.801180
1.786805
1.568438
1.951566
1.924764
1.907945
1.589941
1.615064
1.333125
1.554435
1.681118
1.821474
1.351103
1.883962
1.486202
1.644965
1.678409
1.580243
1.998291
1.995278
1.905641
1.836501
1.989840
1.935092
1.863490
1.948393
1.318539
1.966236
1.709056
1.721764
1.501855
1.504871
1.854183
1.528191
1.516506
1.719508
1.490623
1.621588
1.295978
1.941583
1.970441
1.659048
1.269510
1.728722
1.423710
1.729407
1.344398
1.245002
1.907051
1.494334
