1.967076
1.963885
1.943507
1.911347
1.943219
1.906165
1.886675
1.858566
1.872998
1.996324
1.951740
1.964042
1.907974
1.879229
1.880134
1.938742
1.966160
1.913241
1.750642
1.916892
1.981496
1.932033
1.998904
1.869723
1.982913
1.865330
1.831288
1.835007
1.748738
1.753906
1.836074
1.965961
1.958844
1.852259
1.809535
1.923753
1.740050
1.731506
1.801332
1.923235
1.921210
1.810859
1.767821
1.710543
1.911701
1.996279
1.811806
1.979673
1.811671
1.972075
1.785874
1.909411
1.844362
1.834853
1.728110
1.723900
1.719366
1.858038
1.897636
1.631020
1.890466
1.804580
1.891018
1.848466
1.894558
1.795685
1.830868
1.744756
1.803330
1.710863
1.866391
1.771487
1.864525
1.936117
1.767388
1.992622
1.898760
1.606104
1.973198
1.617735
1.887356
1.752933
1.646609
1.753885
1.983141
1.906292
1.559264
1.800103
1.979692
1.615275
1.508604
1.601272
1.644680
1.884664
1.804798
1.708543
1.837910
1.635061
1.558195
1.603154
1.882331
1.996947
1.461738
1.955550
1.864199
1.908889
1.505589
1.961445
1.674520
1.847821
1.549119
1.989054
1.995953
1.542435
1.527923
1.778180
1.970796
1.535750
1.611025
1.997391
1.961173
1.901289
1.799080
1.992649
1.997193
1.850377
1.694454
1.769501
1.663873
1.589647
1.927243
1.884103
1.841978
1.602885
1.620577
1.650229
1.682016
1.991305
1.409759
1.707425
1.602238
1.757330
1.899447
1.823759
1.963899
1.603967
1.482694
1.405404
1.703100
1.638813
1.388156
1.404181
1.610190
1.379162
1.562647
1.687865
1.463854
1.963807
1.567304
1.904036
1.520708
1.756564
1.926967
1.560060
1.407723
1.455646
1.872427
1.909008
1.535642
1.723513
