1.959228
1.844596
1.990691
1.970382
1.979904
1.963690
1.949153
1.928668
1.967795
1.837737
1.946688
1.944317
1.978675
1.908876
1.900202
1.898588
1.924685
1.791926
1.897008
1.955399
1.918946
1.960826
1.981171
1.970675
1.926386
1.848786
1.905575
1.909560
1.993475
1.671463
1.951768
1.730852
1.819569
1.822043
1.638307
1.627911
1.980084
1.853531
1.978046
1.811253
1.795132
1.952066
1.893627
1.961400
1.943109
1.955483
1.875982
1.990215
1.842089
1.966067
1.918603
1.894945
1.788249
1.606811
1.907923
1.787598
1.922949
1.782971
1.616197
1.984926
1.609900
1.549158
1.963290
1.899657
1.521365
1.864415
1.986360
1.719988
1.919714
1.618939
1.845738
1.585056
1.810029
1.806211
1.908904
1.777423
1.990897
1.665297
1.740199
1.599829
1.551307
1.666994
1.520738
1.904019
1.905656
1.740645
1.595439
1.723544
1.875241
1.602941
1.930738
1.966110
1.987526
1.809797
1.591868
1.843456
1.955100
1.908790
1.909585
1.871492
1.874902
1.555561
1.948313
1.688324
1.649798
1.881223
1.381381
1.479243
1.490758
1.470273
1.500095
1.946923
1.767363
1.684285
1.794186
1.880365
1.414013
1.626074
1.449029
1.582267
1.918786
1.935759
1.432305
1.783953
1.945751
1.307095
1.679482
1.816952
1.361608
1.952191
1.611240
1.668781
1.728135
1.742717
1.456490
1.919885
1.895089
1.790325
1.844847
1.577553
1.737671
1.810654
1.308843
1.838397
1.812846
1.997834
1.510789
1.610628
1.949695
1.954744
1.848128
1.863570
1.871371
1.432809
1.948531
1.324788
1.690488
1.722292
