1.783958
1.990623
1.963785
1.864840
1.982039
1.716730
1.911807
1.914122
1.889047
1.725828
1.796058
1.925210
1.992416
1.904581
1.893850
1.659983
1.800544
1.880800
1.894067
1.945968
1.996225
1.852257
1.791480
1.976437
1.765260
1.985336
1.770469
1.982157
1.797997
1.861298
1.726710
1.962655
1.897380
1.741670
1.848230
1.693705
1.805524
1.715652
1.949307
1.744012
1.848738
1.850779
1.933176
1.822289
1.832866
1.378363
1.885881
1.577067
1.991034
1.688593
1.907513
1.857784
1.503791
1.879390
1.681245
1.757921
1.863578
1.999679
1.348758
1.375078
1.953049
1.761082
1.837413
1.721547
1.680587
1.841160
1.316873
1.529534
1.725311
1.776686
1.853795
1.548734
1.300655
1.589076
1.550304
1.731789
1.484952
1.599887
1.898619
1.685927
1.356464
1.845607
1.942959
1.392754
1.180330
