1.833203
1.514550
1.918668
1.520996
1.828413
1.679626
1.778505
1.907421
1.335760
1.987919
1.425295
1.387817
1.305056
1.786794
1.698148
1.682995
1.925985
1.526048
1.179573
1.856540
1.517642
1.953894
1.591424
1.722685
1.630239
1.525079
1.594883
1.931690
1.738731
1.663266
1.545040
1.268519
1.259454
1.359713
1.533651
1.935765
1.340493
1.586491
1.611557
1.447825
1.521598
1.974404
1.687909
1.747010
1.763049
1.608585
1.326199
1.329038
1.611452
1.417739
1.981882
1.034299
1.735778
1.895359
1.750828
1.791814
1.961980
1.574250
1.542550
1.208258
1.928889
1.710870
1.792194
1.607283
1.315987
0.993795
1.304333
1.534729
1.067024
1.626366
1.591818
1.805186
1.966008
0.975152
1.448530
1.776539
1.729295
1.686462
1.378658
1.983916
1.952764
1.805669
1.944798
1.778184
1.424535
1.906992
1.712474
1.600903
1.540709
1.693859
1.889097
1.620097
1.796684
1.813363
1.248591
1.428410
1.281541
1.816609
1.381369
1.739206
1.840710
1.487412
1.228385
1.853689
1.624229
1.556696
1.165730
0.978102
1.498637
1.595516
1.360609
1.611286
1.058862
1.645839
1.280811
1.732144
1.159907
0.960393
1.370029
1.938074
1.954827
1.900188
1.165791
1.395491
1.845135
1.203375
1.277964
1.543654
1.993998
1.726884
0.972718
1.025682
1.554487
1.781078
1.896569
1.763600
1.767998
1.762152
1.897180
1.988994
1.609786
0.903691
0.894864
1.300286
1.972757
1.671261
1.254386
1.191520
1.028566
1.500571
1.515671
1.931772
1.967722
1.383382
1.186236
1.378470
1.895121
1.039304
1.316117
1.680078
1.909818
1.600133
1.999156
1.031547
1.378634
1.748660
1.321908
1.824951
1.687778
1.579597
1.185286
1.117538
1.840163
1.715041
1.594747
1.849452
1.186475
1.076441
1.987661
1.154822
1.593600
1.918070
1.901215
1.845190
1.115377
1.017547
1.856874
1.600744
1.650646
1.874445
1.862160
1.815115
1.229244
0.995988
1.441400
1.570878
1.823076
1.675791
0.991086
1.320920
1.525239
1.404862
1.877619
1.388683
1.732847
1.683626
1.382181
1.672513
1.064822
1.924452
1.645728
1.513140
1.810497
1.600872
1.104608
1.815086
1.198147
1.217401
1.889774
0.986574
1.239830
1.881025
1.775077
1.287127
1.610602
1.981859
1.688076
1.495952
1.927478
1.679449
1.218943
1.886498
1.265652
1.306814
1.451808
1.828907
1.945655
1.971752
1.139671
1.172398
1.727341
1.839251
1.734698
1.931255
1.247060
1.601925
1.501388
1.503271
1.515755
1.956582
1.645159
1.092754
1.210201
1.306190
