1.795795
1.997154
1.830393
1.910781
1.277701
1.328581
1.451357
1.800126
1.516359
1.812946
1.966361
1.307130
1.703122
1.457909
1.613847
1.620154
1.625201
1.942670
1.356122
1.684582
1.696007
1.185626
1.949095
1.804120
1.911232
1.606674
1.926143
1.557616
1.698710
1.327794
1.837522
1.787153
1.674904
1.824944
1.762213
1.755779
1.278344
1.655360
1.670647
1.122866
1.845600
0.868973
1.251958
1.340708
1.323450
1.899181
1.238797
1.584130
1.252536
1.387519
1.829198
1.871964
1.784895
1.863686
1.582762
1.680334
1.711377
1.821330
1.235228
1.864399
1.577487
1.301208
1.311582
1.790826
1.470411
1.921777
1.604310
1.767603
1.594690
1.983472
1.901644
1.817258
0.918733
1.041126
1.878509
1.794380
1.790671
1.937979
1.964893
1.767334
1.238764
1.788070
1.946325
1.217031
1.996469
1.794251
1.436382
1.725043
1.554115
1.626631
1.483501
1.387765
1.700915
1.692793
1.836289
1.434077
1.803590
1.382798
1.666742
1.596683
1.888501
1.564736
1.439304
1.962043
1.903510
1.896213
1.933975
1.438584
1.849835
1.686563
1.599437
1.710640
1.861911
1.661393
1.644028
1.443250
1.551465
1.506206
1.369409
1.129444
1.774738
1.964740
1.849215
1.981054
1.514449
1.831593
1.782197
1.947631
1.662848
1.872796
1.549649
1.210569
1.471149
1.855355
1.415655
1.646542
1.437598
1.560364
1.743327
1.560066
1.913670
1.869507
1.565002
1.901657
1.413569
1.706122
1.538114
1.046192
1.314638
1.993084
1.510399
1.080368
1.379759
1.382161
1.592943
1.544238
1.676821
1.440072
1.537179
1.935567
1.954538
1.667535
1.513556
1.164787
1.366477
1.920116
1.259215
1.719725
1.380600
1.715577
1.875750
0.979161
1.472639
1.297170
1.319040
1.655640
1.603662
1.196932
1.737667
1.883863
1.598745
1.589880
1.365733
0.922375
1.587909
1.932267
1.846256
1.708246
1.834331
1.945443
1.247089
1.157285
1.643648
1.925375
1.974120
1.319105
1.981375
1.911687
1.869134
0.911194
1.951769
1.785073
1.645632
1.563257
1.743795
1.855572
1.278600
1.831033
1.936240
1.434855
1.390276
1.863473
1.782851
1.866625
1.999568
1.510840
0.925990
1.744233
1.687551
1.301209
1.582619
0.967210
1.636185
1.268820
1.713347
1.303317
1.882197
1.485293
1.969836
1.932930
1.694586
1.527746
1.642896
1.050463
1.340722
1.849380
1.549040
1.574171
1.907943
1.675129
0.979206
1.766276
1.534017
1.276977
1.411648
1.278801
1.411587
1.668653
1.474928
1.718287
0.998141
1.879829
1.082081
1.290086
1.594905
1.841804
1.365780
1.726721
1.826040
1.724101
1.650151
1.690500
1.095903
1.559250
1.921523
1.153867
1.582796
1.000529
1.858324
1.402064
1.496783
1.788170
1.382161
1.068838
1.277039
1.013010
1.855092
1.968733
0.790888
1.594371
1.559126
1.258025
1.610050
1.596340
1.668538
1.304092
1.282651
1.592039
1.529147
1.534691
1.273846
0.798560
1.301238
1.331615
1.497138
1.395416
1.445306
1.279967
1.925946
1.874949
1.973113
1.234090
0.944852
1.729083
1.611188
1.596844
1.399047
1.547882
1.768024
1.421490
1.947073
1.980080
