1.998567
1.925239
1.951565
1.961736
1.750423
1.822287
1.908478
1.901014
1.867114
1.959774
1.947205
1.639141
1.770039
1.790550
1.596412
1.752120
1.957897
1.995113
1.991664
1.953110
1.775175
1.987349
1.946200
1.770385
1.868644
1.869637
1.618569
1.574512
1.678676
1.954567
1.549744
1.952024
1.816412
1.775784
1.882914
1.932520
1.914900
1.758291
1.767608
1.859256
1.978701
1.920072
1.640752
1.909198
1.875154
1.857620
1.551304
1.826205
1.981948
1.692446
1.764021
1.530242
1.761900
1.777009
1.820011
1.871757
1.708653
1.919793
1.620088
1.963285
1.743153
1.942962
1.783460
1.918845
1.475701
1.927035
1.703513
1.745852
1.693146
1.418467
1.638625
1.777418
1.623994
1.541949
1.961229
1.417054
1.981099
1.850496
1.830224
1.679669
1.636366
1.554490
1.770541
1.600309
1.414183
1.828886
1.934753
1.786709
1.865267
1.917973
1.696548
1.867425
1.686906
1.611714
1.971865
1.440333
1.821244
1.577800
1.431106
1.613094
1.928336
1.593749
1.886479
1.864650
1.655558
1.851866
1.787653
1.797609
1.872481
1.986275
1.623972
1.702290
1.908122
1.773715
1.594900
1.659864
1.645947
1.906721
1.684604
1.828616
1.901799
1.656448
1.558988
1.575212
1.900584
1.994862
1.501464
1.994268
1.184642
1.346267
1.359086
1.771823
1.781779
1.432046
1.797676
1.384323
1.828105
1.992751
1.922489
