1.879492
1.846080
1.592813
1.921559
1.781114
1.522651
1.639013
1.720110
1.815307
1.976831
1.761872
1.882244
1.957954
1.981110
1.842050
1.251413
1.547665
1.501055
1.541926
1.713461
1.986095
1.322879
1.690773
1.471609
1.184096
1.439850
1.745197
1.790919
1.748186
1.930820
1.655354
1.885889
1.929585
1.404148
1.649349
1.354271
1.766892
1.176042
1.552144
1.756189
1.912943
1.929352
1.883550
1.352443
1.892113
1.981519
1.872049
1.050524
1.704652
1.992923
1.102087
1.055449
1.312062
1.270947
1.149931
1.839054
1.898580
1.731472
1.286104
1.399439
1.770020
1.089860
1.289916
1.372530
1.681965
1.815068
1.886700
1.279714
1.682738
1.705523
1.626324
1.442883
1.756087
1.613902
1.909181
1.883611
1.109800
1.782690
1.963727
1.939018
1.707055
1.900989
1.613183
1.427398
1.653282
1.402670
1.691615
1.575982
1.520626
1.504199
1.268950
1.187677
1.226388
1.917143
1.799529
1.496109
1.733240
1.997214
1.823558
1.691887
1.182506
1.847802
1.091925
1.337653
1.209417
1.958308
1.266328
1.796318
1.830642
1.731651
1.876684
1.871216
1.298108
1.654543
1.020744
1.127430
1.885396
1.959949
1.890779
1.377469
1.955322
1.655205
1.221216
1.703375
1.856091
1.565782
1.943718
1.484547
1.746702
1.959960
1.943121
1.714350
1.398835
1.024299
1.976873
1.708490
1.555363
1.874834
1.742305
1.244740
1.876606
1.697343
1.517924
1.979103
1.909510
1.982747
1.142597
1.385496
1.905073
1.552491
1.624607
1.450206
1.958440
1.777523
1.381199
1.713073
1.409963
1.607834
1.904836
1.378054
1.150702
1.891860
1.611445
1.465553
1.771570
1.777503
1.804625
1.061830
1.686192
1.443497
1.967025
1.305073
1.655846
1.156550
1.232410
1.129972
1.711517
1.431669
1.685639
1.684100
1.994732
1.271352
1.509923
1.922186
1.924358
1.963183
1.817102
1.595709
1.323358
1.401499
1.340333
1.508185
1.933649
1.654723
1.612640
1.483844
1.532867
1.882130
1.995090
1.249697
1.374257
1.879602
1.922505
1.563552
1.714021
1.519964
1.296488
1.473023
1.518446
0.888060
1.094248
1.881318
1.239161
1.643815
1.827498
1.103469
1.473394
1.934608
1.407357
1.684814
1.198283
1.458604
1.542881
1.820040
0.995194
1.668223
1.513326
1.382076
1.882923
1.618859
1.295841
1.151403
1.479506
1.314439
1.330492
1.986052
1.820649
1.149914
1.987026
1.831289
1.178537
1.798375
1.714634
1.728353
0.869216
1.472382
1.764929
1.910181
1.195195
1.915024
1.411178
1.208142
0.970246
1.310217
1.478106
1.991419
1.029765
1.988273
1.302929
1.438963
1.375838
1.011101
1.714838
1.654080
1.455366
1.508663
1.594613
1.924740
1.507705
0.903629
1.869288
1.283926
1.741433
1.624347
