1.963823
1.993692
1.945395
1.890291
1.774009
1.858014
1.973684
1.975473
1.950812
1.947772
1.820872
1.900874
1.781555
1.649286
1.969420
1.951593
1.780441
1.922063
1.896893
1.806716
1.943061
1.881863
1.750231
1.872133
1.941031
1.834382
1.796618
1.903261
1.904280
1.959663
1.803142
1.915286
1.984066
1.740355
1.771623
1.953928
1.724554
1.971119
1.638992
1.743436
1.854842
1.963281
1.640750
1.802531
1.976480
1.954432
1.988921
1.663677
1.787552
1.701674
1.895748
1.748576
1.860850
1.925249
1.814313
1.803257
1.810105
1.784625
1.999281
1.896817
1.974399
1.921210
1.725317
1.705587
1.890681
1.758836
1.999665
1.523125
1.672312
1.749232
1.567071
1.854826
1.983112
1.686714
1.831730
1.937034
1.745970
1.810469
1.850223
1.833779
1.530694
1.528926
1.914213
1.642266
1.882951
1.502365
1.885125
1.835912
1.955263
1.619528
1.992234
1.888867
1.561714
1.710815
1.881532
1.790344
1.430727
1.917433
1.666963
1.880511
1.358348
1.956282
1.727350
1.461178
1.811346
1.845163
1.980187
1.844028
1.886056
1.676142
1.753448
1.757430
1.841102
1.995070
1.368069
1.944070
1.888813
1.419242
1.874629
1.713056
1.757670
1.592072
1.792953
1.578197
1.497349
1.929401
1.928008
1.685125
1.930431
1.572067
1.718575
1.374684
1.909494
1.716294
1.961011
1.403394
1.767880
1.778652
1.764165
1.362421
1.996041
1.797076
1.620304
1.784587
1.755114
1.989185
1.914889
1.608542
1.828338
1.535044
1.918372
