1.945871
1.842742
1.882530
1.946959
1.961151
1.968586
1.912136
1.588796
1.799964
1.967966
1.859322
1.810870
1.778471
1.860151
1.830940
1.686421
1.794910
1.865369
1.994868
1.693066
1.569612
1.966988
1.993220
1.651644
1.962774
1.608874
1.961987
1.959941
1.850906
1.700984
1.588164
1.841435
1.941727
1.916867
1.794149
1.846982
1.633165
1.954478
1.668780
1.804219
1.662171
1.807440
1.618538
1.801136
1.848256
1.756338
1.775410
1.954432
1.892841
1.695778
1.889114
1.567191
1.586030
1.685212
1.800853
1.783333
1.737078
1.876806
1.922285
1.688660
1.967981
1.970984
1.812298
1.900913
1.807363
1.619522
1.720938
1.805252
1.699871
1.739936
1.856825
1.795621
1.916290
1.855533
1.582549
1.839051
1.857662
1.837834
1.594090
1.886684
1.684901
1.560838
1.504320
1.873156
1.950672
1.467300
1.597434
1.868410
1.730878
1.821481
1.965849
1.543867
1.995697
1.753466
1.559520
1.624992
1.984277
1.612393
1.358834
1.422034
1.895680
1.652550
1.764797
1.453700
1.707136
1.794641
1.736998
1.885773
1.759106
1.560478
1.947241
1.754290
1.986323
1.670858
1.536904
1.531947
1.917148
1.934875
1.392987
1.860137
1.559297
1.595801
1.466358
1.916633
1.657670
1.469872
1.842637
1.968257
1.542067
1.436532
1.967000
1.294071
1.524675
1.969184
1.989015
1.294866
1.655968
1.533332
1.149681
1.993082
1.431106
1.344526
1.880167
1.957210
