1.960441
1.926126
1.779666
1.910836
1.879245
1.683772
1.753461
1.881863
1.643374
1.764305
1.935776
1.900334
1.894916
1.940638
1.541246
1.984822
1.961692
1.868820
1.821753
1.800874
1.932943
1.769956
1.902402
1.879397
1.823532
1.839076
1.946180
1.847394
1.739559
1.901662
1.941082
1.932524
1.540387
1.874963
1.728786
1.944142
1.884233
1.908209
1.861968
1.589903
1.890894
1.945314
1.876149
1.860160
1.504172
1.838551
1.646088
1.347312
1.832229
1.996951
1.800138
1.842510
1.981797
1.641847
1.494431
1.893202
1.924144
1.734835
1.852762
1.921447
1.886170
1.810374
1.744423
1.963140
1.798845
1.416340
1.805471
1.772530
1.698172
1.743215
1.699160
1.617157
1.475146
1.381986
1.715817
1.782227
1.633675
1.613200
1.914199
1.466782
1.740850
1.722311
1.976839
1.943039
1.916007
1.584809
1.578462
1.434054
1.565092
1.716097
1.784482
1.895809
