1.999493
1.840392
1.970076
1.952845
1.860797
1.924643
1.945342
1.927800
1.967706
1.922630
1.782065
1.827955
1.982700
1.936586
1.716587
1.891221
1.905364
1.794199
1.711229
1.694619
1.922634
1.831726
1.625885
1.975954
1.567623
1.923768
1.833333
1.923278
1.967082
1.696539
1.703662
1.773942
1.971827
1.978765
1.971834
1.968966
1.498780
1.943555
1.894723
1.948081
1.477263
1.940739
1.942582
1.497796
1.736585
1.672939
1.706353
1.702422
1.514458
1.764121
1.976593
1.934810
1.949821
1.680492
1.814220
1.953892
1.934828
1.716912
1.582040
1.524964
1.657184
1.710793
1.839371
1.996224
1.987787
1.897001
1.673012
1.677817
1.776359
1.574881
1.640471
1.947356
1.887067
1.693308
1.804728
1.752969
1.858276
1.989506
1.727884
1.483080
1.706511
1.812770
1.813482
1.745487
1.745450
1.418211
1.941052
1.530710
1.881775
1.650265
1.802422
1.990813
1.665065
1.601609
1.684662
1.772760
1.862557
1.542640
1.650451
1.576458
1.955048
1.734894
1.771364
1.475439
1.815221
1.793361
1.641609
1.983455
1.980101
1.711278
1.730097
1.942709
1.983489
1.669686
1.681489
1.531212
1.975610
1.979132
1.798677
1.835876
1.415548
1.278188
1.739918
1.937095
1.529060
1.647144
1.874365
1.993029
1.276877
1.340741
1.670676
1.607397
1.707066
1.897856
1.537046
1.996837
1.435967
1.718537
1.558356
1.901288
1.499551
1.584562
1.682732
1.337727
1.960822
1.500338
1.843459
1.178343
1.697914
1.814391
1.299841
1.744914
1.254919
1.594817
1.483381
1.393369
1.446927
1.542836
1.681652
