1.930152
1.936397
1.601585
1.918583
1.949081
1.862664
1.993772
1.785126
1.855732
1.903435
1.953954
1.791681
1.860021
1.777518
1.972999
1.832647
1.915207
1.976638
1.857056
1.962383
1.904952
1.962875
1.848962
1.813456
1.710626
1.948536
1.804049
1.849183
1.950091
1.929872
1.918776
1.843818
1.953442
1.798076
1.830060
1.867036
1.848316
1.699027
1.997897
1.955684
1.640658
1.805784
1.576196
1.577694
1.747576
1.883774
1.702536
1.974863
1.684842
1.886674
1.924174
1.748772
1.818365
1.675567
1.795797
1.892304
1.998947
1.993843
1.984631
1.936190
1.852478
1.954971
1.728872
1.783418
1.709809
1.817605
1.987774
1.697293
1.941082
1.656284
1.919455
1.831123
1.546233
1.640929
1.952451
1.915059
1.744979
1.634202
1.837667
1.765238
1.863031
1.793343
1.773601
1.539797
1.906737
1.839462
1.984545
1.765997
1.813898
1.685726
1.597878
1.770575
1.792263
1.597323
1.657575
1.863293
1.623586
1.681328
1.515046
1.655378
1.912508
1.885179
1.900754
1.608903
1.675188
1.979797
1.941676
1.757463
1.875481
1.905406
1.722752
1.658569
1.691636
1.405284
1.763937
1.975621
1.852221
1.689800
1.497103
1.528106
1.512514
1.874884
1.741217
1.604147
1.582907
1.497772
1.594907
1.470416
1.541436
1.745224
1.563369
1.678536
1.936900
1.890010
1.846704
1.612301
1.500202
1.776256
1.347021
1.440920
1.910266
1.742725
1.703327
1.713255
1.352367
1.771245
1.336126
1.388735
1.973222
1.852801
1.721784
1.578902
1.838522
