1.719119
1.843536
1.760838
1.656096
1.607732
1.833794
1.432429
1.431846
1.395821
1.909448
1.830591
1.483704
1.982813
1.946655
1.723935
1.890370
1.848193
1.819884
1.779205
1.769288
1.509274
1.445447
1.959065
1.753629
1.788325
1.289081
1.910710
1.745429
1.553956
1.666597
1.769334
1.871049
1.823040
1.587501
1.609391
1.390988
1.617037
1.189822
1.678059
1.973979
1.759868
1.099685
1.844398
1.764928
1.812021
1.717605
1.857836
1.560903
1.956755
1.848391
1.931558
1.826096
1.821757
1.252825
1.442152
1.644340
1.156201
1.503413
1.373019
1.624805
1.691130
1.188267
1.774894
1.322569
1.966563
1.861598
1.900574
1.520529
1.743034
1.983153
1.411978
1.840604
1.633184
1.437999
1.646270
1.496046
1.391062
1.525137
1.792232
1.987396
1.177533
1.571499
1.465849
1.512284
1.199182
1.952171
1.677574
1.364528
1.765244
1.951857
1.619837
1.732079
1.481617
1.437502
1.460107
1.833615
1.309295
1.306131
1.594125
1.273642
1.993294
1.402961
1.550580
1.647538
1.431769
1.781650
1.729921
1.609066
1.811171
1.942318
1.918299
1.584387
1.608112
1.865548
1.842268
1.817636
1.605833
1.610378
1.787967
1.567401
1.687102
1.539732
1.270585
1.990035
1.071362
1.995995
1.571913
1.645841
1.846927
1.354145
1.182506
1.416573
1.878253
1.509603
1.394681
1.421410
1.240788
1.891959
1.678780
1.580763
1.971254
1.259319
1.255934
1.734326
1.992014
1.461442
1.544665
1.507565
1.677193
1.909023
1.481278
1.960534
1.989232
1.401303
1.684971
1.724270
1.569732
1.663353
1.322472
1.677140
1.320711
0.991374
1.984225
1.999809
1.376723
1.809706
1.725168
1.928838
1.959652
1.684331
1.175697
1.945194
1.706342
1.856685
1.617706
1.137054
1.998068
1.273420
1.994463
1.725849
1.938182
1.377871
1.462333
1.208770
1.645130
1.895444
1.783918
1.846296
1.520221
1.314546
1.918086
1.344313
1.956023
1.413190
1.527748
1.913709
1.751525
1.876070
1.564689
1.417780
1.109086
1.930517
1.322973
1.557177
1.015820
1.679867
1.833976
1.155062
0.998823
1.693593
1.404653
1.862046
1.928653
1.843048
1.860186
1.280219
1.723770
1.861733
1.632047
1.789333
1.747530
1.538451
1.473866
1.726074
1.994710
1.783277
1.937698
1.596942
1.474804
1.453502
1.770093
1.688932
1.257183
1.869755
1.652576
1.748910
1.692608
1.764138
1.800460
1.673331
1.407989
1.977401
1.447629
1.565790
1.867176
1.946523
1.850335
1.255478
1.918119
1.739103
1.945797
1.209104
1.798996
1.789393
1.478841
1.362742
1.478347
1.907664
1.241037
1.636016
1.864992
1.448278
1.974052
1.678535
1.901796
1.960464
1.921296
1.964928
1.103059
1.785797
1.969630
1.844451
1.277627
1.468631
1.958609
1.787188
1.830605
1.092083
1.997272
1.689093
1.257759
1.272547
1.924098
1.882240
1.712696
1.604105
1.605942
1.702258
1.493083
1.270103
1.242558
1.224819
1.379831
1.053704
1.561529
1.387482
1.310322
1.315015
1.384468
1.707939
1.991952
1.890288
1.139709
1.806617
1.528174
0.903421
1.909206
1.208336
1.382712
1.299995
1.838171
1.411106
1.244876
1.659908
1.669908
1.994259
1.629058
1.504325
1.627890
1.829517
1.729386
1.527081
1.882095
1.487446
1.079941
1.473110
1.171461
1.590028
1.239623
1.493195
1.923052
1.906782
1.681977
1.976825
1.763298
1.392018
1.866479
1.294919
1.260444
1.410066
1.865067
1.557863
1.553436
1.143759
1.615920
1.228030
1.801935
1.271621
1.797177
1.331385
1.295434
1.447898
1.373014
1.522683
1.296248
1.781327
1.199643
1.291329
1.864036
1.583847
1.713506
1.194738
1.844595
1.395403
1.292363
1.534998
1.787375
1.855124
1.512742
1.151064
1.892349
1.259609
1.011749
1.593265
1.587754
1.952999
1.088348
1.934589
1.762343
1.805323
1.673290
1.991536
1.595290
1.871552
1.968141
1.322009
1.942143
1.671080
1.933566
1.964053
1.465945
1.935686
1.263907
1.841962
1.856175
1.117653
1.498158
1.558637
1.673878
1.955377
1.992547
1.048199
1.169629
1.993390
1.958078
1.244487
1.385688
1.925180
1.469336
1.007459
1.649486
1.607868
1.897959
1.642394
1.607343
1.536339
1.842897
1.160570
1.656140
1.410564
1.857532
1.305314
1.672311
1.768133
1.268260
1.169099
1.386733
1.827537
1.237669
1.960992
1.319469
1.450863
1.192763
1.630197
1.659518
1.988557
1.216481
1.420917
1.615183
1.653371
1.779843
1.604723
1.199295
1.179290
1.716422
1.192247
0.909590
1.207740
1.813760
1.713331
1.618243
1.394602
1.016136
1.729340
1.944828
1.691494
1.494242
1.317954
1.584290
1.283619
1.146048
1.881573
1.686429
1.910050
1.943222
1.266738
1.860816
1.989288
1.595353
1.980383
0.865576
1.984586
1.728662
1.905742
1.541960
1.523301
1.421527
0.951559
1.891138
1.543354
1.943488
1.681175
1.109373
1.318475
1.813016
1.221857
1.364623
1.732486
1.596184
1.393838
1.553652
1.558552
1.238329
1.258904
1.255860
1.869568
1.954772
1.167620
1.066564
1.123461
1.717494
1.135379
1.709618
1.251348
1.451699
1.596724
1.966091
1.378286
1.086794
1.230369
1.841912
1.407820
1.260599
1.337983
1.901016
1.838767
1.786879
1.150201
1.561602
1.041986
1.715147
1.775075
1.711080
1.260815
1.794417
1.639599
1.909828
1.482084
1.691737
1.366196
1.987659
1.632625
1.282122
1.463207
1.735427
0.994059
1.151779
1.880016
1.726671
1.331561
1.430019
1.418462
1.337566
1.097658
1.071287
1.886210
1.523007
1.391060
1.211779
1.587673
1.937074
1.192236
1.227844
1.677400
1.292530
1.792440
1.353906
1.419301
1.495048
1.576736
1.165862
1.566401
1.065297
1.458653
1.524379
1.587517
1.229519
1.513125
1.552858
1.529700
1.336039
1.779346
1.661097
1.157773
1.768175
1.945924
1.569233
1.909582
1.782396
1.589799
1.888853
1.348384
1.739551
1.935982
1.380863
1.291586
1.456262
1.300629
1.167256
1.387594
1.072521
1.976575
1.567703
1.722994
1.250386
1.573094
1.407121
1.954700
1.653386
0.928526
1.390409
1.697070
0.944152
1.530362
1.226348
1.604386
1.988904
1.221902
1.627716
1.690202
1.962502
1.742079
1.035423
0.910251
0.971365
1.482044
1.773614
1.573011
1.486115
1.351370
1.053571
1.906222
1.288147
1.765746
1.935875
1.409949
1.755637
1.708308
1.304020
1.910933
1.546414
1.985279
1.748958
1.787152
1.697751
1.356293
0.939411
1.447703
1.321898
1.714935
1.691637
1.950874
1.463787
1.802877
1.694567
1.680005
0.962306
1.028038
1.415816
1.509093
1.372412
1.340701
1.011102
1.418958
1.564314
1.633249
1.579944
1.678783
1.663199
1.254525
1.630382
1.894956
1.996515
1.270300
1.377018
1.630743
1.753446
1.463201
1.374473
1.757688
1.447570
1.245832
1.924736
1.940227
1.747252
0.955361
1.256910
1.165022
1.848280
1.921672
1.593347
1.352023
1.368893
1.897130
1.326165
1.252141
1.108696
1.886038
0.955683
0.835308
1.622940
1.263269
1.722401
1.360194
1.866663
1.437336
1.064719
1.338850
0.856922
1.570299
1.895735
1.888102
1.465120
1.003094
1.831291
1.295671
1.748432
1.678456
1.343481
1.689831
1.719939
1.470517
1.405123
1.520071
1.362476
1.257961
1.784734
1.696789
0.968275
1.886893
1.901215
1.311636
1.426443
1.205580
1.587773
1.807240
1.845993
0.865516
1.366759
1.513888
1.928885
1.884337
1.228672
1.922127
1.572940
1.662382
1.303575
0.951332
1.773685
0.943891
1.578796
1.185841
1.873075
1.281203
1.914436
1.414815
1.949703
1.645466
1.540319
1.075583
1.387429
1.851859
1.815311
1.756634
1.830438
1.795206
1.314954
0.896503
1.991977
1.328025
1.089163
1.793646
1.509855
1.722088
1.422846
1.911785
1.423330
1.493776
1.297515
1.411794
1.803150
0.984286
1.990411
1.384741
1.810127
1.870112
1.105586
1.780821
1.887735
1.309723
1.813426
1.352637
1.979784
1.523980
1.659944
1.168797
1.082178
1.257010
1.661479
1.536379
1.285895
1.099531
1.531662
1.047541
1.899037
1.974605
1.555176
0.810869
1.899035
1.607978
0.860616
1.809573
1.551239
1.955541
1.163504
1.809872
1.016006
1.030773
1.049553
1.866454
1.188779
1.408050
1.069023
1.357070
1.586464
0.962423
1.394036
0.999268
0.980406
1.969205
1.736123
1.620805
1.053440
1.680448
1.009563
1.880847
1.115292
1.868449
1.489325
1.794499
1.529764
1.254616
1.719003
1.129923
1.771093
1.234102
1.514762
1.960767
1.563859
1.662442
1.250029
1.148081
1.585174
0.985864
1.532245
1.194609
1.924891
