1.841477
1.887733
1.988737
1.894174
1.979033
1.974730
1.958077
1.811920
1.956518
1.918816
1.648912
1.854765
1.877134
1.877839
1.944304
1.894330
1.974789
1.772784
1.973809
1.868320
1.870589
1.863528
1.910721
1.942264
1.945672
1.927422
1.758314
1.790101
1.957377
1.974284
1.974084
1.933845
1.673047
1.711108
1.991689
1.984806
1.615204
1.685496
1.831637
1.588259
1.912373
1.937565
1.901615
1.979572
1.953491
1.916176
1.832664
1.909379
1.833746
1.637557
1.795218
1.964301
1.683319
1.982665
1.938177
1.982440
1.724053
1.862286
1.782699
1.673373
1.804712
1.702490
1.899976
1.942181
1.658377
1.600298
1.742453
1.961473
1.816252
1.863240
1.817201
1.628539
1.718853
1.793686
1.833858
1.509803
1.710416
1.849010
1.431633
1.823712
1.993135
1.719090
1.731158
1.677757
1.919537
1.839213
1.695009
1.765044
1.810134
1.502118
1.976340
1.774841
1.694128
1.955100
1.833432
1.876194
1.940492
1.632452
1.818008
1.664928
1.853248
1.665126
1.609404
1.668891
1.547015
1.792639
1.843526
1.950720
1.963701
1.446795
1.582310
1.743749
1.864364
1.987452
1.928711
1.953103
1.999854
1.775379
1.519530
1.693569
1.877636
1.710484
1.605968
1.698881
1.470955
1.715319
1.774289
1.829525
1.836335
1.566625
1.715025
1.502991
1.634274
1.919308
1.433194
1.566426
1.539779
1.847986
1.880380
1.981415
1.828751
1.788343
1.371043
1.894173
1.395030
1.931592
1.653677
1.488612
1.767582
1.653534
1.417050
1.522766
1.641204
1.874190
1.815599
1.752770
1.860959
1.638020
1.939575
1.345158
1.392250
1.627355
1.842542
1.754041
1.606072
1.728739
1.554910
1.742692
1.686781
1.813856
1.441304
1.925496
1.964033
1.703801
1.839268
1.639339
1.504820
1.232929
1.855921
1.718325
1.426700
1.975200
1.768074
1.685211
1.243895
1.601039
1.485485
1.673951
1.344680
1.725867
1.853854
1.708891
