1.895055
1.989066
1.915267
1.960655
1.881950
1.952177
1.997123
1.916358
1.978548
1.862205
1.857753
1.931536
1.982569
1.965382
1.967134
1.913639
1.923681
1.948116
1.909267
1.969828
1.697618
1.862233
1.935419
1.945097
1.977037
1.535013
1.748447
1.769434
1.817960
1.773915
1.773951
1.873035
1.932918
1.990333
1.997615
1.844344
1.685225
1.889805
1.826444
1.917644
1.910282
1.605911
1.785591
1.840532
1.645063
1.763662
1.823909
1.652536
1.828278
1.835782
1.610904
1.616630
1.883068
1.880852
1.885559
1.786691
1.729688
1.923434
1.460383
1.741351
1.794347
1.876946
1.913435
1.798432
1.909176
1.571673
1.567449
1.922619
1.897246
1.705918
1.889557
1.966753
1.558185
1.784676
1.998009
1.526872
1.487703
1.851071
1.734397
1.716337
1.968727
1.966237
1.878786
1.826157
1.641966
1.883515
1.805332
1.989170
1.555840
1.858759
1.439949
1.678703
1.659846
1.526885
1.854782
1.900017
1.895310
1.770168
1.894614
1.673088
1.621511
1.507268
1.924163
1.994045
1.574623
1.536244
1.800058
1.638178
1.855378
1.615818
1.558738
1.814962
1.927112
1.926844
1.819605
1.713442
1.741743
1.963684
1.437927
1.603781
1.647790
1.647737
1.537290
1.908632
1.775297
1.605626
1.598535
1.883115
1.986612
1.570518
1.877561
1.728133
1.812330
1.588891
1.585193
1.659245
1.308030
1.991746
1.329046
1.657921
1.806540
1.507744
1.446818
1.720796
