1.928963
1.842353
1.992977
1.957709
1.786155
1.964382
1.986801
1.899717
1.958851
1.953092
1.842844
1.998494
1.887050
1.984459
1.770049
1.987212
1.952087
1.654383
1.770313
1.850116
1.768461
1.971562
1.976576
1.939759
1.814962
1.799936
1.828529
1.789505
1.856949
1.982745
1.925412
1.930808
1.970557
1.935274
1.891229
1.830940
1.757720
1.716209
1.833941
1.926736
1.556788
1.817413
1.725972
1.716526
1.849238
1.725644
1.883818
1.900782
1.669337
1.848961
1.653042
1.983934
1.704438
1.704177
1.919054
1.518478
1.721887
1.812628
1.643970
1.668927
1.746258
1.489745
1.649597
1.937669
1.795677
1.910690
1.926739
1.772732
1.985040
1.357814
1.646133
1.939406
1.842327
1.958848
1.983193
1.894378
1.816224
1.772539
1.642580
1.659041
1.681637
1.775704
1.722706
1.982393
1.713372
1.868088
1.978458
1.574107
1.950913
1.883068
1.756282
1.853735
1.824205
1.808146
1.455888
1.982963
1.885598
1.705567
1.889992
1.512848
1.737422
1.949937
1.971290
1.527865
1.603218
1.437865
1.986403
1.976227
1.831058
1.574482
1.896662
1.917475
1.482687
1.840889
1.851669
1.526261
1.866724
1.560570
1.568535
1.915564
1.989813
1.933953
1.480483
1.687115
1.454871
1.981892
1.743086
1.953263
1.452273
1.400921
1.815958
1.857899
1.657599
1.617246
1.716183
1.783684
1.795403
1.715192
1.552710
1.459178
1.720259
1.926170
1.481037
1.972064
1.645280
1.520698
1.623985
1.902269
1.362754
1.747843
1.716370
1.526314
1.748069
1.936664
