1.949664
1.887885
1.782990
1.792140
1.806522
1.477794
1.548778
1.811788
1.949670
1.753051
1.692583
1.623668
1.741190
1.932152
1.678122
1.729874
1.913497
1.968741
1.970842
1.975964
1.926889
1.813899
1.867089
1.605057
1.855172
1.508533
1.670927
1.988827
1.923173
1.712123
1.416926
1.574037
1.746641
1.844763
1.933042
1.664011
1.909157
1.835396
1.800770
1.460630
1.443852
1.626444
1.763323
1.568113
1.950161
1.691453
1.852276
1.848760
1.576403
1.566088
1.773760
1.627670
1.809832
1.910028
1.986939
1.799055
1.652650
1.796350
1.710262
1.580563
1.675958
1.557013
1.979694
1.772274
1.748576
1.851197
1.490718
1.966987
1.826029
1.515576
1.721830
1.715508
1.916478
1.763675
1.901021
1.426927
1.965353
1.645562
1.804493
1.239589
1.861867
1.867336
1.659579
1.412327
