1.555927
1.658985
1.712358
1.998766
1.314576
1.502788
1.605399
1.821177
1.955071
1.768847
1.964226
1.511916
1.906378
1.930981
1.293970
1.866697
1.229044
1.940418
1.924956
1.598798
1.186616
1.435690
1.472930
1.216017
1.834907
1.964565
1.476870
1.772980
1.726884
1.790409
1.458186
1.789121
1.857120
1.055132
1.789961
1.662097
1.878263
1.924688
1.208706
1.743496
1.341551
1.780757
1.668853
1.687036
1.612839
1.575002
1.269273
1.914115
1.535261
1.798666
1.411968
1.040861
1.876085
1.849822
1.283100
1.777829
1.637249
1.976454
1.342350
1.859293
1.813945
1.573996
1.462657
1.791355
1.696160
1.999856
1.723155
1.411666
1.968951
1.730854
1.408602
1.233875
1.454367
1.175809
1.602174
1.562185
1.155355
1.792802
1.459187
1.538165
1.420179
1.993717
1.995279
1.643735
1.838910
1.702175
1.641477
1.582799
1.359954
1.812829
1.170425
1.875020
1.596933
1.613235
1.858528
1.820973
1.432578
1.753355
1.673848
1.687492
1.204319
1.197518
1.972791
1.799707
1.218415
1.610703
1.620453
1.937754
1.554353
1.766467
1.978572
1.644029
1.594797
1.583775
1.704587
1.458862
1.931378
1.250642
1.960751
1.459529
1.741700
1.925320
1.584847
1.731496
1.549404
1.250093
1.812610
1.643127
1.853956
1.855418
1.975267
1.866823
1.275060
1.138303
1.829056
1.188590
0.945736
1.220046
1.730989
1.773210
1.968255
1.428776
1.580796
1.302581
1.027176
1.808751
1.636216
1.576161
1.331868
1.981393
1.431076
1.993414
1.565916
1.640017
1.903318
1.857391
1.494282
1.825431
1.364380
1.484443
1.731570
1.253940
1.710398
1.687246
1.404091
1.997968
1.430264
1.390066
1.529384
1.951376
1.891607
1.949517
1.156930
1.441218
1.987190
1.272180
1.860872
1.886495
1.279778
1.293849
1.404175
1.129774
1.319309
1.274428
1.989140
1.322521
1.904481
1.008462
1.797519
1.343275
1.577479
1.737220
1.678342
1.984185
1.668033
1.372815
1.798448
1.369343
1.196906
1.964521
1.804623
1.096611
1.844413
1.874175
1.166240
1.935848
1.510648
1.913349
1.467242
1.432440
1.606641
1.511633
1.836164
1.227672
1.924021
1.890320
1.053096
1.114826
1.707480
1.833239
1.100846
1.242121
1.218819
1.749477
1.648201
1.575120
1.904258
1.272569
0.917939
1.749158
1.839837
1.925426
1.319327
1.184987
1.549036
1.519617
1.980692
1.278595
1.196556
1.774653
1.598527
1.989210
1.559595
1.645879
1.699790
1.815973
1.410485
1.478004
1.714967
1.050130
1.987741
1.045130
0.979769
1.538200
1.303408
1.855146
1.633906
1.434048
1.203917
1.441637
1.957155
1.914377
1.996887
1.978904
1.842362
1.925834
1.877413
1.953970
1.094117
1.421208
1.931990
1.394549
1.718531
1.745043
