1.926806
1.930058
1.972794
1.901015
1.826807
1.874383
1.938986
1.938101
1.539690
1.682434
1.897558
1.982053
1.625207
1.965484
1.815456
1.929963
1.789545
1.953780
1.844941
1.673011
1.810482
1.986584
1.919669
1.699988
1.838382
1.946627
1.740270
1.569824
1.893915
1.718735
1.921003
1.759701
1.800272
1.784011
1.665520
1.857290
1.758376
1.806164
1.876407
1.783738
1.753874
1.402117
1.562162
1.582822
1.991465
1.896126
1.537663
1.572313
1.589513
1.790733
1.873894
1.789721
1.947411
1.710504
1.627348
1.938983
1.521666
1.938088
1.942206
1.425638
1.958814
1.836048
1.665466
1.740291
1.645601
1.922041
1.600293
1.918500
1.963919
1.292261
1.582761
1.610776
1.425959
1.528546
1.390486
1.530757
