1.915222
1.945088
1.846762
1.933014
1.962933
1.918786
1.983862
1.866609
1.926792
1.765827
1.872724
1.935203
1.913668
1.991019
1.850848
1.882263
1.972390
1.881485
1.907338
1.722406
1.821877
1.984133
1.879793
1.891128
1.988005
1.808369
1.945278
1.979616
1.986968
1.975630
1.976677
1.999859
1.920164
1.948508
1.962524
1.556611
1.950280
1.653141
1.559469
1.619861
1.737597
1.834061
1.790776
1.883724
1.688673
1.702633
1.807686
1.957723
1.629198
1.929004
1.780816
1.605012
1.826365
1.753188
1.972867
1.934516
1.936100
1.980092
1.729241
1.784845
1.901488
1.571159
1.653570
1.878138
1.736315
1.587477
1.888912
1.989153
1.862894
1.803024
1.968135
1.742095
1.730874
1.933573
1.909085
1.932183
1.830223
1.621075
1.577090
1.941248
1.616432
1.899566
1.849603
1.479655
1.627280
1.392074
1.445535
1.679713
1.639942
1.938614
1.570931
1.862911
1.702736
1.372369
1.915097
1.760519
1.975975
1.431254
1.806268
1.602555
1.952355
1.726380
1.998792
1.825024
1.631716
1.359354
1.637482
1.758638
1.836454
1.576726
1.543886
1.448471
1.984641
1.458864
1.821379
1.894290
1.775427
1.428955
1.794631
1.922963
1.973942
1.833975
1.907591
1.935791
1.306024
1.385028
1.332666
1.751265
1.378251
1.641273
1.770448
1.653685
1.793403
1.824122
1.930041
1.881735
1.833886
1.903256
1.841488
1.283951
1.912923
1.948095
1.883557
1.949019
1.507103
1.579136
1.783237
1.977950
1.411678
1.739074
1.367721
1.667298
1.489344
1.722817
1.930891
1.335442
1.595043
1.495292
1.299011
1.761824
1.471234
1.917033
1.758897
1.879818
1.773068
1.499256
1.595824
1.236382
1.750528
