1.744454
1.770734
1.725429
1.801217
1.552786
1.933546
1.968006
1.446848
1.845689
1.824234
1.869041
1.820500
1.876115
1.836790
1.834058
1.727174
1.675316
1.737765
1.857919
1.684543
1.742408
1.642016
1.816594
1.672735
1.659463
1.961040
1.920125
1.508178
1.728897
1.687486
1.930646
1.683581
1.951149
1.941969
1.908395
1.921442
1.734910
1.872288
1.776602
1.856991
1.694556
1.830212
1.586271
1.569325
1.847424
1.989609
1.690036
1.907816
1.989548
1.593418
1.566142
1.547831
1.553909
1.559450
1.929563
1.970674
1.930882
1.636775
1.823079
1.733841
1.812363
1.821656
1.515844
1.653581
1.992175
1.461069
