1.827700
1.851930
1.973515
1.983748
1.934978
1.808548
1.812950
1.824858
1.995781
1.926681
1.892710
1.951719
1.979130
1.688333
1.876998
1.656634
1.788342
1.921224
1.854904
1.651030
1.902397
1.946507
1.843238
1.841542
1.833275
1.950639
1.985260
1.750224
1.987363
1.810253
1.786398
1.846246
1.970746
1.671716
1.686007
1.790923
1.402585
1.675440
1.756001
1.935140
1.812580
1.795229
1.910972
1.734858
1.917256
1.998641
1.925913
1.909987
1.837325
1.990158
1.599428
1.662974
1.916709
1.685597
1.623230
1.515522
1.739411
1.752034
1.693711
1.863696
1.610236
1.816394
1.978761
1.763775
1.600840
1.823256
1.644798
1.991712
1.946961
1.659886
1.897168
1.805864
1.812672
1.906459
1.834098
1.769069
1.786721
1.753826
1.944495
1.639922
1.910533
1.721406
1.461547
1.909637
1.763075
1.959150
1.711675
1.440961
1.839355
1.799116
1.506547
1.950157
1.614672
1.788135
1.894095
1.733784
1.915497
1.504500
1.424265
1.956225
1.933550
1.895400
1.974157
1.526964
1.762969
1.853955
1.704546
1.748358
1.722313
1.554122
1.637030
1.923275
1.716944
1.619507
1.777326
1.316985
1.858776
1.642071
1.479720
1.815945
1.760642
1.433555
1.960289
1.421669
1.676256
1.520971
1.565037
1.361516
1.980907
1.900601
1.452567
1.448035
1.919543
1.951672
1.584213
1.897366
1.376675
1.320713
1.848693
1.349709
1.945791
1.657969
