1.831106
1.453871
1.584937
1.969514
1.948801
1.872991
1.973822
1.869853
1.401880
1.874084
1.695857
1.806518
1.717248
1.602810
1.287599
1.812808
1.220409
1.687467
1.954323
1.614451
1.421134
1.509024
1.584605
1.994465
1.624302
1.879765
1.760768
1.295496
1.962389
1.901030
1.507344
1.830766
1.448624
1.211324
1.930622
1.325952
1.808693
1.510413
1.397886
1.273250
1.673834
1.593256
1.299174
1.890298
1.534534
1.597276
1.884284
1.660847
1.546995
1.821077
1.766219
1.931453
1.414925
1.833332
1.604971
1.741381
1.883056
1.394346
1.574341
1.820594
1.836978
1.418830
1.419315
1.409698
1.979299
1.874121
1.534779
1.862152
1.686504
1.829882
1.679606
1.854473
1.985072
1.089746
1.074409
1.378148
1.628711
1.838277
1.782739
1.768402
1.585729
1.895436
1.993690
1.740533
1.806336
1.985078
1.560765
1.541443
1.536977
1.775942
1.550085
1.930802
1.797737
1.526844
1.308189
1.107153
1.560952
1.586593
1.255646
1.856696
1.775736
1.760255
1.841287
1.986316
1.869674
1.904868
1.174798
1.549991
1.430216
1.675718
1.401953
1.442761
1.825510
1.217746
1.603586
1.678220
1.421026
1.483972
1.761311
1.206845
1.651036
1.545264
1.982548
1.440935
1.954723
1.796292
1.770967
1.667643
1.966500
1.416734
1.463576
1.789616
1.191231
1.905100
1.321040
1.519786
1.554656
1.736743
1.198384
1.705444
1.335838
1.965744
1.658546
1.988290
1.685929
1.939462
1.750461
1.761808
1.147038
1.505253
1.335935
1.652780
1.235599
1.941543
1.736440
1.424041
1.762590
1.306392
1.808981
1.783852
1.716299
1.819431
1.733640
1.649254
1.844171
1.878966
1.851641
1.840271
1.528221
1.590472
1.625358
1.870221
1.786481
1.144718
1.724148
1.954377
1.333475
1.742759
1.515156
1.884330
1.966762
1.127857
1.683231
1.703260
1.988780
1.741911
1.520591
1.428044
1.534357
1.897417
1.988790
1.634473
1.469447
1.249822
1.476617
1.676048
1.930911
1.699881
1.708085
1.418722
1.560315
1.166537
1.687261
1.910659
1.313874
1.635768
1.051232
1.951255
1.871237
1.880539
1.831624
1.623281
1.411947
1.383810
1.706786
1.918203
1.091845
1.651730
1.719921
1.482182
1.812021
1.506969
1.411774
1.770919
1.696616
0.942465
1.776111
1.775500
1.997087
1.265713
1.307494
1.452533
1.487672
1.696085
1.810037
1.848501
1.511494
1.799808
1.653255
1.337008
1.393991
1.912936
1.648073
1.865098
1.451892
1.811254
1.298445
1.772348
1.698940
1.800221
1.844400
1.814919
1.459937
1.401152
1.797400
1.391353
1.173760
1.356319
1.983434
1.979693
1.352997
1.654822
1.106252
1.822485
1.865141
1.269286
1.597471
1.673371
1.564345
1.756250
1.283337
1.952208
1.187170
1.058878
1.733258
1.573982
1.526666
1.288437
1.318010
1.701073
1.277331
1.580846
1.973619
1.783301
1.675405
1.637331
1.877128
1.926345
1.848486
1.308247
1.985055
1.159263
1.679658
1.494711
1.674095
1.382122
1.347982
1.790457
1.670441
1.945308
1.314926
1.230516
1.829088
1.915105
1.332015
1.255030
1.370395
1.990578
1.472575
1.262031
1.965023
1.702306
1.989580
1.515257
1.573995
1.594644
1.327967
1.304858
1.220439
1.761764
1.520782
1.820342
1.258252
1.756216
1.706929
1.344183
1.821340
1.568556
1.966920
1.318451
1.992123
1.579690
1.810304
1.281094
1.807200
1.526012
1.278423
1.060399
1.283848
1.059962
1.925567
1.827694
1.357630
1.308385
1.464775
1.940186
1.751323
1.788410
1.717309
1.780163
1.735515
1.853228
1.024583
1.577348
1.997728
1.306446
1.560281
1.467252
1.172285
1.121358
1.531889
1.864196
1.412653
1.455920
1.678848
1.467403
1.396649
1.869476
1.764121
1.736723
1.605215
1.491472
1.819857
1.904974
1.986248
1.878497
1.975131
1.763148
1.418951
1.090093
1.964629
1.449260
1.235493
1.836142
1.816417
1.582341
1.632994
1.124337
1.590410
1.156832
1.149817
1.988698
1.743287
1.258522
1.631970
1.349449
1.513977
1.928875
1.553212
1.703746
1.920844
1.822692
1.101228
1.388091
1.824869
1.606668
1.468448
1.964107
1.459892
1.195037
1.251384
1.871787
1.711044
0.911389
1.744206
1.887630
1.838928
1.909921
1.591066
1.453426
1.328442
1.598247
1.811204
1.361615
1.289497
1.312901
1.854736
1.768535
1.687548
1.920152
1.339192
1.181807
1.123720
1.516308
1.931725
1.254682
1.953771
1.567521
1.747985
1.366382
1.437402
1.271155
1.792823
1.391221
1.552128
1.500438
1.378195
1.250318
1.579614
1.597406
1.250467
1.872785
1.421380
1.167248
1.383592
1.221559
1.550595
1.916086
1.009879
1.063233
1.773384
1.781064
1.097921
1.206269
1.074753
1.568107
1.482060
1.939190
1.715846
1.526991
1.230121
1.890054
1.624551
1.342439
1.399120
1.586794
1.693516
1.688134
1.473027
1.401779
1.399606
1.595445
1.638944
1.632994
1.952578
1.725485
1.879234
1.747719
1.416764
1.465137
1.325201
1.948045
1.529008
1.473073
1.320770
1.069146
1.920449
1.770394
1.143330
1.402739
1.796974
1.899841
1.663134
1.904446
1.718664
1.322816
1.569520
1.983862
1.320949
1.273731
1.374115
1.254161
1.693585
1.335351
1.629780
1.953158
1.244276
1.343807
1.901379
1.486614
1.753343
1.800184
1.760288
1.292403
0.989488
1.952263
1.747409
1.985086
1.813448
1.432183
1.239022
1.249515
1.981713
1.656265
1.604763
0.969883
1.641589
1.368158
1.459298
1.897749
1.591074
0.976698
1.929852
1.275575
1.493726
1.197107
1.271376
1.859528
1.172492
1.730690
1.728756
1.874769
1.311107
1.323871
1.486909
1.247504
1.181063
1.660106
1.759523
1.108513
1.460460
1.721595
1.887280
1.131513
1.964688
1.256332
1.633872
1.919761
1.815238
1.734054
1.115646
1.263581
1.420865
1.014723
1.306172
1.782321
1.366929
1.052429
1.986169
1.227147
0.871734
1.947444
1.371527
1.036808
1.694513
1.626540
1.887874
1.087674
1.246085
1.352706
1.959119
1.619140
1.575276
1.268370
1.772906
1.200129
1.979202
1.945516
1.349669
1.712583
1.985112
1.579353
1.618530
1.992185
1.050158
1.351106
1.208588
1.591402
1.441891
1.379076
1.331559
1.768863
1.609061
1.128680
0.848245
1.688331
1.525094
1.828600
0.935239
1.316350
1.878280
1.936983
1.292768
1.739601
1.322965
1.879555
1.692093
1.967007
1.588532
1.576240
1.494373
1.864457
1.581271
1.939750
1.866252
1.481689
1.401466
1.810003
1.646172
1.754130
1.369551
1.602435
0.873332
1.531173
1.127820
1.479595
1.349544
1.893035
1.143433
1.334801
1.368401
1.561742
1.760337
1.742361
1.636664
1.873933
1.542661
1.993683
1.055280
1.988415
1.596587
1.099838
1.945336
1.818067
1.949946
1.192022
1.837748
1.050832
1.152091
1.296665
1.319659
1.820886
1.387180
1.432129
1.428910
0.961385
1.317279
1.628150
1.017794
1.736271
1.629609
1.656047
1.468991
1.968071
1.473864
1.883462
1.046232
1.687582
1.628478
1.620907
1.177388
1.736722
1.337284
0.979736
1.805922
1.810817
1.831097
1.608258
1.524410
0.876278
1.954944
1.954681
1.767782
1.950982
1.056880
1.404908
1.767716
1.631115
1.187780
1.889755
1.236721
1.753859
1.834961
1.227850
1.955033
1.573288
1.009531
1.859594
1.496879
1.458365
1.221698
1.942823
1.680614
1.368370
1.194633
1.955562
0.997782
1.425065
1.627923
1.755945
1.445941
1.295905
1.427036
1.442637
0.997900
1.608319
1.763723
1.355876
1.503228
1.885728
1.390903
1.487662
1.786402
1.089118
1.426970
0.916755
1.724556
1.393936
1.958331
1.904323
0.838364
1.744912
1.980622
1.751140
1.862309
1.230684
1.869953
1.965192
1.988718
1.942403
1.998002
1.048525
1.556491
1.724468
1.107343
0.946330
1.756045
1.271170
1.668743
1.277728
1.906913
1.372855
1.094602
1.891896
1.555936
1.352222
0.977322
1.643312
1.155404
1.118239
1.871055
1.656075
1.339531
1.372760
1.437978
1.527302
1.505761
1.272447
1.619222
1.635595
1.816110
1.552814
1.309471
1.262442
1.328605
1.507785
1.504988
1.647973
