1.776443
1.963391
1.850995
1.795957
1.900180
1.994959
1.788800
1.977180
1.898555
1.783353
1.875083
1.989661
1.945308
1.926422
1.854392
1.807463
1.847947
1.946938
1.926484
1.894768
1.827433
1.726828
1.949606
1.836212
1.976391
1.982968
1.819480
1.858536
1.947347
1.956609
1.989681
1.871301
1.798683
1.921281
1.780665
1.923725
1.729603
1.783862
1.855074
1.969364
1.662135
1.816148
1.859770
1.721563
1.963732
1.798158
1.935908
1.921833
1.995895
1.663608
1.849238
1.717430
1.633532
1.739034
1.942215
1.820681
1.826742
1.929529
1.805173
1.831813
1.954577
1.940801
1.667632
1.788450
1.864754
1.710388
1.625667
1.888765
1.905139
1.735287
1.963913
1.785065
1.787764
1.838799
1.927935
1.932155
1.835822
1.994748
1.930027
1.779881
1.899677
1.890446
1.902115
1.665828
1.902110
1.755720
1.867786
1.588875
1.712836
1.681046
1.579530
1.978858
1.759404
1.982484
1.603610
1.988933
1.630205
1.763956
1.906195
1.982286
1.544853
1.525236
1.987954
1.632771
1.824390
1.784744
1.765345
1.945127
1.446310
1.504345
1.778066
1.476661
1.957420
1.578681
1.841979
1.791321
1.819573
1.606516
1.811384
1.610484
1.471506
1.474690
1.384888
1.432242
1.636642
1.433023
1.541753
1.916324
1.928792
1.689906
1.534959
1.521652
1.560141
1.413248
1.985332
1.507559
1.763079
1.698397
1.954804
1.977310
1.703815
1.480239
1.974052
1.467830
1.647963
1.857970
1.892339
1.982702
1.847574
1.988656
1.734783
1.956267
1.495143
1.568043
1.633771
1.312580
1.677055
1.732662
1.926347
1.973334
1.835701
1.728967
