1.965551
1.855462
1.898302
1.990628
1.796890
1.526722
1.402357
1.876950
1.380811
1.958755
1.973099
1.830972
1.737548
1.645737
1.865138
1.877065
1.943989
1.895299
1.547189
1.669201
1.456646
1.992935
1.400282
1.951803
1.682958
1.743293
1.722581
1.758351
1.881262
1.934959
1.480822
1.981248
1.838569
1.465552
1.700410
1.889659
1.503900
1.797130
1.944574
1.999978
1.820328
1.879710
1.805208
1.592770
1.992224
1.633781
1.570264
1.955153
1.960424
1.538083
1.489198
1.823410
1.668688
1.665166
1.991900
1.710312
1.532770
1.915651
1.559715
1.510752
1.863135
1.905857
1.772925
1.935010
1.564461
1.401565
