1.805391
1.848297
1.783504
1.824119
1.947542
1.907745
1.806888
1.958588
1.971838
1.849592
1.867252
1.950922
1.996690
1.996285
1.879950
1.961070
1.911289
1.972921
1.983921
1.985756
1.878753
1.897856
1.715817
1.735561
1.897991
1.614385
1.877253
1.799151
1.763486
1.690954
1.663377
1.959184
1.717852
1.989785
1.811653
1.619157
1.773420
1.945678
1.898739
1.774222
1.943202
1.766175
1.974341
1.822202
1.532267
1.887408
1.950968
1.709216
1.537529
1.934214
1.800318
1.832099
1.887740
1.986549
1.877196
1.676082
1.708434
1.815347
1.610186
1.852199
1.914284
1.989822
1.720612
1.790708
1.846561
1.865290
1.857838
1.708596
1.882720
1.420541
1.953724
1.737949
1.826066
1.817135
1.851654
1.855811
1.654759
1.612453
1.897934
1.951005
1.568125
1.508745
1.942804
1.551341
1.952494
1.725322
1.980262
1.649654
1.874215
1.769553
1.572300
1.698353
1.795019
1.939692
1.946990
1.473259
1.594023
1.654760
1.820063
1.719621
1.452320
1.685850
1.590468
1.747486
1.662983
1.967956
1.843700
1.582159
1.579921
1.933268
1.785973
1.836575
1.923596
1.679844
1.544922
1.534219
1.671863
1.800723
1.706303
1.852408
1.666564
1.717707
1.620678
1.569988
1.757048
1.801723
1.808891
1.452624
1.653877
1.979949
1.960886
1.729677
1.794009
1.641391
1.970543
1.657169
1.873493
1.827103
1.654329
1.890203
1.979240
1.354454
1.941505
1.657353
1.836043
1.846536
1.926576
1.380559
1.644871
1.329549
1.386432
1.928824
1.474940
1.377369
1.452593
1.864825
1.651794
1.312542
1.607182
1.369231
1.735793
1.551226
1.948297
1.851646
1.555531
1.272417
1.511126
1.701261
1.937833
