1.815681
1.860260
1.896424
1.867075
1.909603
1.938231
1.870248
1.880088
1.870680
1.807423
1.995355
1.973166
1.958445
1.751114
1.901332
1.912351
1.854683
1.926003
1.936863
1.880865
1.673125
1.806897
1.832245
1.817032
1.856042
1.878410
1.675929
1.844883
1.904186
1.595438
1.907020
1.868459
1.786742
1.934237
1.738683
1.801140
1.594260
1.971120
1.675292
1.869479
1.681357
1.757617
1.918961
1.678596
1.737047
1.802636
1.674917
1.915541
1.648408
1.899079
1.961246
1.858646
1.810460
1.858815
1.817992
1.842230
1.974250
1.838390
1.689819
1.668567
1.553964
1.754334
1.819706
1.820913
1.737382
1.596656
1.979653
1.616109
1.737234
1.924923
1.554336
1.669269
1.882230
1.855351
1.616662
1.625891
1.808538
1.959903
1.914032
1.856082
1.922809
1.987411
1.770833
1.847249
1.712412
1.536570
1.856602
1.745433
1.946735
1.955324
1.971791
1.841478
1.960376
1.594647
1.746221
1.434764
1.975820
1.775062
1.647931
1.849681
1.953548
1.885795
1.528096
1.981519
1.726924
1.533835
1.440812
1.416266
1.803194
1.735371
1.748397
1.525999
1.735608
1.523906
1.647242
1.974710
1.944783
1.802157
1.926259
1.518311
1.563432
1.689203
1.791396
1.707430
1.843081
1.636239
1.906324
1.821038
1.756606
1.972923
1.605708
1.501267
1.595190
1.653415
1.820826
1.731409
1.517858
1.724627
1.916319
1.602417
1.525526
1.696759
1.709808
1.789399
1.512798
1.622591
1.862599
1.996349
1.630461
1.350548
1.873084
1.289522
1.866850
1.351065
1.840926
1.675594
1.510653
1.616774
1.984511
1.964686
1.979955
1.702820
1.931394
1.934819
1.528192
1.492535
1.379216
1.496740
1.564890
1.297846
1.889196
1.559672
1.595528
1.420018
1.456034
1.603339
1.650205
1.620582
1.653063
1.736510
1.998420
