1.992239
1.869955
1.830118
1.529323
1.963654
1.969485
1.793933
1.621555
1.926600
1.854339
1.582259
1.989141
1.937661
1.974128
1.975499
1.739997
1.865331
1.901236
1.909310
1.809799
1.896080
1.953047
1.913868
1.708473
1.993243
1.865642
1.873938
1.568681
1.860711
1.967196
1.989289
1.892281
1.788952
1.653090
1.642502
1.999012
1.808135
1.706633
1.960393
1.998948
1.866812
1.894058
1.901105
1.546382
1.724346
1.675340
1.441143
1.850383
1.524729
1.512169
1.594240
1.597115
1.871397
1.360425
1.862158
1.917294
1.834528
1.667416
1.638187
1.901721
1.883313
1.522165
1.681272
1.501246
1.971100
1.395558
1.738484
1.666679
1.520686
1.983139
1.863638
1.619110
1.675389
1.549607
1.807190
1.303353
1.427667
1.985068
1.748136
1.686532
1.527306
1.385000
1.916828
1.655983
1.874861
1.868431
1.789186
1.370687
