1.527747
1.785605
1.175421
1.616433
1.935899
1.273233
1.668689
1.755450
1.616861
1.290416
1.041709
1.695024
1.924960
1.966380
1.467308
1.381320
1.200417
1.015879
1.937333
1.868026
1.503491
1.800145
1.614150
1.943059
1.543687
1.880150
1.912476
1.653504
1.614900
1.546098
1.731734
1.437739
1.865009
1.375977
1.992609
1.358199
1.844205
1.317287
1.692507
1.687070
1.420012
1.904510
1.544520
1.448880
1.872608
1.582737
1.945402
1.194155
1.556350
1.657514
0.992518
1.946660
1.607072
1.903778
1.544103
1.151033
1.720593
1.236390
1.949091
1.291311
1.557216
1.272190
1.882983
1.813989
1.939285
1.986660
1.112504
1.108294
1.975506
1.621650
1.729980
1.590563
1.366669
1.815911
1.609603
1.353395
1.362285
1.232853
1.956757
1.719603
1.924223
1.813007
1.928534
1.030366
1.566900
1.130735
1.462208
1.714210
1.937972
1.833949
1.428076
1.880361
1.869078
1.151987
1.832349
1.486661
1.973323
1.452838
1.551492
1.875952
1.984088
1.591224
1.972090
1.366252
1.994743
1.717707
1.683108
1.306825
0.975447
1.430525
1.447361
1.070188
1.649724
1.355845
1.883611
1.086933
1.999565
1.655562
1.359891
0.806588
1.452974
1.896646
1.877239
1.659153
1.103350
1.635205
1.482627
1.952100
1.514396
1.832336
1.449025
1.717196
1.302880
1.499728
1.805835
1.644415
1.161798
1.602807
1.599871
1.879712
1.792753
1.430885
1.975189
1.370501
1.518186
1.379021
1.442428
1.411380
1.481544
1.677230
1.645795
1.996288
1.484263
1.096703
1.400006
1.418467
1.764529
1.847157
1.855911
1.956092
1.833939
1.801181
1.694450
1.818426
1.170025
0.989634
1.452599
1.099942
1.606508
1.897609
1.768535
1.756190
1.505389
1.476627
1.072233
1.846710
1.607452
1.535400
0.810429
1.668119
1.490002
1.363683
1.871129
1.350686
1.391959
1.474529
1.823538
1.658806
1.676006
1.934351
1.551302
1.963228
1.147409
1.673934
1.597689
1.053723
0.970688
1.756197
1.697722
1.039087
1.531450
1.685385
1.161674
1.069827
1.587780
1.506235
1.596998
1.686124
1.822904
1.960410
1.419687
1.374927
1.763495
1.847547
1.256448
1.680839
1.330954
1.983862
1.528253
0.931752
1.848726
1.350600
1.444590
1.310825
1.043366
1.457058
1.680550
1.605587
0.973291
1.676011
1.721288
0.926178
1.907531
1.556376
1.485379
1.275217
1.832495
1.775096
1.632593
1.305092
1.294200
1.396617
1.576199
1.119878
1.128331
1.892486
1.170258
1.982005
1.174280
1.427779
1.667755
1.116708
1.364138
1.536121
1.792518
1.894258
1.268018
1.489314
1.378913
1.893745
1.664407
1.535499
1.791295
1.996562
1.324952
1.747918
1.889831
1.286888
1.260858
1.839844
1.642333
1.517648
1.725787
1.639548
1.521894
1.995368
1.772032
1.322212
1.769137
1.117497
1.773469
0.996916
1.444853
