1.994670
1.993153
1.881548
1.983043
1.997535
1.927361
1.930094
1.953398
1.913506
1.861704
1.976753
1.927642
1.890832
1.996879
1.817646
1.758683
1.854319
1.865810
1.924608
1.993030
1.893134
1.824131
1.998057
1.891027
1.892405
1.991491
1.790101
1.852172
1.633388
1.984939
1.862854
1.900392
1.867441
1.794603
1.805201
1.664999
1.911430
1.878821
1.684344
1.990538
1.950918
1.841326
1.623333
1.435966
1.867457
1.851805
1.978009
1.895796
1.922408
1.795746
1.883539
1.787572
1.876976
1.897079
1.726653
1.907171
1.762528
1.705380
1.991830
1.815453
1.888075
1.786359
1.591068
1.437226
1.972773
1.798928
1.696616
1.541123
1.748005
1.769705
1.444112
1.747432
1.988606
1.927805
1.880466
1.798751
1.709691
1.883620
1.553148
1.556798
1.981811
1.567831
1.743256
1.885070
1.854452
1.913290
1.617713
1.686046
1.785793
1.994082
1.884773
1.721830
1.810929
1.767307
1.850829
1.965154
1.994468
1.601272
1.667884
1.572439
1.745428
1.475455
1.866451
1.508047
1.754226
1.687346
1.641817
1.710864
1.514221
1.930244
1.930300
1.624093
1.861415
1.476522
1.628272
1.791975
1.711941
1.818491
1.391070
1.686259
1.627246
1.756162
1.660501
1.917601
1.425873
1.763618
1.700318
1.699686
1.632624
1.947991
1.705100
1.354534
1.663712
1.997396
1.884392
1.651479
1.873748
1.365788
1.596813
1.532679
1.649184
1.411040
1.355611
1.891148
1.462143
1.233042
1.850898
1.835974
1.718094
1.446598
1.408530
1.926434
1.524376
1.557181
1.793362
1.917012
1.763210
1.614392
1.903387
1.315549
1.357424
1.843372
1.446809
1.875196
