1.623586
1.960803
1.614358
1.944676
1.893531
1.903050
1.933241
1.634488
1.854671
1.616415
1.990605
1.883288
1.842068
1.315064
1.765362
1.828227
1.824570
1.907434
1.691557
1.323976
1.784075
1.746781
1.418734
1.845064
1.190109
1.315522
1.624094
1.900763
1.802666
1.666141
1.780306
1.492670
1.428691
1.627384
1.675473
1.606065
1.924181
1.152372
1.811886
1.577576
1.721558
1.517446
1.073448
1.976037
1.254774
1.880925
1.416564
1.799935
1.772484
1.995384
1.732931
1.928399
1.544111
1.602344
1.582685
1.268608
1.858723
1.638680
1.504319
1.747837
1.916239
1.862905
1.936428
1.427200
1.920136
1.819227
1.369252
1.925497
1.756398
1.601298
1.896932
1.239441
1.294386
1.553729
1.895497
1.822211
1.767908
1.988882
1.374406
1.760450
1.700505
1.627780
1.157048
1.793967
1.342121
1.569935
1.750710
1.991098
1.740051
1.776356
1.472991
1.715547
1.433264
1.822353
1.885436
1.997922
1.586305
1.979280
1.406477
1.865455
1.904500
1.612364
1.354970
1.854290
1.755047
1.963222
1.982047
1.885882
1.471267
1.145756
1.961998
1.141218
1.278456
1.880343
1.441384
1.219675
1.827851
1.052590
1.444232
1.191562
1.071136
1.407402
1.646964
1.161349
1.738645
1.796421
1.753482
1.385495
1.670656
1.201278
1.607082
1.429084
1.365698
1.498473
1.611574
1.840390
1.832698
1.815911
1.562363
1.739850
1.376487
1.819800
1.469855
1.869352
1.673047
1.491748
1.787438
1.856590
1.410435
1.247354
1.473795
1.088020
1.915047
1.642039
1.641026
1.392105
1.195740
1.462008
1.686854
1.517627
1.652686
1.681383
1.790128
1.899998
1.458920
1.927367
1.996871
1.284195
1.162042
1.999276
1.622952
1.812061
1.457526
1.327329
1.616520
1.965220
1.858222
1.763262
1.983762
1.978887
1.273445
1.534783
1.435687
1.943967
1.909552
1.541830
1.059715
1.235953
1.253538
1.961505
1.068556
1.707924
1.448182
1.204300
1.808435
1.515978
1.594317
1.432768
1.662126
1.987736
1.597337
1.455897
1.680609
1.949982
1.879788
1.936584
1.950973
1.344998
1.530078
1.898833
1.446969
1.702531
1.441062
1.399234
0.875669
1.321626
1.251413
1.712775
1.103892
1.371019
1.929381
1.227136
1.757621
1.627826
1.674014
1.707100
1.682821
1.784960
1.988199
1.304287
1.663748
1.860344
1.401239
1.965934
1.512807
1.108478
1.634344
1.427373
1.808548
1.863509
1.601364
1.599897
1.874187
1.573182
1.532828
1.801676
1.589156
1.672530
1.826620
1.330268
1.143560
1.660619
1.969813
1.708315
1.704124
1.499345
1.276239
1.825011
1.798679
1.504140
1.296649
1.504151
1.974668
1.913315
1.595867
1.322579
1.604322
1.295079
1.347432
1.969514
1.127495
1.996698
1.588638
1.543977
1.671215
1.835064
1.357007
1.649064
1.854874
1.802676
1.733912
1.475933
1.296242
1.965355
1.674150
1.889611
1.125438
1.080220
1.123231
1.138088
1.875153
1.249149
1.688640
1.347020
1.995180
1.535770
1.209524
1.856872
1.689677
1.200416
1.127074
1.736806
1.904002
0.981613
1.957204
0.914163
1.147916
1.634893
1.212745
1.158933
1.228500
1.587336
1.958032
1.994491
1.519407
1.551423
1.441459
1.968357
1.697747
1.590829
1.205859
1.905329
1.526914
1.161872
1.707746
1.336152
0.920145
1.376735
1.296579
1.456106
1.923240
1.593281
1.325489
1.473256
1.913566
1.919041
1.818989
1.453545
1.452899
1.507904
1.391193
1.704541
1.763829
1.039309
1.454788
1.571095
1.270556
1.630122
1.904210
1.065865
1.663655
1.625698
1.698489
1.289938
0.987016
1.961790
1.898364
1.870696
1.787202
1.926302
0.999936
1.455827
1.311492
1.758748
1.641177
1.060037
1.832448
1.360094
1.458036
1.618126
1.660174
1.728119
1.800278
1.919948
1.443362
1.864325
1.900282
1.135980
1.660556
1.239106
1.798514
1.927689
1.309218
1.085449
1.025160
1.715878
1.085768
1.747143
1.097447
1.998441
1.655483
1.463733
1.685153
1.951249
1.149552
1.324436
1.592093
1.507195
1.071640
1.947430
1.853442
1.940617
1.572777
1.408672
0.982962
1.977796
1.399908
1.918962
1.810294
1.727142
1.218999
1.895113
1.692504
1.125941
1.774861
1.543082
1.383133
1.200917
1.180974
1.354166
1.731627
1.274568
1.334571
1.378241
1.548370
1.635918
1.328469
1.841618
0.982886
1.140599
1.969404
1.691607
0.944104
1.974398
1.878879
1.197590
1.389953
1.451316
1.269874
1.406886
1.714975
1.815011
1.221558
1.211041
1.394707
1.056258
1.614995
1.946584
1.152052
1.574683
1.814422
1.744961
1.514777
1.681075
1.422013
1.909516
0.952591
1.255438
1.611579
1.498452
1.238860
1.540918
1.957131
1.291345
1.416249
1.979559
1.357583
1.771869
1.324304
1.153493
1.100350
1.089690
1.359915
1.421522
1.137530
1.826583
1.450509
1.151197
1.065198
0.947549
1.983114
1.998032
1.594127
1.170015
1.407107
1.649596
1.644326
1.488204
1.272649
1.789417
1.910050
1.488390
0.927177
1.503812
