1.912010
1.786778
1.764773
1.986699
1.893443
1.895814
1.882022
1.978499
1.932292
1.994195
1.856802
1.986688
1.740181
1.979888
1.888472
1.791283
1.781884
1.662557
1.746453
1.727295
1.946214
1.935143
1.775423
1.883507
1.673501
1.926478
1.825024
1.832964
1.651550
1.898396
1.959666
1.674400
1.982953
1.891854
1.774439
1.828520
1.726779
1.976128
1.840096
1.996146
1.621940
1.669154
1.733392
1.577637
1.942549
1.853810
1.895042
1.728302
1.967563
1.687733
1.919769
1.836197
1.959840
1.786146
1.694104
1.886869
1.793847
1.833333
1.950961
1.881917
1.932804
1.887030
1.999597
1.842109
1.981493
1.775098
1.939756
1.870750
1.797343
1.866865
1.850154
1.882413
1.985788
1.907769
1.714491
1.930757
1.886994
1.914337
1.857665
1.985518
1.922875
1.835743
1.704666
1.712614
1.656052
1.977420
1.828508
1.820208
1.719464
1.690879
1.456370
1.589934
1.979598
1.696802
1.932189
1.980093
1.833534
1.723028
1.873164
1.557437
1.934013
1.571118
1.640118
1.612794
1.812091
1.504729
1.810294
1.640752
1.923607
1.755541
1.685676
1.946651
1.758668
1.472599
1.749054
1.981194
1.724447
1.874363
1.646046
1.790233
1.933445
1.747377
1.983263
1.716940
1.451933
1.652432
1.496552
1.940804
1.960498
1.891697
1.901336
1.616882
1.847340
1.861836
1.539975
1.536091
1.648977
1.973122
1.375733
1.907069
1.499724
1.667078
1.735025
1.591450
1.428326
1.644654
1.743296
1.999930
1.758147
1.911848
1.353410
1.709308
1.422785
1.673169
1.874606
1.274083
1.716434
1.601276
1.303403
1.397373
1.700594
1.591021
1.896289
1.984735
1.594713
1.674790
