1.435017
1.408699
1.682152
1.085669
1.406964
1.256409
1.952906
1.854182
1.239538
1.764215
1.700550
1.661885
1.735086
1.885175
1.366672
1.310711
1.730632
1.949101
1.950997
1.632301
1.356704
1.213803
1.870381
1.818139
1.812669
1.320358
1.388517
1.674683
1.526818
1.807394
1.081197
1.421362
1.473349
1.789544
1.613027
1.429882
1.412591
1.868276
1.925710
1.724075
1.365591
1.326439
1.620462
1.280377
1.897805
1.874958
1.650119
1.491866
1.782034
1.361576
1.669007
1.987599
1.511915
1.958844
1.506713
1.930475
0.968256
0.982289
1.186284
1.709796
1.140415
1.148336
1.958243
1.910337
1.864357
1.946036
1.909428
1.396357
1.356478
1.831042
1.644266
1.824435
0.871069
1.605201
1.626954
1.827446
1.093771
1.641896
1.611824
1.547239
1.958314
1.768810
1.369928
1.402409
1.440585
1.594791
1.742768
1.590004
1.409733
1.687793
1.874911
1.721191
1.597893
1.559340
1.940072
1.719579
1.870607
1.760568
1.220751
1.648890
1.827762
1.873315
1.504387
1.278245
1.734395
1.709496
1.740745
1.885158
1.865892
1.595161
1.977442
1.566879
1.517423
1.667455
1.112039
1.833047
1.667609
1.985411
1.498652
1.865618
1.856841
1.743688
1.765431
1.256133
1.583058
1.892462
1.295577
1.908829
1.930631
1.826209
1.727249
1.492831
1.361274
1.651654
1.936287
1.858864
1.694070
1.814834
1.395906
1.219399
1.634785
1.893458
1.168067
1.844456
1.479565
1.651439
1.929857
1.832473
1.943854
1.151437
1.731217
1.738806
1.959926
1.266165
1.714608
1.099276
1.629641
1.906733
1.560632
1.558022
1.214797
1.957801
1.536639
1.372739
1.600070
1.372496
1.601176
1.260402
1.303847
1.914406
1.821661
1.471874
1.362947
1.355475
1.547682
1.899364
1.821649
1.147785
1.447112
1.647075
1.916941
1.564160
1.139657
1.418092
1.085143
1.520355
1.837614
1.525138
1.819938
1.892159
1.536879
1.979674
1.745636
1.910104
1.310112
1.109304
1.902517
1.404242
1.831728
1.861906
1.312819
1.945761
1.834099
1.303140
1.744408
1.841260
1.821991
1.140718
1.108326
1.481690
1.615277
1.653974
1.832652
1.355883
1.872790
1.182982
1.521505
1.704498
1.870214
0.879025
1.628412
1.761983
1.968749
1.931721
1.796140
1.498795
1.288484
1.634358
1.579558
0.932649
1.408270
1.979498
1.831064
1.485729
1.128739
1.646544
1.106532
1.452894
1.632636
1.182307
1.959299
1.908163
1.530762
1.661582
1.735526
0.977505
1.710743
1.141408
1.538728
1.262630
1.744203
0.966516
1.704152
0.946943
1.743005
1.989148
1.519644
1.616404
1.515104
1.896387
1.320763
1.233348
1.358344
1.821107
1.913231
1.223095
1.238610
1.553261
1.849831
0.898860
1.936206
1.657415
1.968176
1.703620
0.826903
1.853971
1.632742
0.952637
1.456849
1.380779
1.804381
0.983304
1.571733
1.922396
1.878072
1.215578
1.921496
1.631169
1.588210
1.003178
1.865520
1.586427
1.889828
1.799035
1.466396
1.867197
1.491794
1.017392
1.517583
0.868606
1.910055
1.736761
1.849269
1.948513
1.409884
1.965623
1.731088
1.731028
1.162043
1.300547
1.475619
1.936198
1.709471
1.326160
1.289973
1.132801
1.544608
1.741822
1.055127
1.074608
1.573518
1.475070
1.918139
1.060799
1.613434
1.238917
1.025025
1.731162
1.778544
1.283235
1.479138
1.088190
1.527290
1.839586
1.894447
1.484751
1.638969
1.465682
1.993224
1.898214
1.320092
1.810054
1.327960
1.817581
1.526725
1.772777
1.832622
1.962257
1.585451
1.925628
1.369156
1.771890
1.480441
1.310858
1.575033
1.132823
1.485773
1.123772
1.787206
1.790988
1.290500
0.994187
1.876611
1.164468
1.319763
1.909601
1.076116
1.159475
1.619857
1.615317
1.198268
1.604544
1.280684
1.424220
1.575300
1.731434
1.455377
1.427024
1.343015
1.358495
1.500297
1.711095
1.002713
1.545456
0.955632
1.688280
1.865046
0.843206
1.636790
1.133280
1.613230
1.469677
1.679724
0.988885
1.992984
1.805686
1.163380
1.929473
1.220961
1.366166
1.641974
