1.916931
1.959831
1.993504
1.818640
1.964020
1.846324
1.717743
1.884954
1.926273
1.972017
1.654194
1.877405
1.885191
1.827781
1.750075
1.929778
1.915257
1.715226
1.807064
1.971345
1.641979
1.829289
1.928379
1.820438
1.998689
1.905318
1.724982
1.813339
1.900358
1.939581
1.605929
1.847255
1.821161
1.631548
1.948083
1.859607
1.890395
1.834320
1.853744
1.895824
1.927557
1.987257
1.976763
1.997722
1.890101
1.986411
1.643830
1.978609
1.887601
1.862452
1.867353
1.954153
1.956669
1.687630
1.911467
1.778168
1.743302
1.937456
1.926146
1.649661
1.950350
1.769056
1.763409
1.570282
1.797105
1.874878
1.987358
1.905513
1.926873
1.769627
1.780786
1.935118
1.992114
1.844840
1.673581
1.877112
1.799461
1.636644
1.771033
1.556255
1.997409
1.887405
1.660405
1.902503
1.767676
1.671188
1.622204
1.813923
1.768513
1.966600
1.927712
1.765198
1.988402
1.929049
1.959878
1.639644
1.758514
1.677016
1.908138
1.586039
1.673861
1.975283
1.972361
1.837347
1.794947
1.722195
1.740461
1.803217
1.563860
1.911150
1.650054
1.378958
1.968606
1.997524
1.582688
1.723684
1.849696
1.897863
1.592933
1.947538
1.746427
1.924082
1.464163
1.726385
1.655844
1.775027
1.746836
1.926245
1.599617
1.644157
1.406187
1.948602
1.934589
1.740600
1.488639
1.962454
1.821392
1.652640
1.793770
1.602186
1.966543
1.447396
1.551619
1.289163
1.998936
1.630567
1.403876
1.826379
1.948721
1.888890
1.942359
1.784003
1.266104
1.375783
1.850010
1.896418
1.410126
1.599821
1.580308
1.686352
1.740575
1.892368
1.549873
1.724418
1.702894
1.853889
1.402751
1.800949
1.824140
