1.961350
1.821840
1.927358
1.901404
1.917334
1.929167
1.975273
1.684876
1.944468
1.866213
1.804548
1.895012
1.809868
1.958526
1.860854
1.953794
1.718795
1.960466
1.970931
1.829776
1.823617
1.987600
1.578474
1.921040
1.958389
1.976195
1.916120
1.899907
1.878420
1.769536
1.797744
1.998317
1.875017
1.860098
1.812014
1.920966
1.891724
1.981581
1.609307
1.747387
1.664913
1.755700
1.671476
1.925531
1.887891
1.716695
1.905782
1.831248
1.750464
1.931537
1.962688
1.762200
1.899883
1.626537
1.742400
1.577428
1.538980
1.789555
1.989169
1.832132
1.737989
1.812438
1.803189
1.767731
1.956019
1.774216
1.887443
1.998440
1.561414
1.503616
1.936338
1.971249
1.909476
1.898657
1.788301
1.915008
1.840762
1.584231
1.840889
1.763423
1.880941
1.718132
1.944174
1.834125
1.582704
1.684909
1.904775
1.827178
1.895761
1.411718
1.937071
1.774672
1.741466
1.860520
1.943582
1.944567
1.827923
1.900623
1.872010
1.404440
1.632600
1.858443
1.544308
1.914187
1.643502
1.554230
1.634749
1.929017
1.834758
1.681333
1.533279
1.669002
1.959379
1.911040
1.747660
1.963936
1.919015
1.899360
1.505024
1.627250
1.942211
1.835738
1.965569
1.950902
1.457581
1.914070
1.799499
1.622759
1.861953
1.313999
1.827386
1.324573
1.872505
