1.995838
1.347607
1.414281
1.544175
1.832243
1.942868
1.851106
1.439462
1.646770
1.474907
1.699145
1.147794
1.034130
1.592765
1.258372
1.776145
1.923221
1.658270
1.738116
1.172880
1.412067
1.743138
1.571824
1.637370
1.376974
1.490716
1.414156
1.666598
1.799875
1.339873
1.519986
1.737739
1.937332
1.519653
1.210127
1.730769
1.766115
1.885556
1.873546
1.513286
1.655150
1.740524
1.701164
1.622794
1.674442
1.979356
1.920029
1.784156
1.596916
1.949382
1.387710
1.840766
1.982331
1.981180
1.401243
1.373668
1.042626
1.953310
1.852829
1.320993
1.728202
1.913443
1.686382
1.676598
1.485606
1.936531
1.884135
1.983447
1.552305
1.706168
1.222546
1.952025
1.703289
1.735000
1.647751
1.439825
1.814534
1.712169
1.904847
1.690982
1.771760
1.172460
1.168530
1.841910
1.486349
1.499177
1.798460
1.886136
1.924321
1.256150
1.290298
1.719743
1.738516
1.545159
1.878189
1.638245
1.426692
1.828146
1.651544
1.858464
0.979603
1.457267
1.711829
1.054428
1.377865
1.782499
1.681653
1.923299
1.898759
1.561378
1.600551
1.712483
1.372567
1.402559
1.073654
1.739383
1.486252
1.802104
1.239797
1.592780
1.954115
0.999562
1.571619
1.820472
1.363569
1.346520
1.865792
1.676032
1.924297
1.664795
1.768442
1.472239
1.400270
1.423647
1.674736
1.754487
1.955285
1.305336
1.890231
1.739511
1.730247
1.268120
1.971756
1.811651
1.537561
1.229642
1.588991
1.921284
1.287014
1.451085
1.729994
1.280368
1.112029
1.348360
1.857792
1.306507
1.547539
1.449276
1.896985
1.661803
1.346151
1.581230
1.298565
1.579151
1.180602
1.454222
1.952989
1.831472
1.397656
1.534320
1.327197
1.335254
1.713651
1.801431
1.770141
1.952980
1.731060
0.942000
1.228217
1.536707
1.789319
1.329563
1.488388
1.465255
1.124162
1.408169
1.746923
1.552561
1.708670
1.809809
1.313473
1.506249
1.552473
1.506153
1.558890
1.134447
1.573801
1.895630
1.231583
1.726050
1.862707
1.461396
1.036127
1.560037
1.343698
1.873682
1.144318
1.503532
1.957532
1.635701
1.643991
1.047840
1.145976
1.492052
1.795894
1.796217
1.820947
1.341159
1.950721
1.246630
1.168610
1.746816
1.620750
1.466783
1.799069
1.348062
1.886982
1.669022
1.163801
1.006357
1.705234
1.961503
1.991803
1.980364
1.629609
1.974207
1.590350
1.167464
1.917811
1.186401
1.120664
1.236451
1.383812
1.346354
1.327871
1.376972
1.989869
1.954918
1.701929
0.980270
0.823915
1.531922
1.609078
0.952761
1.494848
1.285030
1.101620
1.662882
1.615357
1.532313
1.854067
1.832691
1.356531
1.163575
1.571262
1.886400
1.217266
1.994842
1.767134
1.365848
1.845486
1.743667
1.901839
1.988963
1.518874
1.780873
0.977218
1.608015
1.968941
1.432017
1.876659
1.834677
1.838462
1.287377
1.839620
1.421320
1.375593
0.959251
1.148070
1.550509
0.958350
1.999400
1.111362
1.964751
1.028343
0.938843
1.610202
1.473169
1.835006
1.016056
1.929376
1.004429
1.609427
1.532212
1.372613
1.925778
1.847688
1.498345
1.708461
0.914771
1.544809
1.985534
1.124414
1.917096
1.334716
1.321265
