1.864482
1.885207
1.939290
1.557676
1.743503
1.641549
1.515260
1.822420
1.596202
1.812842
1.993548
1.554097
1.524427
1.574626
1.281575
1.951852
1.437569
1.881423
1.161804
1.899282
1.485044
1.932011
1.750052
1.887857
1.463556
1.726788
1.830914
1.487424
1.866508
1.462069
1.593843
1.458886
1.908677
1.124372
1.796118
1.856866
1.869531
1.527559
1.845507
1.326018
1.978153
1.491288
1.865777
1.629855
1.714078
1.753886
1.475425
1.416554
1.512784
1.286947
1.485772
1.740975
1.647990
1.372969
1.984650
1.159157
1.349864
1.393402
1.936061
1.803952
1.478076
1.862468
1.726990
1.684370
1.390468
1.979448
1.934680
1.614420
1.597746
1.854664
1.515798
1.603336
1.340847
1.883258
1.930270
1.060020
1.796670
1.970217
1.243658
1.367115
1.521690
1.884368
1.985498
1.094822
1.755750
1.946079
1.349024
1.504294
1.497681
1.191225
1.700704
1.590819
1.352273
1.947548
1.997988
1.858936
1.445481
1.895105
1.458532
1.611204
1.591414
1.362004
1.929063
1.771259
1.773802
1.137995
1.805023
1.925918
1.642308
1.903244
1.659368
1.622499
1.697482
1.778820
1.565427
1.971680
1.385474
1.576857
1.975703
1.965178
1.979609
1.596880
1.320642
1.623160
1.678691
1.334168
1.426697
1.421052
1.833053
1.979974
1.494348
1.346342
1.561645
1.385901
1.429572
1.920415
1.925864
1.027903
1.926651
1.986553
1.600967
1.676364
1.534380
0.915858
1.699340
1.940570
1.190487
1.930380
1.909044
1.705562
1.377260
1.085412
1.496180
1.956541
1.843111
1.566079
1.909279
1.669368
1.728448
1.753134
1.361686
1.619722
1.973805
1.553870
1.625827
1.441063
1.947003
1.594436
1.621508
1.218014
1.861267
1.791585
1.982317
1.924951
1.042280
1.073003
1.357119
1.198029
1.932006
1.483236
1.626443
1.483881
1.289981
1.859922
1.950173
1.331572
1.965576
1.963299
1.568283
1.395525
1.495326
1.784802
1.906874
1.684050
1.594331
1.179490
1.551554
1.921602
1.472302
1.895073
1.559010
1.895391
1.911095
1.930342
1.796057
1.234169
1.806498
1.585781
1.568514
1.839381
1.465058
1.523306
1.723034
1.876796
1.422575
1.122099
1.720261
1.866772
1.303421
1.269496
1.567007
1.361417
1.589688
1.477525
1.461119
1.728912
1.517100
1.425759
1.215485
1.249812
1.418496
1.468785
1.578860
0.983330
1.461696
1.039667
1.548387
1.956405
1.612844
1.150166
1.895501
1.964872
1.147299
1.462702
1.928944
0.945961
1.623569
1.688664
1.501036
1.221377
1.933609
1.257425
1.956041
1.599091
1.500736
1.397843
1.296891
1.369637
1.821657
1.699641
1.219363
1.988384
1.987826
1.660628
1.480485
1.875500
1.964074
1.199684
1.761801
1.999261
1.961027
1.119598
1.696200
1.798526
1.445091
1.383501
1.374598
1.137408
1.801372
1.872264
1.885673
1.603077
1.583587
1.929679
1.420421
1.729976
1.708769
1.451220
1.461519
0.986823
1.495582
1.596540
1.580368
1.671732
1.597572
1.422801
1.373461
1.938316
1.250300
1.357021
1.579933
1.522524
1.617698
1.328351
1.480351
1.427394
1.794697
1.639145
1.471628
1.725318
1.766480
1.378128
1.177824
1.909644
1.804271
1.832924
1.767736
1.211567
1.455541
1.734889
1.997242
1.893756
0.866225
1.382557
1.849217
1.403794
1.181523
1.234557
1.968730
1.942932
1.974917
1.964857
1.662066
1.110142
1.527543
1.855877
1.658276
1.661815
1.482975
1.677094
1.965502
1.589950
1.437265
1.634482
1.864221
1.069733
1.455796
1.864575
1.841451
1.932387
1.100510
1.745096
1.665938
1.261492
1.617113
1.786331
1.253375
1.999030
0.945685
1.815153
1.833583
1.822135
1.998345
1.363140
1.460040
1.994098
1.691271
1.632650
1.747501
1.448157
1.974394
1.706720
1.926722
1.953759
1.508259
1.531103
1.889367
1.468063
1.898489
1.188871
1.991354
1.393013
1.973845
1.580018
1.729604
1.681760
1.139359
1.522242
1.177149
1.648175
1.836895
1.222288
1.341913
1.984310
1.872823
1.171485
1.351025
1.606266
1.902045
1.573038
1.355128
1.529958
1.967552
1.757753
1.803932
1.215774
1.621499
1.410262
1.168666
1.884163
1.399401
0.839453
1.576112
1.349265
1.832856
1.139237
1.705880
1.464895
1.966500
1.524036
1.585913
1.470621
1.761219
1.145898
1.236173
1.272855
1.135884
1.724505
1.290351
1.877102
1.713570
1.543456
1.170952
1.367417
1.015469
1.094430
1.878327
1.394505
1.929466
1.219424
1.671816
1.848231
1.508041
1.768168
1.272489
1.947809
0.978147
1.475232
1.946972
1.236923
1.241244
1.589840
0.951689
1.417101
1.558799
1.932689
1.475498
1.309036
1.916114
1.846250
1.636151
1.513550
1.366265
1.704480
1.701664
1.547070
1.930148
1.899261
1.058635
1.344013
1.079451
1.952976
1.730439
1.132777
1.938910
1.908782
1.248698
1.771226
1.665731
1.504506
1.456316
1.930283
1.862174
1.971620
1.854672
1.484765
1.685991
1.766460
1.581821
1.954862
1.275168
1.952792
1.941530
1.876651
1.987029
1.560157
1.086457
1.313753
1.391486
1.599923
1.257635
1.598714
1.349099
1.881633
1.831514
1.516406
1.336623
1.893291
1.765579
1.314237
1.831524
1.505271
1.500570
1.826134
1.470238
1.881506
1.165916
1.445340
1.912562
1.024182
1.631234
1.416453
1.578541
1.718824
1.863138
0.944022
1.244536
1.767257
1.864956
1.679260
1.481046
1.651930
1.226683
1.957073
1.512134
1.742308
1.610964
1.296739
1.427926
1.173864
1.276064
1.311275
0.992365
1.332779
1.650651
1.944341
1.970645
0.982468
1.454534
1.901663
1.271376
1.600905
1.076317
1.799212
1.292105
1.639220
1.879987
1.687708
1.561296
0.987464
1.595717
1.233144
1.040159
1.602563
1.573413
1.678048
1.765356
1.647685
1.598108
1.045954
1.745572
1.234714
1.371441
1.086385
1.325163
1.444794
1.476026
1.247870
1.021385
1.860569
1.118463
1.430586
1.591162
1.764493
1.698716
1.602002
1.750913
1.202059
1.063389
1.669817
1.545266
1.188283
1.535664
1.628211
1.227601
1.387994
1.028660
1.298143
1.546246
1.547636
1.034548
1.797098
1.434560
1.662813
1.667249
1.645353
1.386823
1.791819
1.213000
1.469008
1.763174
0.883642
1.907185
1.479323
1.686419
1.330950
1.548905
1.864768
1.416241
1.616429
1.683486
1.035736
1.130888
1.580077
1.222686
1.810049
1.038900
1.589876
1.971013
1.092497
0.975092
1.192971
1.347582
0.874915
1.420065
1.870991
1.274528
1.661263
1.525766
1.458358
1.542141
1.093521
1.924204
1.515609
1.798283
1.672821
1.158211
1.271629
1.153135
1.906937
1.136351
1.365316
1.163211
1.836911
1.438886
1.056694
1.612850
1.519505
1.645990
0.911251
1.678467
1.861277
1.705546
1.541537
0.719650
1.232339
1.759015
0.852148
1.165143
1.742312
1.463898
1.170288
1.068046
1.664431
1.852455
1.257129
1.852882
1.509737
1.618769
1.567352
1.687015
0.901736
1.403033
0.888414
1.535188
1.662483
1.271219
1.239203
1.711056
0.968424
1.328145
1.440656
0.931397
0.823918
1.975362
1.131239
1.103894
1.803936
0.912800
1.737594
1.456058
1.713626
1.858532
1.711477
1.580344
1.996837
1.157973
1.138897
0.827582
1.841185
1.829104
1.462089
1.571543
1.152362
1.696163
1.660132
1.669088
1.089096
1.945499
1.142235
1.682952
1.535516
1.302603
1.092385
1.344909
1.376983
1.213181
1.580565
1.191514
1.946756
1.121044
1.337825
1.338255
1.194156
1.378978
1.767793
1.677736
1.767567
1.322388
0.906666
1.311017
1.736673
1.572860
1.423121
1.899243
1.113666
1.115514
1.540391
0.990146
1.561027
1.862873
0.860063
1.231708
0.915785
1.604548
1.590153
1.965935
1.295838
1.481216
1.719772
1.569723
1.939415
1.204822
1.539530
1.979071
1.870396
1.819277
1.467159
1.963142
1.754400
0.803618
1.505821
1.869127
1.212206
1.656442
0.879415
1.332439
1.643148
0.764568
1.214714
1.299750
1.345804
1.973323
1.716139
0.987684
0.855159
1.402511
