1.854017
1.730021
1.773724
1.681958
1.783380
1.638251
1.650718
1.656154
1.817828
1.824922
1.574922
1.473454
1.598685
1.533774
1.522148
1.497353
1.888994
1.348375
1.866640
1.986421
1.739986
1.895808
1.913907
1.761960
1.968579
1.490505
1.472654
1.938499
1.929948
1.446201
1.682114
1.875636
1.479359
1.805878
1.163502
1.618460
1.861762
1.871231
1.748818
1.847757
1.199174
1.396424
1.837267
1.051392
1.948160
1.143734
1.996887
1.112331
1.644535
1.433391
1.995387
1.313198
1.453665
1.419525
1.718770
1.313377
1.600854
1.587940
1.928017
1.572701
1.062235
1.657254
1.654107
1.506706
1.611619
1.326651
1.642171
1.357100
1.310353
1.649845
1.549720
1.781505
1.623774
1.844404
1.541099
1.788116
1.411827
1.658864
1.779258
1.648153
1.489861
1.792100
1.607736
1.636869
1.896124
1.962802
1.894105
1.962351
1.084387
1.655999
1.831925
1.398288
1.197397
1.604493
1.360479
1.883849
1.427899
1.690092
1.720851
1.808774
1.563574
1.758853
1.578167
1.860003
1.372685
1.892676
1.268414
1.679159
1.309848
1.493105
1.510182
1.713637
1.991710
1.895464
1.741997
1.209812
1.724174
1.127997
1.987058
1.892563
1.713289
1.652979
1.887235
1.533027
1.384001
1.863154
1.288847
1.157741
1.410395
1.911240
1.585424
1.676282
1.579798
1.731169
1.539310
1.717481
1.891271
1.621449
1.817544
1.437729
1.541156
1.905283
1.843056
1.885108
1.394438
1.751038
1.979409
1.206970
1.869508
0.897330
1.459037
1.430814
1.599751
1.702256
1.182789
1.415204
0.901514
1.845521
1.656773
1.859435
1.965128
1.904779
1.472156
1.396713
1.336785
1.773131
1.715141
1.884902
1.883666
1.863319
1.407303
1.914544
1.280774
1.237714
1.331920
1.846941
1.561111
1.898271
1.838578
1.871797
1.169799
1.508867
1.908869
1.344122
1.132329
1.592835
1.393510
1.827998
1.449985
1.885114
1.383547
1.746478
0.873282
1.757748
1.298230
1.735019
1.909862
1.351354
1.958147
1.297820
1.093845
1.894445
1.398207
1.916183
1.529416
1.894511
1.948752
1.533981
1.583716
1.601472
1.571486
1.716190
1.420924
1.766017
1.919642
1.702442
1.706053
1.952206
1.911741
1.729971
1.281003
1.538877
0.977476
1.745161
1.491139
1.355838
1.650104
1.894943
1.985168
1.043247
1.720394
1.943416
1.986700
1.070651
1.599027
1.230610
1.770142
1.378874
1.908755
1.933670
1.377694
1.650103
0.798492
0.810460
1.784442
1.878294
1.318629
1.033947
1.461377
0.983701
1.555295
1.168368
1.029750
1.409604
1.411635
1.893244
1.700090
1.639230
1.626351
1.501240
1.775281
1.295443
1.814622
1.974705
1.630354
1.542079
1.224222
1.067674
1.931240
1.200619
0.843183
0.879528
1.415856
1.036416
1.751689
1.639244
1.609944
