1.902978
1.904778
1.932024
1.891792
1.796360
1.962912
1.822115
1.999139
1.823845
1.971663
1.796032
1.949211
1.980365
1.927775
1.964642
1.667025
1.573704
1.959842
1.752622
1.985020
1.860337
1.708775
1.950012
1.873177
1.845488
1.757036
1.858253
1.832374
1.732823
1.795699
1.805486
1.841834
1.901024
1.852762
1.860270
1.778559
1.867348
1.943980
1.952120
1.966926
1.889956
1.719600
1.893016
1.991293
1.718986
1.938405
1.961426
1.822937
1.634637
1.895275
1.721529
1.682084
1.743653
1.999410
1.987142
1.975956
1.835655
1.818169
1.858891
1.723631
1.940212
1.965264
1.824355
1.858390
1.558253
1.835773
1.784850
1.588950
1.961999
1.740043
1.713799
1.769448
1.956609
1.651048
1.486313
1.714398
1.907971
1.999806
1.864241
1.741450
1.867018
1.975440
1.843507
1.428761
1.847034
1.893067
1.664891
1.920575
1.948365
1.862460
1.772563
1.710191
1.673462
1.645398
1.786576
1.874672
1.963884
1.601262
1.557721
1.988372
1.468692
1.611957
1.910572
1.276581
1.448031
1.912221
1.535134
1.977216
1.999956
1.934310
1.570645
1.444801
1.694718
1.989129
1.498093
1.752486
1.789736
1.696223
1.560417
1.337474
1.500781
1.987813
1.872712
1.366347
1.761765
1.854275
1.554196
1.689425
1.657374
1.594928
1.797692
1.567561
1.769962
1.869369
1.481526
1.432347
1.348502
1.890705
1.386173
1.482766
1.857809
1.834810
1.534228
1.399641
