1.598617
1.658106
1.624528
1.739069
1.764546
1.979605
1.979606
1.518212
1.958043
1.741138
1.400790
1.670279
1.803985
1.733269
1.537451
1.607019
1.672397
1.769033
1.919776
1.672486
1.962300
1.605136
1.941783
1.760428
1.511465
1.559765
1.811281
1.993359
1.881729
1.912678
1.613978
1.754233
1.769150
1.517604
1.577781
1.235135
1.332693
1.999841
1.828879
1.611363
1.715360
1.856824
1.678677
1.955118
1.780793
1.483288
1.902124
1.383407
1.699105
1.748377
1.979468
1.906724
1.474681
1.383005
1.862148
1.935861
1.728946
1.898368
1.604794
1.344276
1.453197
1.190834
1.708531
1.709747
1.844662
1.692575
1.089421
1.914123
1.846617
1.525872
1.723087
1.985497
1.598313
1.888259
1.978782
1.436586
1.962225
1.486735
1.927771
1.367185
1.339212
1.393977
1.971878
1.864704
1.887418
1.159580
1.184786
1.188700
1.972465
1.995459
1.988719
1.699616
1.832856
1.238722
1.580420
1.492400
1.701057
1.884694
1.683843
1.702903
1.866813
1.875595
1.973075
1.498829
1.613565
1.272962
1.574523
1.556453
1.568052
1.267780
1.715409
1.603208
1.867060
1.860442
1.429583
1.578067
1.354639
1.853149
1.856624
1.547811
1.678200
1.358484
1.459803
1.959925
1.606995
1.790217
1.519115
1.615547
1.710772
1.572293
1.361993
1.900991
1.921045
1.963507
1.371339
1.629039
1.802572
1.519951
1.751314
1.863226
1.885422
1.781502
1.363627
1.404741
1.269335
1.605479
1.897055
1.593473
1.474210
1.637653
1.701620
1.421207
1.268573
1.892374
1.984158
1.614639
1.768123
1.891386
1.533035
1.361095
1.616696
1.452900
1.783623
1.474874
1.853776
1.456104
1.881388
1.194938
1.341070
1.283824
1.340638
1.990626
1.735737
1.586491
1.370621
1.067901
1.836914
1.711710
1.842128
1.645014
1.136294
1.185471
1.547652
1.536556
1.730327
1.770576
1.446611
1.529882
1.766028
1.765711
1.352754
1.538816
1.922307
1.992692
1.994767
1.508572
1.637066
1.828058
1.554867
1.883509
1.923106
1.327569
1.579565
1.941694
1.738656
1.080753
1.826233
1.070053
1.989475
1.425620
1.980537
1.523832
1.752599
1.187909
1.400124
1.857190
1.355554
1.181223
1.775275
1.973064
1.513799
1.730955
1.143367
1.792023
1.493590
1.207157
1.457189
1.920349
1.412064
1.790276
1.438259
1.657648
1.861019
1.689406
1.829510
1.569264
1.877635
1.874302
1.753266
1.310074
1.557476
1.547676
1.432136
1.866462
1.576243
1.405838
1.472467
1.874376
1.780702
1.349459
1.652294
1.486405
1.573828
1.671107
1.894900
1.743729
1.595914
1.532755
1.657157
1.692435
1.083391
1.505929
1.284199
1.835167
1.729732
1.763628
1.249496
1.727955
1.802844
1.273158
1.334899
1.499600
1.874966
1.750504
1.365996
1.421560
1.233130
1.537616
1.600036
1.664714
1.919946
1.054789
1.605050
1.529877
1.620112
1.923034
1.456420
1.727223
1.720586
1.703643
1.045848
1.011707
1.595321
1.736821
1.837174
1.047112
1.705739
1.731991
1.029668
1.997722
1.954504
1.302002
1.177784
1.570671
1.629705
1.108525
1.967369
1.727001
1.086853
1.741284
1.902230
1.281752
1.533179
1.648631
1.291653
1.900829
1.317071
1.708082
1.711143
1.970146
1.465686
1.941861
1.940629
1.651166
1.917961
1.310798
1.893644
1.928478
1.952677
1.143921
1.948334
1.515025
1.964187
1.355492
1.418640
1.475487
1.442364
1.580819
1.682968
1.332880
1.713381
1.535888
1.889039
1.064247
1.080224
1.501901
1.868955
1.649082
1.490719
1.890765
1.073483
1.523198
1.827163
1.134042
1.465019
1.672506
1.916536
1.638360
1.551979
1.606996
1.480020
1.544701
1.656689
1.650791
1.782059
1.224588
1.241834
1.738817
1.162652
1.997866
1.094370
1.882162
1.900859
1.118935
1.332132
1.697794
1.389369
1.275147
1.298457
1.770519
1.702688
1.598591
1.442973
1.816994
1.616153
1.850629
1.195652
1.457387
1.660341
1.646368
1.884364
1.568779
1.849643
1.357489
1.724095
1.114395
1.389477
1.852344
1.511557
1.880207
1.693942
1.397407
1.605988
1.846062
1.579681
1.977219
1.847850
1.979275
1.850070
1.839215
1.902822
1.594953
1.324517
1.374501
1.800989
1.334242
1.003498
1.775202
1.097599
1.406038
1.685506
1.620922
1.320169
1.820093
1.573698
1.058201
1.322178
1.968867
1.935353
1.615979
1.927214
1.825009
1.226136
1.803030
1.900552
1.641048
1.370376
1.880414
1.825566
1.991035
1.974537
1.714038
1.881304
1.866188
1.991961
1.691577
1.134892
1.985521
1.987990
1.423292
1.598979
1.254795
1.491682
1.995582
1.060200
1.417985
1.182809
1.471382
1.914915
1.324541
1.666287
1.370361
1.590951
1.631307
1.555381
1.924249
1.590528
1.969381
1.647424
1.456650
1.485376
1.785076
1.642295
1.897657
1.410769
1.523532
1.196740
1.904854
1.173303
1.503649
1.800364
1.351217
1.221869
1.366666
1.271813
1.904324
1.079675
1.882815
1.323596
1.162786
1.208729
1.880265
1.656451
1.177844
1.853293
1.797972
1.213778
1.444948
1.431615
1.780747
1.105555
1.662126
1.559173
1.986006
1.509799
1.807527
1.630848
1.802668
1.854178
1.668210
1.512839
1.187020
1.196652
1.515952
1.733231
1.553000
1.775764
1.644207
1.151941
1.210185
1.898304
1.848079
1.148485
1.859490
1.684658
1.489533
1.717249
1.119013
1.645182
1.592443
1.473039
1.673046
1.743834
1.602878
1.485223
1.368434
1.534068
1.989569
1.072473
1.199754
1.622073
1.369114
1.629084
1.105048
1.380185
0.902587
1.767226
1.887512
1.102695
1.908502
1.840403
1.980271
1.813199
1.480718
1.093757
1.858473
1.277647
1.463781
1.970481
1.267143
1.733263
1.756681
1.238261
1.085843
1.346600
1.359234
1.785059
1.241966
1.178691
1.558172
1.994769
1.065812
1.532805
1.042229
1.137653
0.902072
1.613946
1.142199
1.298523
1.387946
1.445495
1.845011
1.548329
1.982930
1.607206
1.354455
1.322661
1.966177
1.597482
1.376472
0.914782
1.930109
1.999538
1.255928
1.383630
1.691384
1.332691
1.395985
1.357820
1.689724
1.983625
1.468365
1.267094
1.778652
1.809123
1.933109
1.534569
0.913717
1.496937
1.672367
1.814784
1.853427
1.992221
1.613505
1.608868
1.678385
1.808133
1.968360
1.100499
1.520666
1.926896
1.562436
1.191098
0.785135
1.880517
1.890690
1.550135
1.307637
1.192074
1.646787
1.613354
1.294917
1.227699
1.679948
1.474576
1.606949
1.178744
1.885322
1.349061
0.992979
1.838742
1.825494
1.767100
1.353320
1.373179
1.348366
1.358903
0.924024
1.531343
1.129467
1.992635
1.212496
1.809936
1.590773
1.470893
1.009854
1.640984
1.896704
1.897601
0.887455
1.532530
1.076518
1.980175
1.678437
1.974069
1.026220
1.653495
1.141519
0.915659
1.793190
1.097603
1.976770
1.799726
1.291757
1.656711
1.914187
0.948839
1.776841
1.539886
1.174439
1.779070
1.356654
1.650507
1.217807
1.957015
1.958115
1.785642
1.586981
1.146473
1.534253
0.919244
1.087219
1.726961
1.729244
1.347621
1.702166
1.370963
1.216747
1.025671
1.554711
1.474914
1.776597
1.689644
1.836277
1.084787
1.440331
1.915187
1.712182
1.425937
1.153755
1.960829
1.354755
1.366763
1.437172
1.458469
1.602205
1.511247
1.756266
1.000922
1.173257
1.575355
0.963927
1.350807
1.663050
1.326173
1.079155
1.953449
1.209524
1.607582
1.740969
1.207997
1.071928
1.851112
1.624008
1.266895
1.556042
1.679134
1.747955
1.330747
0.967232
1.353218
1.813910
1.843676
1.196435
1.240952
1.072714
1.509609
1.311020
1.250561
1.111381
1.047827
1.611267
1.104679
1.709014
1.760424
1.826867
1.018622
1.710334
1.113774
1.017222
1.350873
1.958913
1.272568
1.349510
1.918137
1.896862
1.250396
1.831987
1.849959
1.323361
0.961287
1.724037
1.146259
1.467446
1.257887
1.744578
1.832972
1.664645
1.998756
1.904732
1.916176
1.005149
1.322675
1.080108
1.592625
1.928293
1.684166
1.881397
1.650635
1.516720
1.896332
1.783303
1.059180
1.265340
1.951662
1.338121
0.988822
1.882295
1.289220
1.152099
1.811831
1.565107
1.631569
1.652966
1.262818
1.841368
1.277854
1.684291
1.025967
1.915163
1.587490
1.372401
1.773697
1.478529
1.229779
1.639296
1.904773
1.051017
1.371803
1.595699
1.282302
1.257107
1.054381
1.094180
1.248188
1.917193
1.013411
0.857204
1.491489
1.712759
1.054349
1.222939
0.852775
1.274856
1.664686
1.843414
1.162515
1.551500
1.084876
1.308698
1.875739
1.857969
1.015991
1.693365
1.922228
1.626157
1.089400
1.558210
0.852910
1.910654
1.597247
1.908139
1.793999
1.342964
1.493902
1.912667
1.738563
1.952290
1.479090
1.401835
1.463441
1.902254
1.975947
1.572974
