1.866416
1.977570
1.972517
1.828068
1.949867
1.953246
1.868825
1.989205
1.854426
1.695174
1.969140
1.969856
1.840642
1.834450
1.867744
1.922619
1.974834
1.844550
1.891521
1.977347
1.957209
1.833258
1.915547
1.787309
1.929830
1.713409
1.957800
1.700540
1.838184
1.965043
1.890652
1.735821
1.880798
1.855871
1.958841
1.905008
1.906070
1.971999
1.964345
1.957368
1.943599
1.582326
1.676946
1.767001
1.714046
1.854982
1.795209
1.518643
1.598463
1.977897
1.631073
1.894602
1.669749
1.976246
1.725850
1.660086
1.663008
1.660843
1.851599
1.713743
1.690478
1.900382
1.805360
1.543533
1.864217
1.741534
1.664778
1.573901
1.652804
1.900118
1.701423
1.619476
1.932377
1.931348
1.634558
1.909526
1.824116
1.613812
1.891705
1.642193
1.837714
1.912501
1.744762
1.403173
1.898814
1.690266
1.919396
1.492581
1.286844
1.723188
1.633841
1.468324
1.523853
1.649876
1.733229
1.561012
1.713642
1.409207
1.859816
1.751107
1.971221
1.734291
1.484297
1.788429
1.715974
1.981290
1.798925
1.626041
1.695568
1.652051
1.710073
1.513165
1.925029
1.928919
1.831684
1.781967
1.507727
1.784103
1.447345
1.767300
1.968212
1.721314
1.988774
1.664909
1.220487
1.991084
1.766965
1.971343
1.405451
1.871957
1.344224
1.637473
1.993909
1.935875
1.584972
1.530004
1.928312
1.760077
1.885098
1.560731
1.797882
1.612990
1.677697
1.305464
1.821226
1.465372
1.513922
1.717766
1.966730
1.414851
1.355759
1.620381
1.286925
1.392572
1.804284
1.828170
1.186472
1.906829
1.838173
