1.993182
1.838966
1.893107
1.928680
1.406048
1.831401
1.901071
1.795707
1.907636
1.427352
1.744096
1.822897
1.547643
1.306328
1.444969
1.915717
1.234979
1.729908
1.790861
1.486688
1.781741
1.470817
1.832878
1.592589
1.898133
1.729099
1.693033
1.821930
1.930531
1.407735
1.731339
1.922993
1.571330
1.776193
1.965894
1.356258
1.950487
1.885983
1.858833
1.729680
1.804822
1.896491
1.910723
1.419729
1.987708
1.880176
1.476997
1.363797
1.501441
1.604660
1.474395
1.930725
1.906781
1.922365
1.406249
1.932873
1.442557
1.354128
1.279842
1.892916
1.800631
1.967661
1.906848
1.570085
1.739472
1.862946
1.838842
1.782094
1.863200
1.467813
1.919859
1.894285
1.927845
1.193025
1.999106
1.569784
1.757337
1.199186
1.524587
1.906628
1.949118
1.737784
1.966572
1.637743
1.707442
1.173811
1.918154
1.997087
1.912551
1.986427
1.669645
1.871191
1.563252
1.257310
1.897829
1.912802
1.398179
1.746383
1.302441
1.671782
1.776104
1.482644
1.264228
1.659555
1.456624
1.459501
1.455192
1.414771
1.155417
1.907454
1.214913
1.715692
1.601976
1.661851
1.842298
1.959523
1.282003
1.395199
1.981080
1.816711
0.954760
1.988372
1.783008
1.023959
1.899621
1.651379
1.389920
1.913298
1.569138
1.923423
1.774566
1.338662
1.261692
1.157512
1.071840
1.922756
1.337334
1.424585
1.235500
1.489794
1.450912
1.589925
1.389778
1.363542
1.692410
1.840535
1.476585
1.136152
1.561857
1.416178
1.755285
1.870072
1.664363
1.442992
1.611886
1.049993
1.285010
1.230078
1.944365
1.343002
1.391333
0.954288
1.604199
1.197252
1.852968
1.448126
1.121871
1.411990
1.837185
1.979161
1.697010
1.824667
1.714498
1.174132
1.465637
1.976345
0.850187
1.358366
1.888896
1.636414
1.314364
1.287315
1.887133
1.873473
1.495982
1.438858
1.188144
1.645326
1.592678
1.567587
1.483342
1.596650
1.781921
1.775602
1.281241
1.361182
1.249378
1.026197
1.071082
1.159047
1.910403
1.179095
1.713076
1.656733
1.171683
1.903849
1.950851
1.825323
1.971401
1.642866
1.725410
1.760372
1.534693
1.690756
1.044741
1.907834
1.711866
1.990488
1.521148
1.762987
1.718545
1.664372
1.857804
1.328881
1.770602
1.901725
1.783078
1.151905
1.132624
1.167416
1.416197
1.200040
1.271844
1.259369
1.342764
1.547008
1.736988
1.848467
1.460404
1.470337
1.050234
1.923717
1.956972
1.038648
1.746506
1.745785
1.161692
1.317714
1.598521
1.320822
1.768484
1.835772
1.787577
1.554061
1.129918
1.381658
1.319622
1.238837
1.595288
1.932109
1.175291
1.452406
1.187412
1.201079
1.317923
1.550266
1.725075
1.725627
1.100156
1.318476
1.557275
1.647408
1.202565
1.772274
1.775874
1.126524
1.444886
1.907839
1.341183
1.894107
1.364801
1.390451
1.666742
1.891628
1.550176
1.385625
0.987459
1.630770
1.462134
1.796471
1.302668
1.156740
1.868742
1.059039
1.986253
1.787294
1.870183
0.967713
1.387900
0.984110
1.880430
1.678703
1.754021
1.035603
1.967855
