1.976632
1.578860
1.474258
1.942823
1.530043
1.210454
1.821664
1.435009
1.440232
1.661595
1.978018
1.589452
1.356349
1.593719
1.934434
1.958911
1.867073
1.966307
1.400335
1.602198
1.625408
1.503046
1.622037
1.703933
1.682882
1.488593
1.755471
1.773635
1.941341
1.499667
1.578503
1.521176
1.337442
1.263761
1.597088
1.721401
1.875018
1.708705
1.472640
1.895670
1.956543
1.941532
1.996514
1.585560
1.308446
1.998079
1.547029
1.772130
1.234569
1.548691
1.522871
1.515086
1.457625
1.889339
1.076376
1.789713
1.919062
1.070037
1.998616
1.923904
1.490471
1.799838
1.599996
1.880509
1.652706
1.965506
1.391227
1.587202
1.682484
1.680564
1.153815
1.798607
1.645241
1.797160
1.587103
1.297636
1.508691
1.070445
1.805500
1.883854
1.784106
1.909709
1.780999
1.474626
1.823645
1.668678
1.581055
1.857523
1.151391
1.817009
1.297738
1.681905
1.938536
1.655558
1.529847
1.517378
1.818020
1.222582
1.746210
1.416293
1.871462
1.254549
1.555613
1.706804
1.555513
1.578178
1.572376
1.881831
1.994227
1.848453
1.898471
1.613383
1.294886
1.363061
1.456617
1.819305
1.107672
1.479798
1.707127
1.468721
1.360349
1.920121
1.403828
1.423494
1.780367
1.354815
1.778148
1.007607
1.317621
1.282806
1.735697
1.291352
1.685449
1.628259
1.792728
1.604370
1.819662
1.321622
1.368900
1.788702
1.295680
1.818404
1.383942
1.256226
1.451075
1.465383
1.206115
1.533288
1.819824
1.373987
1.845610
1.357792
1.398306
1.619193
1.649994
1.916782
1.843621
1.487374
1.793228
1.429960
1.429416
1.266477
1.578642
1.543461
1.105886
1.368451
1.924041
1.771004
1.602067
1.992644
1.633766
1.294193
1.908411
1.323979
1.554541
1.974146
1.998394
1.817251
1.796972
1.957130
1.944234
1.302632
1.497080
1.455377
1.490298
0.863938
1.860513
1.506369
0.995975
1.242069
1.124471
1.225428
1.175658
0.997162
0.850497
1.413601
1.357106
1.818288
1.993098
1.840352
1.312979
1.785137
1.564764
1.291428
1.106403
1.386910
1.708863
1.875388
1.929873
1.207484
1.623219
0.979136
1.392703
1.962284
1.195385
1.841198
1.415584
0.816256
1.498256
1.317861
1.238863
1.754158
1.750766
1.920457
1.571807
1.593206
1.973083
1.628462
1.112676
1.972121
1.966652
1.979930
1.762138
1.875582
1.675435
1.915956
1.772928
1.562429
1.280804
0.996212
1.865310
1.538432
1.202637
1.319002
1.534984
1.573277
1.565269
1.810773
1.615156
1.869288
0.821731
1.892845
1.462726
1.544910
1.263444
1.514905
1.982140
1.216056
1.047156
1.763889
1.276660
1.100659
1.826524
1.330045
1.196477
1.925770
1.191227
1.267889
1.740875
1.639471
0.835190
1.001714
1.742926
1.003438
1.705971
1.235313
1.458927
1.511038
1.424648
1.927896
1.346604
1.773815
1.646302
1.321668
1.529752
1.299877
1.579206
1.900552
1.649890
1.790178
1.534969
0.924613
1.383349
1.828945
1.670900
1.120336
1.479228
1.327519
1.901283
1.466472
1.187178
0.860621
1.574200
1.227667
1.996895
1.518921
