1.982739
1.978311
1.840447
1.976835
1.897478
1.869059
1.842345
1.853476
1.795421
1.953111
1.861998
1.883608
1.963665
1.908266
1.828353
1.992263
1.939767
1.860953
1.789826
1.960107
1.729746
1.903279
1.906819
1.708138
1.803273
1.938852
1.881455
1.883882
1.697272
1.788583
1.965394
1.937948
1.983558
1.653119
1.500997
1.661884
1.617381
1.907637
1.925637
1.718245
1.882050
1.941131
1.644207
1.846893
1.925333
1.884341
1.670997
1.985190
1.761528
1.838502
1.690369
1.502604
1.742869
1.802364
1.812744
1.932288
2.000000
1.910184
1.731050
1.678040
1.618138
1.741336
1.680730
1.955769
1.833908
1.970743
1.557496
1.784211
1.718507
1.701854
1.533451
1.980494
1.731560
1.932960
1.795614
1.635799
1.631939
1.774868
1.954756
1.965843
1.959022
1.568434
1.621816
1.930685
1.735853
1.474092
1.621359
1.963514
1.841136
1.472827
1.548276
1.717365
1.384478
1.967379
1.626154
1.808857
1.523361
1.860986
1.861124
1.886582
1.760585
1.780825
1.755334
1.863082
1.712991
1.439244
1.738046
1.551224
1.759199
1.628123
1.714334
1.964309
1.899089
1.502349
1.894299
1.910145
1.853032
1.941593
1.966225
1.597579
1.674936
1.446758
1.643811
1.748998
1.877449
1.479597
1.752675
1.710822
1.957524
1.883220
1.937792
1.584632
1.757429
1.591987
1.808261
1.877577
1.579580
1.467813
1.558448
1.806653
1.778256
1.688970
1.864591
1.406971
1.686976
1.559933
1.779790
1.917539
1.941188
1.424712
1.903640
1.547350
1.961816
1.654650
1.211865
1.440184
1.397353
1.954313
1.843052
1.940681
1.521007
1.783154
1.821604
1.306057
1.721029
1.346560
1.297291
1.489461
1.354297
1.818590
1.854908
1.583320
1.801297
1.955522
