1.925664
1.970739
1.998953
1.988346
1.786505
1.904242
1.901358
1.912493
1.800421
1.858247
1.626173
1.727525
1.832807
1.875731
1.952408
1.941266
1.712931
1.774180
1.856711
1.506426
1.877842
1.989876
1.929644
1.907550
1.766610
1.837765
1.923543
1.549059
1.870674
1.926037
1.627942
1.970379
1.610843
1.952205
1.526238
1.913447
1.664931
1.721155
1.897277
1.769269
1.860138
1.876498
1.565121
1.783870
1.734882
1.910920
1.992885
1.445759
1.955112
1.906581
1.789676
1.776295
1.640771
1.797266
1.957050
1.710275
1.836470
1.942330
1.447310
1.573418
1.547954
1.761432
1.675032
1.641751
1.617869
1.993288
1.532563
1.967597
1.869148
1.796411
1.452008
1.609954
1.655533
1.569118
1.879456
1.851957
1.915468
1.380367
1.946825
