1.970541
1.665643
1.913544
1.947025
1.955682
1.929024
1.998458
1.758185
1.906421
1.985890
1.915967
1.641166
1.928651
1.853037
1.891410
1.877070
1.901697
1.573964
1.714674
1.888453
1.953251
1.935516
1.975749
1.749127
1.872861
1.815178
1.802300
1.372019
1.721490
1.644846
1.818660
1.864476
1.941171
1.825559
1.931469
1.860479
1.354956
1.891111
1.618606
1.626468
1.744693
1.469917
1.536707
1.619405
1.917798
1.435537
1.635234
1.836873
1.859637
1.892076
1.573169
1.885825
1.374032
1.943790
1.755572
1.956001
1.544333
1.752865
1.929456
1.911570
1.825859
1.797445
1.521800
1.569088
1.799250
1.721232
1.685529
1.846692
1.633938
1.704911
1.688749
1.756509
1.561342
1.838128
1.782150
1.531313
1.922655
1.806623
