1.836404
1.835132
1.630313
1.782688
1.923398
1.656885
1.812393
1.919713
1.669365
1.712999
1.734787
1.598865
1.625961
1.896212
1.345201
1.982671
1.933627
1.468232
1.963418
1.601987
1.494622
1.224493
1.565260
1.226384
1.931496
1.784258
1.440872
1.892923
1.796707
1.379255
1.943781
1.238933
1.789109
1.803665
1.499037
1.522834
1.830243
1.356590
1.664268
1.479058
1.843568
1.526921
1.815566
1.850106
1.594636
1.701612
1.936866
1.896198
1.444945
1.886228
1.351874
1.463463
1.811463
1.270681
1.630318
1.401860
1.424128
1.641958
1.361818
1.952844
0.968890
1.755874
1.800109
1.998473
1.765464
1.836415
1.606377
1.866371
1.841118
1.616242
1.994167
1.765166
1.973672
1.489950
1.502278
1.949680
1.877025
1.269589
1.729306
1.621978
1.536790
1.948810
1.694407
1.797337
1.323374
1.372283
1.959881
1.473669
1.434855
1.763033
1.220013
1.754906
1.902273
1.533136
1.818213
1.996822
1.477179
1.327295
1.851076
1.224812
1.772482
1.808347
1.988536
1.280295
1.408304
1.279682
1.669647
1.571822
1.546345
1.756493
1.642539
0.945932
1.501688
1.931797
1.879875
1.594651
1.960681
1.454819
1.184464
1.783577
1.653175
1.499134
1.874633
1.661231
1.871375
1.622414
1.937908
1.426730
1.944468
1.696090
1.436959
1.868573
1.941100
1.402927
1.361395
1.651611
1.620841
1.501119
1.270692
1.729943
1.683981
1.330155
1.212038
1.412252
1.303089
1.657041
1.922984
1.872996
1.957677
1.751016
1.778982
1.150446
1.289463
1.459796
1.650204
1.973198
1.945249
1.435785
1.162372
1.750044
1.997855
1.931228
1.887515
1.856928
1.393971
1.259937
1.934627
1.237211
1.678664
1.938283
1.632637
1.733007
0.869702
1.771726
1.260186
1.415229
1.077850
1.741752
1.566534
1.108555
1.747583
1.386370
1.999631
1.584250
1.054754
1.231513
1.541822
1.937079
1.678821
1.702877
1.495686
1.713916
1.338550
1.290764
1.839717
1.845198
1.106451
1.709509
1.698659
1.915088
1.350624
1.470610
1.421042
1.974990
1.672072
1.922683
1.903745
1.324345
1.490885
1.069159
1.536463
1.971694
1.479849
1.596569
1.832203
1.494597
1.284677
1.683331
1.900491
1.855205
1.881721
1.219313
1.128381
1.213662
1.916568
1.954683
1.523453
1.342976
1.596901
1.595573
1.392123
1.202127
1.759251
1.795922
1.455911
1.989795
1.555259
1.743061
1.290143
0.908280
1.957262
1.120128
1.621916
1.309543
1.728857
1.681890
1.720608
1.249644
1.549158
1.500347
1.455897
1.573299
1.461907
1.206760
1.007935
1.135893
0.794914
1.280856
1.943370
1.342133
1.466143
1.123760
1.134209
1.602661
1.574598
1.917003
1.692567
1.362806
1.464677
1.345107
1.719334
1.126692
0.919237
1.921070
0.958719
1.832751
1.595024
1.342253
1.701525
1.564111
1.534954
1.366427
1.455018
1.696783
1.466750
1.099267
1.660891
1.619837
1.671554
1.887719
1.770226
1.541315
1.649468
1.770768
1.222109
1.256218
1.928431
1.127563
0.938595
1.359264
1.841769
1.473162
1.635466
1.430805
1.243650
1.821074
1.596049
1.078892
1.497592
1.345942
1.067989
1.170346
1.419227
1.842965
1.788656
1.862728
1.296016
1.601168
1.353554
