1.974218
1.963915
1.976518
1.965377
1.663986
1.981437
1.882705
1.927415
1.932813
1.756458
1.825979
1.709560
1.706859
1.932281
1.875234
1.810987
1.919379
1.947372
1.762663
1.793260
1.884692
1.913998
1.474000
1.874182
1.900949
1.814922
1.790303
1.754745
1.822649
1.652940
1.820788
1.789799
1.662425
1.834619
1.975574
1.945091
1.700991
1.991722
1.769996
1.946590
1.670322
1.695244
1.881387
1.516057
1.938792
1.627810
1.865169
1.820686
1.744828
1.742037
1.791884
1.921687
1.696900
1.598345
1.488295
1.562655
1.647606
1.943197
1.895523
1.997456
1.869435
1.952713
1.807618
1.761800
1.987942
1.829479
1.717698
1.871017
1.937173
1.607847
1.425665
1.857585
1.616861
1.719167
1.964836
1.784023
1.915188
1.593852
1.941496
1.474303
1.887382
1.464661
1.770109
1.604205
1.465381
1.549836
1.980975
1.881042
1.827190
1.622087
1.768901
1.573166
1.549823
1.456687
1.612824
1.612807
1.863166
1.723920
1.910982
1.542731
1.827456
1.309167
1.757217
1.574980
1.660018
1.906251
1.762836
1.995439
1.943504
1.567165
1.958913
1.365744
1.815037
1.749352
1.769812
1.667492
1.617250
1.926967
1.836488
1.865628
1.717989
1.455327
1.436426
1.536956
1.681788
1.857815
1.886193
1.874218
1.506055
1.720551
1.760194
1.642537
1.791691
1.609429
1.309294
1.765037
1.530110
