1.895213
1.914447
1.810577
1.953032
1.861851
1.849881
1.766766
1.698823
1.745522
1.985740
1.992337
1.779193
1.948209
1.827052
1.880687
1.857053
1.751352
1.947278
1.633310
1.706032
1.960819
1.780528
1.882270
1.851822
1.940780
1.920608
1.957144
1.774355
1.987014
1.757243
1.772584
1.938767
1.734354
1.902479
1.836822
1.736034
1.919634
1.788174
1.752811
1.842411
1.977396
1.729310
1.977361
1.845709
1.790058
1.945089
1.858064
1.830949
1.680305
1.895688
1.600073
1.839989
1.674735
1.684908
1.829803
1.940805
1.616000
1.742142
1.908502
1.825551
1.669505
1.888176
1.924210
1.858960
1.856245
1.691674
1.846108
1.851228
1.440489
1.996151
1.579387
1.513055
1.885260
1.810707
1.863255
1.933670
1.688122
1.526076
1.886152
1.988636
1.899991
1.835754
1.563099
1.613337
1.938768
1.887113
1.759172
1.827395
1.922708
1.580922
1.891733
1.900602
1.483206
1.950039
1.353762
1.903259
1.978903
1.668676
1.337361
1.896339
1.409711
1.668696
1.777104
1.684981
1.810741
1.540281
1.612037
1.824732
1.579494
1.655930
1.787837
1.461074
1.811057
1.719512
1.390007
1.733706
1.667082
1.765008
1.782878
1.870280
1.440506
1.826542
1.776185
1.628628
1.467050
1.971595
1.899448
1.705359
1.909512
1.939740
1.485058
1.974751
1.846173
1.994242
1.395724
1.509269
1.796277
1.291253
1.344348
1.847342
1.712957
