1.862554
1.579822
1.970432
1.989989
1.711925
1.783432
1.812083
1.851823
1.744540
1.874687
1.796771
1.811057
1.868896
1.626728
1.398345
1.887408
1.795218
1.639593
1.942373
1.723448
1.857305
1.989716
1.930905
1.698322
1.828614
1.940718
1.604431
1.847176
1.857619
1.990874
1.904784
1.713698
1.973022
1.439953
1.465840
1.765133
1.815394
1.901555
1.762551
1.837260
1.875121
1.598403
1.862732
1.976479
1.973090
1.521395
1.846577
1.547282
1.767715
1.995705
1.887604
1.665639
1.701654
1.892009
1.428735
1.963254
1.293546
1.989216
1.713542
1.655274
1.580762
1.796940
1.516684
1.898209
1.875394
1.761893
1.421221
1.964763
1.357097
1.740341
1.695778
1.944021
1.674739
1.890253
1.498311
1.893516
1.857652
1.769433
1.625362
1.455059
1.755349
1.756227
1.509516
1.846090
1.539471
1.728059
1.990503
1.966221
1.917893
1.598998
1.660064
1.212658
