1.849765
1.951990
1.980656
1.983251
1.796550
1.831615
1.854463
1.889246
1.774314
1.956032
1.700758
1.997685
1.994760
1.698688
1.995786
1.929818
1.980373
1.614156
1.798753
1.651198
1.972221
1.707301
1.621063
1.971697
1.860718
1.972668
1.569258
1.985732
1.967276
1.948249
1.938770
1.999951
1.538950
1.809084
1.848207
1.627481
1.763868
1.970493
1.945909
1.823008
1.861285
1.917864
1.969919
1.500289
1.956265
1.949669
1.765029
1.414634
1.593544
1.939105
1.758528
1.657914
1.337306
1.757443
1.961935
1.912560
1.717954
1.939791
1.981092
1.941136
1.686284
1.954583
1.444065
1.853325
1.912119
1.448559
1.783976
1.772536
1.720795
1.941273
1.552671
1.758195
1.751532
1.404496
1.810688
1.570594
1.704105
1.318817
1.445516
1.286355
1.993744
1.564582
1.176944
