1.878547
1.912751
1.945001
1.918002
1.737739
1.816265
1.906462
1.934282
1.900198
1.946292
1.453703
1.890925
1.954600
1.796703
1.944293
1.946973
1.896335
1.777990
1.997799
1.922350
1.954655
1.951258
1.984297
1.518494
1.583720
1.979944
1.926357
1.931088
1.961361
1.980913
1.839397
1.562251
1.842959
1.592228
1.929779
1.968089
1.774859
1.820197
1.987096
1.554973
1.862483
1.959619
1.985840
1.815824
1.869819
1.799698
1.966907
1.984172
1.895198
1.710044
1.828248
1.858600
1.390593
1.638669
1.973354
1.683699
1.712679
1.494942
1.936583
1.993731
1.659402
1.715144
1.953813
1.624678
1.517413
1.476538
1.715809
1.986310
1.594866
1.779271
1.472648
1.357779
1.653599
1.714563
1.802370
1.672848
1.418201
1.693796
1.938026
1.663728
1.996868
1.757358
1.711196
1.978978
