1.894007
1.877526
1.944742
1.882316
1.936456
1.618495
1.831980
1.969293
1.799823
1.843101
1.987822
1.934970
1.751266
1.902121
1.909980
1.976246
1.800902
1.524474
1.783278
1.501870
1.969824
1.647915
1.762268
1.750388
1.595733
1.827534
1.984814
1.917025
1.626772
1.449919
1.523221
1.815506
1.523319
1.958800
1.690931
1.428353
1.981636
1.593943
1.700498
1.626132
1.562315
1.867317
1.979342
1.762902
1.650456
1.985004
1.702520
1.436916
1.597934
1.857951
1.933348
1.571272
1.957757
1.957225
1.591495
1.633170
1.605020
1.933692
1.571198
1.556845
1.766368
1.705570
1.931660
1.772943
1.671088
1.581199
1.451984
1.408150
1.982565
1.785693
1.750233
1.686453
1.906045
1.684194
