1.910150
1.982664
1.803755
1.985583
1.950155
1.924367
1.965035
1.996237
1.825335
1.784964
1.859744
1.945063
1.944249
1.937926
1.930243
1.781171
1.935291
1.954721
1.964211
1.890576
1.682798
1.665846
1.907123
1.846084
1.694663
1.946877
1.799905
1.823882
1.935577
1.817287
1.940560
1.791106
1.690203
1.951511
1.990483
1.740394
1.730307
1.732697
1.867172
1.652660
1.992053
1.905728
1.895018
1.760192
1.999896
1.828111
1.757106
1.876827
1.585340
1.991921
1.977080
1.704279
1.897858
1.981524
1.820492
1.983441
1.710139
1.501766
1.802714
1.655689
1.795792
1.916887
1.757705
1.649343
1.917250
1.783318
1.984186
1.584342
1.955069
1.976492
1.893840
1.909647
1.888721
1.513969
1.689992
1.618171
1.967284
1.634500
1.980945
1.391669
1.616928
1.874713
1.620768
1.941394
1.880565
1.605254
1.969636
1.805970
1.864552
1.703465
1.528905
1.694917
1.908557
1.591803
1.667466
1.949981
1.730709
1.768493
1.939409
1.396972
1.786007
1.719498
1.950159
1.896914
1.614190
1.852782
1.991150
1.520359
1.804560
1.736765
1.999608
1.597926
1.797716
1.963811
1.627440
1.923559
1.549026
1.662048
1.972443
1.758308
1.727145
1.741241
1.909575
1.762108
1.708181
1.902792
1.921682
1.788397
1.375087
1.670852
1.909559
1.833258
1.751038
1.795699
1.529389
1.518667
1.625461
1.557201
1.614286
1.664948
1.378944
1.885051
1.780981
1.950356
1.620869
1.632809
1.549447
1.952864
1.581743
1.702421
1.771670
1.453571
1.905183
1.399637
1.822625
1.556523
1.669429
1.917036
1.749874
1.478083
1.956009
1.321553
1.714588
1.837948
1.286782
1.467180
1.770527
1.941377
1.562630
1.584163
1.285084
1.761754
