1.799200
1.886306
1.803368
1.527576
1.636924
1.852012
1.421992
1.699693
1.938237
1.292352
1.000678
1.731489
1.813494
1.875532
1.945403
1.369896
1.579582
1.943750
1.844739
1.990277
1.597130
1.545653
1.987763
1.714833
1.870221
1.511141
1.071970
1.947509
1.537940
1.945264
1.819261
1.855179
1.882534
1.114639
1.420547
1.505671
1.607580
1.806276
1.829116
1.446941
1.930577
1.895954
1.249034
1.746498
1.631759
1.718883
1.758899
1.779210
1.448573
1.241803
1.989728
1.756736
1.563293
1.939579
1.603838
1.749149
1.792502
1.617375
1.416910
1.664307
1.932276
1.475458
1.646073
1.865024
1.428206
1.653996
1.752645
1.416070
1.766020
1.463978
1.812075
0.991786
1.919517
1.876718
1.960069
1.648078
1.362679
1.984222
1.766400
1.202625
1.949037
1.637082
1.755476
1.015013
1.654985
1.395908
1.457924
1.521233
1.935452
1.601801
1.576620
1.756075
1.855205
1.662762
1.227808
1.739751
1.598467
1.158732
1.589918
1.935427
1.709997
1.538857
1.622834
1.139757
1.673091
1.623842
1.731361
1.520712
1.942875
1.775332
1.729345
1.593208
1.274199
1.543333
1.210851
1.365854
1.976561
1.706369
1.128221
1.292588
1.993232
1.734652
1.962090
1.588616
1.152330
1.617543
1.517914
1.841316
1.824260
1.359835
1.841756
1.300121
1.696473
1.471557
1.279039
1.611450
1.460975
1.760163
1.444440
1.498275
1.464012
1.793708
1.520006
1.778008
1.150933
1.953020
1.331585
1.658139
1.561652
1.214761
1.781751
1.845202
1.408936
1.838128
1.792649
1.461391
1.574212
1.688396
1.778680
1.188352
1.959068
1.559697
1.672403
1.805431
1.645781
1.906023
1.246897
1.382042
1.772352
1.874229
1.988983
1.840031
1.928092
1.661135
1.974431
1.984809
1.206201
1.523917
0.968740
1.072328
1.495691
1.936323
0.843190
1.821359
1.639234
1.667773
1.268429
1.884538
1.588514
1.922431
1.727227
1.920089
1.483844
1.866582
1.046161
1.415862
1.556077
1.594493
1.562156
1.319094
1.460155
1.949674
1.889246
1.181032
1.855429
1.855915
1.141180
1.814299
1.446965
1.870888
1.618338
1.451564
1.162501
1.563141
1.832516
1.983910
1.770128
1.317546
1.594280
1.455375
1.524747
1.127196
1.593822
1.087903
1.665980
1.710801
1.858051
1.938644
1.232404
1.437824
1.700445
1.678502
1.958002
1.284905
1.836355
1.958287
1.570226
1.426494
1.685473
1.625917
1.973975
1.796530
1.463564
1.933334
1.772838
1.760863
1.207402
1.681706
1.812990
1.395321
1.534979
1.923858
1.411063
1.667587
1.497529
1.199757
1.882713
1.440413
1.772055
1.311243
1.996070
1.380721
1.771926
1.564218
1.656240
1.050615
1.650896
1.919783
1.173071
1.438082
1.211752
1.951334
1.809029
1.224882
1.724927
1.639820
1.724442
1.896333
1.703359
1.680330
1.251232
1.831201
1.673047
1.650644
1.273095
1.693126
1.819263
1.847084
1.996765
1.412424
1.394063
1.900446
1.511400
1.576990
1.441630
1.794052
1.211736
1.727423
1.373549
1.349983
1.319503
1.892181
1.669500
1.223748
1.657304
1.534605
1.400902
1.373666
1.183922
1.732089
1.787664
1.934057
1.693598
1.878187
1.659924
1.200275
1.471415
1.251451
1.798950
1.145697
1.694045
1.541607
0.980568
1.481061
1.623652
1.718810
1.152881
1.801376
1.985349
1.696820
1.273795
1.894461
1.322999
1.520186
1.459357
1.891056
1.564658
1.033562
1.759374
1.640177
1.290142
1.679112
1.404668
1.587847
1.708140
1.021134
1.619257
1.854604
1.670294
1.607973
1.926826
1.273859
1.860197
1.844296
1.428252
1.505687
1.125934
1.355667
1.514237
1.970761
1.545993
1.958990
1.449139
1.888352
1.475166
1.736982
1.197851
1.807976
1.603363
1.425628
1.050172
1.358120
1.647783
1.833023
1.810569
1.471178
1.764414
1.338847
1.936584
1.902069
1.396239
1.020305
1.611558
1.239235
1.807016
1.615207
1.726102
1.064611
1.126846
1.700850
1.619396
1.683270
0.943264
1.870548
1.631095
1.984124
1.692705
1.728462
1.481117
1.241841
1.421920
1.135916
1.726954
0.931604
1.695390
1.488886
1.189653
0.855260
1.770137
1.962148
1.963157
1.896021
1.022115
1.468605
1.024799
1.409752
