1.814935
1.957686
1.758014
1.802352
1.871320
1.792337
1.810847
1.904194
1.891104
1.850365
1.535709
1.941788
1.993620
1.910640
1.841415
1.801866
1.987809
1.674100
1.987658
1.999725
1.997764
1.675473
1.693030
1.849195
1.862356
1.903358
1.973387
1.910004
1.966932
1.638696
1.945337
1.890875
1.793706
1.649426
1.432059
1.933747
1.799188
1.649955
1.663548
1.804399
1.931683
1.652202
1.676408
1.812969
1.685988
1.806011
1.969967
1.987785
1.825742
1.905587
1.707954
1.751110
1.503719
1.809340
1.781675
1.913012
1.653372
1.487132
1.996121
1.537586
1.815905
1.940614
1.580439
1.359398
1.868782
1.231941
1.847520
1.563661
1.840198
1.947184
1.571120
1.893989
1.573693
1.765134
1.776459
1.464318
1.763989
1.681953
1.854716
1.804532
1.852195
1.879049
1.330270
1.503572
1.988641
1.848738
1.536402
1.632846
1.870955
1.874982
1.696216
