1.575941
1.821759
1.991175
1.980360
1.830915
1.916626
1.733103
1.812854
1.872294
1.691711
1.964848
1.845848
1.824934
1.728191
1.677373
1.526462
1.594811
1.548920
1.933788
1.963671
1.893726
1.663898
1.818177
1.912186
1.892949
1.865638
1.655681
1.690373
1.803437
1.421272
1.765512
1.731854
1.595850
1.736973
1.812703
1.876758
1.695253
1.706011
1.874322
1.756101
1.524743
1.811165
1.631484
1.956181
1.853642
1.512552
1.820179
1.626898
1.452621
1.743386
1.938311
1.974503
1.753028
1.850639
1.755609
1.871784
1.655400
1.639155
1.569909
1.957896
1.278571
1.543345
1.346296
1.759680
1.621074
1.436151
1.401123
1.799558
1.951626
1.485398
1.506419
1.871118
1.869189
1.619334
1.245775
1.603216
1.150340
1.391710
1.963895
1.878698
1.978642
1.768986
1.744296
1.749662
1.741455
1.489696
1.882451
1.925302
1.797130
1.345542
1.947228
1.786768
1.993200
1.915835
1.573105
1.956433
1.744392
1.738240
1.918516
1.776546
1.729149
1.397034
1.912001
