1.981530
1.965667
1.983233
1.983045
1.846294
1.928376
1.871299
1.881126
1.741985
1.872671
1.999703
1.957939
1.965259
1.709295
1.724335
1.911946
1.925508
1.791037
1.880060
1.787904
1.838572
1.945023
1.710007
1.776065
1.918398
1.875704
1.831254
1.943629
1.822058
1.758482
1.656241
1.762862
1.783097
1.745661
1.814606
1.965754
1.743882
1.874149
1.776616
1.895378
1.983790
1.943217
1.932843
1.822399
1.983754
1.968928
1.838772
1.928958
1.512901
1.730363
1.951588
1.787719
1.897473
1.983884
1.907629
1.676132
1.629461
1.851028
1.922110
1.737652
1.888730
1.714742
1.959205
1.961611
1.980131
1.947188
1.837971
1.721906
1.789430
1.803173
1.597951
1.951804
1.844061
1.620996
1.803805
1.480767
1.784488
1.626756
1.983746
1.727236
1.869109
1.989797
1.553014
1.813224
1.911198
1.991766
1.586377
1.816395
1.905894
1.874222
1.982983
1.869034
1.736855
1.874133
1.650006
1.586456
1.932642
1.782431
1.575636
1.458785
1.522933
1.614856
1.470674
1.616355
1.575075
1.969763
1.539931
1.858760
1.929602
1.675608
1.826340
1.533386
1.744752
1.558174
1.889956
1.583415
1.758657
1.789012
1.924225
1.682172
1.940309
1.803487
1.789298
1.756709
1.933893
1.811933
1.402878
1.896674
1.649490
1.435092
1.624793
1.976621
1.878502
1.692038
1.605141
1.882454
1.295274
1.658753
1.604108
1.429333
1.624186
1.458679
1.896471
1.367250
1.798261
1.534874
1.264604
1.671970
1.551806
1.661408
1.455772
1.694987
1.883695
1.981963
1.855036
1.984267
1.382564
1.724514
