1.721522
1.886956
1.959366
1.370151
1.782850
1.971655
1.768755
1.720179
1.739142
1.142341
1.673791
1.645121
1.472190
1.379211
1.782357
1.974818
1.889319
1.031778
1.377609
1.589957
1.548526
1.534320
1.972415
1.598973
1.959917
1.867787
1.964027
1.909460
1.574037
1.682080
1.515181
1.954704
1.960454
1.448155
1.935774
1.401654
1.817530
1.622585
1.168348
1.829794
1.773101
1.793015
1.826945
1.880832
1.082810
1.661662
1.527289
1.066233
1.500277
1.979638
1.661054
1.244149
1.237488
1.726401
1.879312
1.549118
1.446810
1.797464
1.118325
1.612765
1.391164
1.775871
1.788271
1.327820
1.617255
1.394255
1.986903
1.922829
1.501934
1.620150
1.940173
1.584497
1.822021
1.914447
1.692556
1.991272
1.060044
1.573328
1.616698
0.965458
1.257393
1.863159
1.981022
1.664010
1.500218
1.364151
1.297112
1.621826
1.750494
1.106401
1.930937
1.936370
1.852464
1.182416
1.888362
1.482762
1.884864
1.495136
1.690537
0.902714
1.487245
1.410028
1.404919
1.544570
1.172918
1.927443
1.510421
1.580611
1.532180
1.847294
1.849047
1.129379
1.731820
1.989762
1.975044
1.708393
1.833276
1.620241
1.711741
1.921894
1.629847
1.008664
1.747016
0.990228
1.762626
1.849157
1.987894
1.602169
1.786385
1.393892
1.869217
1.686309
1.886439
1.705870
1.530418
1.844877
1.150790
1.254673
1.419133
1.648115
1.545564
1.486492
1.335213
1.644401
1.588116
1.986965
1.848034
1.716843
1.219092
1.593722
1.118693
1.791701
1.428070
1.665180
1.995029
1.493809
1.603334
1.279729
1.968910
1.226035
1.107847
1.931617
1.257025
1.234314
1.403356
1.497564
1.083732
1.038146
1.832881
1.721664
1.372314
0.859877
1.318753
1.759468
1.670413
1.542110
1.886521
1.334268
1.848654
1.210438
1.921766
1.645537
1.513000
1.430362
1.271879
1.489154
1.952677
1.840469
1.050558
1.365590
1.806581
1.796777
1.522105
1.960712
1.920299
1.479309
1.820804
1.804593
1.598737
1.812332
1.539314
1.339439
1.378200
1.387555
1.414479
1.099330
1.260384
1.104111
1.390993
1.991066
1.995692
1.476125
1.855100
1.825569
1.966517
1.378142
1.555787
1.906366
1.557964
1.539715
1.821383
1.779338
1.708620
0.959053
1.825367
1.248314
1.981803
1.609353
0.983570
1.436449
1.584458
1.568294
1.265728
1.946772
1.544199
1.241060
1.304407
1.240083
1.647975
1.469313
1.010700
1.510511
1.373819
0.745944
1.375328
1.983337
1.514093
1.759207
1.581262
1.055877
1.622710
1.658227
1.642802
1.348955
1.280449
1.101361
1.079031
1.803422
1.094823
1.844780
1.814445
1.803605
1.810395
1.688687
1.405825
1.634687
1.078150
1.173364
1.563060
1.662576
1.790229
1.729550
1.702627
1.418741
1.835797
1.272551
1.425650
1.355182
1.441839
1.761451
1.212070
0.967429
0.850313
1.906327
1.621792
1.099082
1.859461
1.349810
1.541336
1.053143
1.592122
1.506590
1.560932
1.086027
1.311289
1.998788
1.832028
1.702137
1.432353
1.311826
1.342807
1.806154
1.953371
1.585355
1.091363
1.797915
1.085822
1.309116
1.901756
1.734750
0.947249
