1.854458
1.592157
1.858340
1.654806
1.919783
1.405520
1.699906
1.870497
1.364025
1.323380
1.529037
1.624941
1.660631
1.809732
1.889367
1.998003
1.912073
1.576665
1.113661
1.451019
1.603985
1.222172
1.905412
1.603482
1.761911
1.363056
1.624981
1.397294
1.367381
1.813457
1.900625
1.460229
1.508798
1.933973
1.526222
1.165315
1.548093
1.420556
1.889029
1.149060
1.822584
1.748832
1.725342
1.717697
1.835750
1.992522
1.076624
1.651498
1.720432
1.810496
1.960386
1.390153
1.971124
1.820027
1.026487
1.775033
1.889599
1.595575
1.285704
1.922337
1.429149
1.162694
1.985092
1.928481
1.431823
1.515439
1.986990
1.109998
1.398872
1.984288
1.242798
1.851787
1.927071
1.967524
1.909825
1.970153
1.436290
1.396064
1.604612
1.291307
1.691302
1.727164
1.817975
1.430550
1.912272
1.880447
1.623554
1.344303
1.939069
1.946793
1.888827
1.928560
1.219526
1.464682
1.797392
1.456617
1.365975
1.497602
1.887799
1.603032
1.618107
1.949842
1.312116
1.618227
1.739192
1.550408
1.967445
1.725121
1.460683
1.597781
1.783794
1.891632
1.072125
1.225076
1.673848
1.502950
1.513923
1.324360
1.360212
1.485352
1.067560
1.992821
1.300850
1.965901
1.185670
1.425952
1.854094
1.546806
1.245702
1.886550
1.449392
1.987395
1.517828
1.245910
1.468943
1.995134
1.517779
1.219534
1.349202
1.447342
1.953218
1.324521
1.512262
1.475090
1.808766
1.863628
1.893458
1.421635
1.377296
1.619429
1.667940
1.811092
1.659051
1.653383
1.797484
1.886160
1.883843
1.031619
1.071103
1.832395
1.951862
1.908692
1.851333
1.318164
1.945919
1.653014
1.474765
1.568735
1.673607
1.533744
1.641259
1.324958
1.983638
1.491562
1.736931
1.860150
1.515983
1.214556
1.923220
1.412513
1.304068
1.994838
1.891601
1.473795
1.906030
1.728386
1.044263
1.686092
1.516764
1.456033
1.301193
1.275791
1.162268
1.965989
1.836087
1.190642
1.472706
1.728505
1.093060
1.866962
1.488891
1.253906
1.379196
1.628374
1.359368
1.321815
1.471117
1.159029
0.948242
1.128524
1.724623
1.280843
1.796661
1.726281
1.624288
1.927615
1.252582
1.700885
1.096699
1.301904
1.027292
1.136712
1.636986
1.894568
1.415423
1.189281
1.786684
1.947013
1.168042
1.720090
1.591148
1.978154
1.738652
1.227408
1.597178
0.985692
1.733144
1.940946
0.975530
1.291752
1.555415
1.695122
1.167507
1.725834
1.722304
1.980060
1.410994
1.057122
1.545739
1.977455
0.902413
1.482190
1.710240
1.450780
1.704588
1.202770
1.373921
1.927821
1.748873
1.019209
1.444864
1.655284
1.639071
1.814864
0.955575
1.511877
1.127886
1.484339
1.922656
1.768156
1.091046
1.923084
1.928910
1.454732
1.000300
1.483675
1.721367
1.285829
1.021142
1.404065
1.212487
1.837367
1.143546
1.954786
1.582051
1.378575
1.548452
1.769956
0.889942
0.915331
1.579686
1.273583
1.292473
1.586069
1.067049
0.982271
1.099278
1.804708
1.743156
0.970815
1.003849
1.782595
0.948981
0.995015
1.051151
1.604204
1.316259
1.453380
1.716583
1.760505
1.604968
1.795916
1.622096
1.701979
1.707212
1.307448
