1.999454
1.971699
1.818625
1.971684
1.942572
1.746509
1.790151
1.998356
1.704009
1.563081
1.970817
1.906354
1.732978
1.875200
1.721811
1.906319
1.726498
1.803629
1.908087
1.580851
1.979661
1.715015
1.873169
1.790294
1.885906
1.773612
1.978887
1.765603
1.757164
1.966137
1.771099
1.926854
1.541410
1.840726
1.957724
1.946608
1.882455
1.973544
1.517008
1.960924
1.866500
1.891259
1.333755
1.946531
1.715591
1.968155
1.768536
1.629751
1.793582
1.891422
1.835617
1.779620
1.831210
1.721025
1.653075
1.975676
1.942535
1.768257
1.467552
1.869038
1.656551
1.897841
1.660207
1.465933
1.672065
1.942132
1.838139
1.926283
1.634705
1.999318
1.519362
1.619934
1.643289
1.745413
1.922143
1.713235
1.712852
1.705537
1.535177
1.577797
1.390642
1.807181
1.856105
1.933640
1.919123
1.884174
1.935897
1.738518
1.978553
1.759417
1.749032
1.965806
1.511671
1.731124
1.785601
1.734690
1.770269
1.419254
1.969448
1.224480
1.936443
1.494239
1.690029
1.405568
