1.866240
1.807253
1.982662
1.968951
1.933596
1.967461
1.921918
1.743996
1.954930
1.911770
1.899641
1.850470
1.974055
1.953147
1.977665
1.995679
1.853007
1.708441
1.986254
1.838892
1.860253
1.870343
1.940534
1.802182
1.867941
1.955283
1.860833
1.968510
1.778438
1.674920
1.985679
1.651600
1.948114
1.831025
1.716338
1.664613
1.959755
1.721118
1.608308
1.920507
1.701427
1.872702
1.997170
1.682786
1.989242
1.898426
1.865629
1.801554
1.824962
1.629768
1.668924
1.724415
1.889203
1.706318
1.848442
1.934462
1.940280
1.972853
1.815623
1.764617
1.888721
1.615676
1.554150
1.914162
1.963452
1.772558
1.916455
1.754062
1.850254
1.601653
1.922582
1.723314
1.895732
1.732304
1.597129
1.700640
1.999751
1.824912
1.833552
1.847556
1.810508
1.970370
1.509725
1.904216
1.912971
1.996899
1.526548
1.484828
1.937321
1.716812
1.937191
1.589390
1.947362
1.552392
1.907106
1.615468
1.584374
1.788188
1.690102
1.633853
1.748517
1.915234
1.890273
1.632171
1.937804
1.573837
1.727053
1.482044
1.725767
1.547485
1.590885
1.745460
1.543574
1.690909
1.835624
1.479538
1.814126
1.791599
1.806805
1.902458
1.639428
1.923131
1.984815
1.974569
1.323873
1.749970
1.660340
1.729116
1.854611
1.687963
1.717202
1.874873
1.831064
1.981023
1.977096
1.556388
1.294972
1.982718
1.546575
1.508812
1.801443
1.772157
1.559461
1.735662
1.793561
1.799490
1.779949
1.956966
1.700837
1.222751
1.733788
1.371446
1.427882
1.631470
1.491468
