1.842516
1.641161
1.779916
1.873876
1.689850
1.633138
1.635760
1.693570
1.925491
1.839778
1.835181
1.624557
1.825898
1.235024
1.434795
1.991140
1.440642
1.241686
1.052678
1.106314
1.927453
1.469943
1.407324
1.499805
1.834123
1.861870
1.816149
1.716739
1.488109
1.900134
1.467676
1.889455
1.795654
1.471821
1.456962
1.992919
1.922617
1.409467
1.761100
1.777497
1.183426
1.777951
1.691763
1.592034
1.758742
1.923809
1.425286
1.650508
1.409194
1.773453
1.635643
1.783890
1.767777
1.993139
1.197785
1.370919
1.376014
1.655109
1.919591
1.694955
1.978322
1.273728
1.623503
1.733515
1.749776
1.991098
1.406656
1.778668
1.842616
1.756814
1.911528
1.738132
1.476557
1.673930
1.552413
1.942998
1.200260
1.289148
1.708351
1.609438
1.823951
1.526221
1.450704
1.034449
1.847719
1.689192
1.600905
1.143081
1.581833
1.690526
1.878724
1.816678
1.536069
1.617868
1.700432
1.630997
1.796342
1.765443
1.870205
1.725007
1.268261
1.161116
1.899888
1.191540
1.294086
1.505975
1.968271
1.428736
1.747256
1.270342
1.579104
1.413877
1.435213
1.849402
1.962849
1.927500
1.135220
1.061276
1.315036
1.934237
1.459024
1.732439
1.714965
1.559637
1.460782
1.628201
1.993336
1.134024
1.626807
1.814425
1.409505
1.848356
1.870031
1.811312
1.529581
1.516204
1.899910
1.514047
1.378976
1.345857
1.895465
1.453718
1.569187
1.384902
1.861886
1.878129
1.796135
1.838049
1.499320
1.436381
1.664792
1.339346
1.370861
1.540152
1.604309
1.669084
1.915385
1.242798
1.904889
1.582266
1.159821
1.677965
1.640593
1.633328
1.125462
1.857889
1.486215
1.961139
1.839344
1.391086
1.173689
1.506272
1.082873
1.700318
1.558586
0.937671
1.432752
1.735071
1.870568
1.860098
1.847848
1.896017
1.810357
1.730649
1.722050
1.495011
1.371563
1.102214
1.605211
1.620474
1.661766
1.147148
1.496503
1.795162
1.400938
1.082520
1.775555
1.383708
1.819400
1.534312
1.384131
1.717630
1.560002
1.537447
1.334198
1.606412
1.545156
1.425635
1.419450
1.793634
1.230765
1.635038
1.760060
1.630442
1.858447
1.788325
1.274526
1.480073
1.986523
1.986002
1.819827
1.275134
1.998671
1.962189
1.406698
1.039022
1.136366
1.968255
1.501651
1.145307
1.466446
1.530267
1.776642
1.886070
1.803880
1.548280
1.033379
1.701486
1.897466
1.631412
1.947783
1.665319
1.107930
1.537357
1.497955
1.387829
1.540440
1.900338
1.140824
1.383463
1.906048
1.960814
1.999529
1.343852
1.852876
1.564924
1.874712
1.051378
1.621126
1.332272
1.751269
1.364368
1.936568
1.451410
1.486407
1.305031
1.921431
1.530497
1.926977
0.947760
1.200562
1.700877
1.495572
1.725813
1.894939
1.609609
1.657614
1.964927
1.897450
1.578957
1.776643
1.091527
1.449548
1.776500
1.843322
1.255991
1.299024
1.144059
1.898437
1.335843
1.236223
1.379415
1.573645
1.743896
1.960447
1.698159
1.761437
1.766087
1.694995
1.904103
0.901001
1.469147
1.626453
1.921748
1.374406
1.810716
1.305729
0.872395
1.362174
1.778220
1.578912
0.946951
1.838845
1.569845
1.442017
1.313429
1.679001
1.898025
1.937203
1.955814
1.505784
1.351271
1.129112
1.515531
1.894012
1.785654
1.537573
1.817236
1.764974
1.940061
1.859422
1.099905
1.559989
1.943094
0.999273
0.990865
1.278020
1.246161
1.697432
0.947370
1.727249
1.703466
1.696011
1.582366
1.793880
1.552555
1.090157
1.207486
1.229433
1.992922
1.839969
1.841476
1.261426
1.282096
1.578577
1.543792
1.890486
1.018173
1.744061
1.737369
1.877454
1.273283
1.590209
1.997201
1.465621
1.862817
1.777615
1.112897
1.139802
1.251644
1.908268
1.634429
1.002170
1.346250
1.866393
1.918073
1.831785
1.787488
1.987624
1.701951
1.163864
1.944938
0.988104
1.573895
1.086488
1.602119
1.856595
0.962403
1.215997
1.703593
1.748749
1.692651
1.806601
1.984186
1.806192
1.539751
1.237108
1.814977
1.907625
1.041809
1.971360
1.880844
0.918472
1.892455
1.413199
1.721448
1.905049
1.749175
1.330070
1.870696
1.332879
1.693070
1.769796
1.232984
1.507208
1.258363
1.891543
1.763425
1.364114
0.823101
1.889786
1.987258
1.846094
1.464062
1.323446
1.388880
1.730316
1.791475
1.347005
1.597655
1.224011
1.904301
1.184989
1.564120
1.077419
1.682402
1.754164
1.645030
1.074596
1.115281
1.614683
1.593534
1.596233
1.606586
1.221190
1.850746
1.631394
1.004090
1.001860
1.273981
1.736051
1.935596
0.896234
1.059186
1.861977
1.638459
1.630925
1.238131
1.433163
1.892911
1.543933
1.367316
1.337396
1.644128
1.513195
1.280390
1.609859
1.134277
1.240965
1.006332
1.348372
1.915047
1.714418
1.318185
1.481635
1.994167
0.912042
1.555811
1.247507
1.875656
1.836633
1.164900
1.936211
0.873372
1.797712
1.389718
1.541752
0.999796
1.520271
1.427329
1.581281
1.583789
0.927950
1.641261
1.568113
1.773382
1.980176
1.491957
1.221574
1.351155
1.885471
0.961515
1.903151
1.509421
1.897199
1.098935
1.969481
1.724009
1.304814
1.270941
1.574777
1.621791
1.795037
1.585416
1.812484
1.842982
1.322521
1.632077
1.808593
1.458475
1.917165
1.812095
0.988394
0.947009
1.570961
1.474491
1.309074
1.103401
1.953840
1.558297
0.938995
1.918358
1.508962
1.120549
1.690152
1.627785
1.850164
1.572507
1.330949
1.098184
1.091593
0.903752
0.948429
1.495147
1.313939
1.635277
1.304897
0.832804
1.636501
1.594885
1.574286
0.954043
0.886581
0.932317
1.477545
1.167610
0.844186
1.933952
1.782883
1.433056
1.969238
1.773875
1.798878
