1.902096
1.909907
1.901425
1.949136
1.920118
1.947618
1.779759
1.889054
1.944788
1.825615
1.844726
1.971385
1.998708
1.657196
1.716232
1.669552
1.971564
1.969487
1.844276
1.798301
1.786279
1.812945
1.937155
1.911594
1.973602
1.861922
1.796362
1.969075
1.863420
1.831018
1.805191
1.632841
1.912741
1.780222
1.983555
1.859841
1.917158
1.858922
1.782063
1.878916
1.881715
1.945388
1.788323
1.593453
1.787499
1.728605
1.623969
1.983864
1.966843
1.923098
1.887677
1.756356
1.605227
1.621145
1.950757
1.746942
1.639055
1.802890
1.881095
1.636696
1.808414
1.985490
1.998712
1.997051
1.942383
1.732734
1.610740
1.888892
1.736111
1.765942
1.994060
1.693726
1.731768
1.878733
1.636671
1.718710
1.792224
1.704935
1.658746
1.762086
1.920348
1.706021
1.939865
1.606688
1.629637
1.695154
1.720480
1.702435
1.962980
1.711281
1.843520
1.932851
1.801375
1.798108
1.580083
1.945184
1.697613
1.515457
1.580940
1.764293
1.826972
1.860808
1.878841
1.833027
1.990698
1.493925
1.828059
1.779220
1.424768
1.688005
1.812972
1.570951
1.765621
1.649376
1.878689
1.730209
1.664453
1.598431
1.527813
1.990408
1.932033
1.927539
1.702485
1.694768
1.951203
1.491446
1.856278
1.433867
1.980143
1.800255
1.761659
1.631364
1.468730
1.717204
1.486387
1.989860
1.658596
1.591629
1.868676
1.704515
1.899044
1.591286
1.651554
1.744199
1.571882
1.707294
1.754895
1.668094
1.900466
1.500125
1.993093
1.718769
1.749151
1.400436
1.392050
1.478797
1.454340
1.358463
1.972887
