1.755165
1.447192
1.720635
1.450884
1.836076
1.722382
1.298655
1.737069
1.746997
1.605843
1.788494
1.920525
1.760884
1.819278
1.714614
1.953344
1.642361
1.784434
1.841850
1.196555
1.382350
1.635764
1.478948
1.760361
1.922090
1.650872
1.698549
1.900326
1.517270
1.155558
1.445930
1.627160
1.702418
1.823142
1.697363
1.561390
1.798139
1.729451
1.612847
1.885187
1.870486
1.562677
1.841498
1.549801
1.982399
1.998778
1.377959
1.682685
1.623251
1.778775
1.791436
1.144311
1.725274
1.856048
1.649600
1.837047
1.507021
1.705982
1.796830
0.960291
1.847949
1.690993
1.809456
1.977125
1.546580
1.934072
1.957541
1.235771
1.782694
1.579298
1.907483
1.785450
1.407863
1.596601
1.166439
1.969250
1.888360
1.737280
1.251123
1.969918
1.838563
1.628594
1.865791
1.928113
1.528238
1.608222
1.985739
1.673233
1.955873
1.295429
1.603172
1.589114
1.282565
1.372536
1.999664
1.786156
1.629081
1.564611
1.804594
1.888251
1.300201
1.244471
1.610719
1.884701
1.320995
1.747041
1.861482
1.552660
1.775386
1.352647
1.303473
1.970826
1.826900
1.549659
1.400373
1.539034
1.413885
1.762516
1.792997
1.669686
1.836514
1.970574
1.502656
1.109573
1.677799
1.754808
1.634579
1.668726
1.999758
1.967040
1.775641
1.435022
1.320357
1.594991
1.860666
1.394842
1.936070
1.915863
1.055585
1.856634
1.526166
1.378996
1.984494
1.540053
1.510256
1.977426
1.941747
1.323192
1.392321
1.866131
1.915031
1.706964
1.494535
1.302160
1.950298
1.562649
1.611917
1.972766
1.866007
1.581096
1.207123
1.943096
1.290258
1.744904
1.707843
1.960754
1.796539
1.896175
1.308297
1.961282
1.754707
1.202419
0.974209
1.573653
1.925030
1.759708
1.631694
1.524234
1.143193
1.576761
1.882873
1.820802
1.726800
1.346740
1.929515
1.355294
1.872983
1.522167
1.259234
1.633603
1.871962
1.967950
1.719892
1.392726
1.868216
1.370455
1.826619
1.998057
1.407297
1.593050
1.915191
1.400178
1.864482
1.538587
1.790768
1.565277
1.352205
1.709889
1.665860
1.694622
1.680764
1.266232
1.908045
1.975463
1.313971
1.935152
1.757581
1.274160
1.994866
1.953285
1.433137
1.646749
1.610279
1.526979
1.550453
1.448535
1.966798
1.505364
1.514401
1.644145
1.614037
1.029474
1.985217
1.716747
1.088618
1.980455
1.498756
1.220072
1.906639
1.836203
1.310307
0.964283
1.999752
1.933423
1.808980
1.178861
1.598964
1.960311
1.890856
1.130014
1.955042
1.957151
1.391997
1.349600
1.971202
1.985648
1.740697
1.924205
1.744953
1.567957
1.572620
1.487191
1.286208
1.700524
1.885561
1.926310
1.352668
1.532806
1.439028
1.142864
1.420697
1.797211
1.767689
1.948908
1.421860
1.803805
1.899940
1.596400
0.912660
1.423044
1.543674
1.579395
1.312031
1.644938
1.555879
1.725178
1.649748
1.858977
1.336695
1.555145
1.704402
1.427457
1.800069
1.748976
1.624096
1.262996
1.798406
1.067166
1.718132
1.822687
1.847215
1.957162
1.856246
1.250920
1.133408
1.233513
1.990823
1.281091
1.965924
1.056851
1.393084
1.376216
1.072739
1.753191
1.271302
1.772767
1.209085
1.915692
1.652066
1.015607
1.002658
1.853798
1.415880
1.739103
1.470208
1.238794
1.288199
1.877496
1.952268
1.903065
1.433992
1.676871
1.244843
1.126153
1.368203
1.645308
1.904715
1.837232
1.545158
1.308321
1.215831
1.960774
1.551422
0.905528
1.806778
1.975856
1.914893
1.864548
1.147212
1.577643
1.571687
1.330658
1.184144
1.395303
1.727623
1.548337
1.641764
1.983002
1.643382
1.759546
1.403769
1.549113
1.456440
1.923759
1.782294
1.602389
1.869477
1.832147
1.948858
1.445199
1.557581
1.607854
1.597402
1.228341
1.741305
1.163694
1.523253
1.341696
1.253555
1.149227
1.711099
1.341695
1.457638
1.018538
1.419358
1.160037
1.979669
1.479315
1.557025
1.654933
1.957216
1.676465
1.912373
1.919350
1.991478
1.381154
1.216226
1.588157
1.829564
1.352139
1.899650
1.404750
0.932039
1.756262
1.983953
1.572583
0.966889
1.745276
1.556088
1.744255
1.410215
1.733186
1.151593
1.688758
1.193413
1.863215
1.862878
1.536262
1.571989
1.675705
1.724343
1.813529
1.539310
1.948101
1.349227
0.916176
1.947225
1.847991
1.992912
1.830152
1.756114
1.529786
1.323733
1.683547
1.925816
1.936774
1.690396
1.536875
1.805325
1.484972
1.985175
1.830946
1.070730
1.701460
1.665314
1.269056
1.878708
1.483665
1.897062
1.317232
1.970597
1.438980
1.611846
1.512923
1.502115
1.275412
1.094262
1.570511
1.678515
1.967121
1.962576
1.654482
1.474517
1.177014
1.462090
1.615000
1.153285
1.658629
1.261357
1.785331
1.965800
1.337799
1.369999
1.753756
1.633525
0.959088
1.933917
1.970041
1.425742
1.475151
1.654477
1.556261
1.171170
1.647935
1.910056
1.771344
1.268969
1.649481
1.088070
1.328456
1.827712
1.727142
1.749246
1.846073
1.318573
1.613032
1.880414
1.267148
1.913130
1.749863
1.909191
1.323138
1.519642
1.669302
1.929347
1.336134
1.936464
1.550176
1.530602
1.812830
1.785315
1.916841
1.402486
1.961545
1.462848
1.464035
1.227387
1.583450
1.869287
1.451663
1.941681
1.019423
1.926476
1.591144
1.735337
1.449941
1.569501
1.785428
1.623300
0.884232
1.499745
1.931911
1.134909
1.863459
1.063655
1.136066
1.150547
1.677095
1.767697
1.504610
1.117488
1.625945
1.261628
0.886122
1.544390
1.355187
1.313530
1.933598
1.475469
1.027425
1.204036
1.539201
1.250471
1.821704
1.045674
1.305178
1.951389
1.440707
1.126187
1.966658
1.946107
1.337453
1.925988
1.564858
1.391963
1.865178
1.647780
1.966251
1.768288
1.972586
1.129576
1.907151
1.697202
1.471740
1.594390
1.673748
1.714150
1.549526
1.248359
1.351202
1.866396
1.288140
1.276945
1.194956
1.357274
1.602354
1.423380
1.522982
1.549040
1.688734
1.829844
1.888568
1.695421
1.158373
1.382711
1.002059
0.990823
1.424493
1.086224
1.019046
1.851007
1.500268
1.165876
1.655699
1.776154
1.432535
1.116153
1.538487
1.891240
1.170154
1.772879
1.738480
1.249735
1.573016
1.565234
1.567524
1.094065
1.737006
1.587627
1.471964
0.974419
1.516661
1.456327
1.829999
1.609694
0.876120
1.167637
1.478762
1.014998
1.789595
1.483778
1.456645
1.460956
1.719839
1.542229
0.933262
1.309286
1.928386
1.821464
1.857604
1.877808
0.875681
1.085224
1.419002
1.004929
1.300510
1.049784
1.629103
1.575319
0.752593
1.583078
1.398294
1.714951
1.036481
1.656605
1.125462
1.813127
1.544305
1.912454
1.195073
1.648402
1.810437
1.442272
1.021240
1.723163
1.927063
1.672089
1.726603
1.809600
1.012956
0.981883
1.397896
1.122402
1.165609
1.980582
1.136386
1.409871
1.818794
1.599520
0.770921
1.677997
1.121567
1.578487
1.545123
0.855538
1.374461
1.722814
1.289856
1.567293
0.847411
1.302369
1.590076
1.767812
1.312321
1.019377
1.294333
1.853849
1.392254
0.910042
1.078199
1.595497
1.495042
1.420452
0.893441
1.852496
1.260516
1.655497
1.760633
1.495378
1.590547
1.301550
1.508681
1.950451
1.470393
0.761283
1.773467
1.170330
1.166509
1.890924
1.583692
0.848409
1.531617
0.935089
1.113434
1.379075
1.721280
1.811155
1.921974
1.189162
1.708954
1.947651
1.954268
1.837855
1.997769
1.316135
1.980730
1.636685
0.841376
1.775249
1.883978
