1.798627
1.987077
1.598466
1.833452
1.812454
1.754673
1.905553
1.633147
1.528882
1.961348
1.838515
1.442764
1.701059
1.965480
1.926073
1.656322
1.677197
1.995055
1.944106
1.944837
1.259505
1.673177
1.758499
1.388295
1.516974
1.185416
1.601527
1.796748
1.582057
1.899560
1.416085
1.896348
1.900020
1.898761
1.824718
1.963565
1.999421
1.216807
1.561676
1.590699
1.838477
1.883892
1.509009
1.590991
1.339372
1.399139
1.326719
1.708862
1.339793
1.130541
1.817670
1.843531
1.451413
1.991451
1.990548
1.847998
1.793176
1.608669
1.862475
1.521076
1.808425
1.706985
1.700876
1.532856
1.920400
1.573637
1.984124
1.944497
1.653077
1.240373
1.055755
1.701087
1.875171
1.697147
1.758121
1.861641
1.233720
1.494955
1.466683
1.856264
1.359045
1.354186
1.589258
1.382251
1.356441
1.127520
1.928942
1.965094
1.423798
1.944590
1.190242
1.717471
1.514429
1.655955
1.518058
1.964876
1.840519
1.932839
1.891500
1.998986
1.899670
1.760133
1.467416
1.980817
1.317427
1.873531
1.727854
1.941764
1.960873
1.689136
1.637992
1.034591
1.998801
1.819982
1.210679
1.339999
1.630606
1.780904
1.818185
1.605684
1.931274
1.736862
1.471750
1.892169
1.140351
1.271207
1.388122
1.997517
1.887295
1.809612
1.429724
1.477802
1.647811
1.788894
1.510907
1.847584
1.528550
1.758543
1.927511
1.801521
1.974518
1.781457
1.588030
1.802319
1.542959
1.695220
1.484891
1.747919
1.494290
1.533792
1.950906
1.530216
1.440394
1.439782
1.734612
1.384062
1.402022
1.345613
1.650532
0.951502
1.876585
1.183032
1.809659
1.886029
1.389447
1.256565
0.985165
1.209706
1.702700
1.649245
1.789097
1.170731
1.304407
1.593833
1.461720
1.747792
1.298549
0.937078
1.325025
1.978479
1.485383
1.531073
1.840867
1.899738
1.572050
1.309932
1.638952
1.621884
1.285866
1.740561
1.230940
1.723940
1.395189
1.878061
1.441465
1.998621
1.854469
1.956543
1.822226
1.939920
1.708218
1.300633
1.556718
1.893162
1.822979
1.988182
1.658481
1.246100
1.655050
1.685275
1.611819
1.164287
1.595402
1.578317
1.483704
1.745464
1.480689
1.932948
1.804424
1.239867
1.738026
1.411319
1.299539
1.074625
1.968027
1.633005
1.557584
1.226905
1.341426
1.567224
1.266991
1.807686
1.105216
1.622326
1.462401
1.177545
1.420125
1.258041
1.273818
1.389121
1.185311
1.883956
1.238782
1.499253
1.615491
1.401036
1.652251
1.297464
1.228310
1.698415
1.969608
1.194175
1.785581
1.304124
1.769284
1.822749
1.347115
1.518188
1.242857
1.832851
1.849484
1.483278
1.829456
1.742184
1.402293
1.701778
1.390765
1.463874
1.596790
1.603660
1.693903
1.586323
1.580575
1.248926
1.944491
1.703615
1.769192
1.641578
1.497451
1.566601
1.880627
1.966474
1.881600
1.884801
1.980299
1.189099
1.214890
1.978629
1.402554
1.799783
1.636929
1.861118
1.674823
1.870969
1.806161
1.875356
1.980623
1.795426
1.821313
1.313111
1.648668
1.534380
1.966132
1.068500
1.357072
1.967537
1.357226
1.980592
1.535517
1.567014
1.354629
1.418916
1.455712
1.319697
1.895703
1.706065
1.860849
1.863154
1.207343
1.932039
1.093727
1.341331
1.761990
1.463151
1.419019
1.865366
1.387379
1.544137
1.854634
1.929833
1.702557
1.839011
1.628177
1.645025
1.367132
1.930390
1.939651
1.917312
1.340042
1.497055
1.964190
1.567866
1.096055
1.302865
1.015405
1.573614
1.726371
1.496648
1.918959
1.592191
1.572761
1.035816
1.978621
1.652722
1.693932
1.558262
1.276999
1.121572
1.964594
1.845572
1.340477
1.385553
1.672881
1.443464
1.172518
1.825424
1.084479
1.783654
1.314572
1.624956
1.893963
1.986616
1.787900
1.912671
1.620405
1.173741
1.347891
1.487219
1.343528
1.884728
1.718425
1.307831
0.949052
1.681429
1.368281
1.584574
1.820138
1.399119
1.906854
1.618833
1.445610
1.480903
1.655794
1.485525
1.683249
1.256185
1.553258
1.867774
1.436905
1.081914
1.294237
1.952119
1.001683
1.600409
1.124558
1.209847
1.833103
1.322274
1.875019
1.043064
1.133429
1.605510
1.229424
1.667898
1.125228
1.219584
1.467277
1.593073
1.462887
1.234465
1.272176
1.631774
1.835686
1.729932
1.678868
1.642058
0.893011
1.994928
1.969724
1.726490
1.780765
1.165300
1.905666
1.490197
1.979476
1.151436
1.237777
1.050170
1.957197
1.710020
1.395472
1.652334
1.282060
0.947166
1.022829
1.568686
1.837780
1.564053
1.906650
1.883926
1.231664
1.193978
1.776003
1.780580
1.850286
1.265313
1.130406
1.519031
1.748447
1.322332
1.863877
1.204254
1.898295
1.781752
1.372458
1.803420
0.880704
1.086531
1.703706
1.547731
1.310477
1.341497
1.788516
1.907025
1.479546
1.867157
1.573564
1.982641
1.986444
1.968204
1.691946
1.660107
1.388595
1.915071
1.689976
1.724001
1.664449
1.600344
1.176010
1.751858
1.603773
1.445523
1.434118
1.479448
1.067987
1.601779
1.535991
1.687900
1.987658
1.564619
1.883586
1.074899
1.360892
1.581980
1.998156
1.646845
1.191728
1.866287
1.895585
1.377767
1.933313
1.387851
1.881795
1.185580
1.816460
1.752682
1.082727
1.149787
1.969178
1.013707
1.153069
1.609989
1.721666
1.261303
1.194393
0.922685
1.529052
1.951032
1.974607
1.838577
1.390624
0.923014
1.868793
1.643094
1.424248
1.492791
1.455547
1.807937
1.462633
0.974643
1.932486
1.708707
1.376934
1.248358
0.849708
1.477603
1.192898
0.914734
1.096804
1.713444
1.835256
0.880178
1.956521
1.100430
0.976987
1.911495
1.630185
1.281213
1.844998
1.021840
1.108784
