1.915682
1.980125
1.687769
1.784190
1.752994
1.517512
1.814941
1.949882
1.668349
1.439147
1.662713
1.511145
1.933248
1.628024
1.903926
1.682480
1.464210
1.883076
1.639984
1.683193
1.273242
1.784834
1.787317
1.550253
1.888318
1.996372
1.633600
1.705593
1.190143
1.615801
1.817228
1.996625
1.231182
1.458910
1.882257
1.319623
1.318061
1.688724
1.289242
1.932712
1.548534
1.255140
1.949311
1.647843
1.771750
1.785555
1.937134
1.599351
1.777500
1.736712
1.895602
1.640542
1.455272
1.525723
1.199487
1.840133
1.685360
1.716300
1.897689
1.895134
1.606144
1.107392
1.340599
1.769220
1.977507
1.989029
1.753241
1.655408
1.578049
1.995964
1.550017
1.342915
1.858580
1.225418
1.502444
1.934826
1.687284
1.639804
1.860523
1.946273
1.711620
1.922901
1.731755
1.726547
1.324169
1.984675
1.655369
1.153346
1.987881
1.756369
1.367983
1.310850
1.801535
1.726428
1.944903
1.928253
1.818192
1.417898
1.760597
1.443093
1.716293
1.753260
1.537655
1.893242
1.894396
1.943826
1.800094
1.699055
1.432308
1.695848
1.924875
1.303578
1.532717
1.304935
1.882520
1.861359
1.863189
1.927411
1.364823
1.842148
1.961197
1.557520
1.565612
1.815431
1.618822
1.259917
1.671917
1.972466
1.554507
1.955875
1.839246
1.726175
1.106388
1.419976
1.996282
1.174977
1.943351
1.148130
1.717684
1.519594
1.003244
1.940173
1.628816
1.989696
1.279777
1.945308
1.753075
1.661011
1.751216
0.967844
1.171574
1.976773
1.929876
1.774693
1.732051
1.512234
1.437944
1.101921
1.487056
1.756357
1.953292
1.635207
1.326513
1.138152
1.723404
1.848988
1.802493
1.741181
0.992493
1.625590
1.254625
1.958229
1.993925
1.194617
1.637704
1.918082
1.421630
1.848038
1.708818
1.772485
1.540528
1.858550
1.771340
1.827762
1.633858
1.259853
1.718227
1.694423
1.775260
1.381207
1.766678
1.737125
1.630753
1.646777
1.980865
1.599803
1.830902
1.723136
1.125024
1.859049
1.640634
1.320776
1.395799
1.416690
1.453612
1.551140
1.187654
1.903063
1.847115
1.562741
1.736853
1.411744
1.633739
1.990667
1.479481
1.609251
1.696952
1.797752
1.711048
1.816977
1.609944
1.845783
1.180287
1.702961
1.948706
1.960777
1.759575
1.352797
1.541364
1.911067
1.481296
1.898204
1.963212
1.508147
1.648542
1.691334
1.620289
1.953002
1.462496
1.367985
1.789813
1.761146
1.054504
1.934178
1.162273
1.079401
1.723113
1.760452
1.238723
1.371155
1.802924
1.466275
1.443867
1.582176
1.828116
1.926862
1.931491
1.635335
1.803285
1.803405
1.962221
1.889176
1.679766
1.964420
1.005224
1.620094
1.520807
1.591480
1.570667
1.906392
1.504555
1.337507
1.257590
1.406571
1.671695
1.080837
1.897857
1.538059
1.577067
1.570460
1.085787
1.945870
1.292133
1.095799
1.642103
1.477503
1.600881
1.897333
1.399473
1.595313
1.480807
1.084790
1.104592
1.886077
1.614281
1.886077
1.166206
1.492285
1.607692
1.035441
1.940162
1.337475
1.914252
1.309591
1.261245
1.161582
1.684618
1.760530
1.592315
1.604158
1.408994
1.258056
1.385420
1.987927
1.351386
1.446470
1.821258
1.258816
1.969875
0.956411
1.492014
1.759987
1.865747
1.323819
0.981938
1.722611
1.874071
1.958763
1.855173
1.597598
1.971220
1.576252
1.793298
0.947941
1.843164
1.873131
1.938531
1.902385
1.644936
1.707150
1.784622
1.692015
0.754013
1.354805
1.182186
1.463597
1.944544
1.368836
1.716049
1.812692
1.890972
1.432410
1.380203
1.026358
1.243624
1.848776
1.621561
1.507817
1.607970
1.983791
1.875427
1.719397
1.159742
1.928796
1.479672
1.903627
1.435425
1.642797
1.409711
1.850063
1.752408
1.952726
1.400237
1.476588
1.523290
0.989608
1.703028
0.916715
1.674776
1.771800
1.829247
1.683382
1.193778
1.880116
1.578969
1.274195
1.386825
1.992598
1.263579
1.621902
1.960255
0.987860
1.725345
1.834771
1.064553
1.417725
1.294807
1.031133
1.270662
1.989293
1.421889
1.464833
1.234719
1.290344
1.275979
1.699268
1.710277
0.977274
1.323231
1.885805
1.800358
1.792388
1.974433
1.369259
1.991638
1.233623
1.191668
1.178134
1.457679
1.981629
1.414157
1.962466
1.240028
1.363519
1.213606
1.414106
1.070528
0.944028
1.617662
0.883762
1.711355
1.059974
1.725260
1.885356
1.602779
1.888122
1.565172
1.542112
0.892323
1.849840
1.949987
1.522511
1.012110
1.280638
1.548102
1.951098
1.405180
1.690809
1.633242
1.252926
1.911684
1.256585
1.837737
1.852680
1.489944
1.452553
1.990060
1.469091
1.140619
1.571849
1.659586
0.958512
1.203483
1.527372
1.386107
1.364732
0.872868
1.027498
1.781751
1.215764
1.302990
1.968872
0.831966
1.587464
1.580084
1.840507
1.221401
1.470197
1.626446
1.177040
1.155528
1.371030
1.955330
1.513765
1.652609
1.836436
0.888993
1.842757
1.971252
1.330491
0.963781
1.356017
1.267115
0.945138
1.641794
1.402209
1.150200
1.061160
1.562925
1.157201
1.998267
0.889732
1.800026
0.948857
1.459537
1.180792
1.634838
1.367717
1.318744
1.943875
1.598305
0.902111
1.585072
1.751603
1.921188
1.499110
1.937594
1.003257
1.884778
1.486983
1.023574
1.829484
1.243791
1.163379
1.308041
1.425453
1.670663
1.442453
1.408018
1.358757
1.788997
1.821328
1.967751
1.791563
0.995341
1.572017
1.474194
1.910764
1.191328
1.654702
1.860615
0.891886
0.775767
1.770236
1.503256
1.641973
1.672084
1.525992
0.894029
