1.775454
1.959130
1.934596
1.937854
1.971599
1.993234
1.837476
1.860879
1.467892
1.679091
1.573432
1.269218
1.579334
1.601038
1.703000
1.686476
1.805054
1.187149
1.984584
1.937722
1.968922
1.781588
1.672990
1.851179
1.628157
1.552838
1.584323
1.320591
1.212970
1.682359
1.673330
1.560808
1.920116
1.884519
1.789846
1.355530
1.546692
1.311172
1.888585
1.975863
1.842160
1.659084
1.527266
1.996170
1.523455
1.635085
1.870775
1.587881
1.669169
1.770424
1.624208
1.109072
1.306300
1.131638
1.383927
1.603869
1.487206
1.153124
1.386524
1.984068
1.426564
1.886654
1.797401
1.915001
1.980813
1.370841
1.747759
1.799308
1.790621
1.622420
1.952939
1.709046
1.502913
1.844100
1.498818
1.527031
1.715138
1.947460
1.979308
1.717683
1.649969
1.982655
1.173434
1.635329
1.932481
1.619748
1.966994
1.431998
1.435352
1.688320
1.756513
1.877131
1.783815
1.289887
1.553227
1.869733
1.615040
1.668259
1.186238
1.546752
1.709867
1.966767
1.940430
1.863507
1.710267
1.985179
1.628175
1.633148
1.734143
1.680260
1.782421
1.905259
1.921205
1.337617
1.377585
1.599843
1.401428
1.536257
1.722606
1.592503
1.606920
1.983720
1.265111
1.396198
1.454003
1.875990
1.774924
1.827167
1.973765
1.929892
1.960351
1.821789
1.861212
1.472198
1.797044
1.363520
1.509509
1.904866
1.784705
0.985792
1.970473
1.817795
1.975045
1.339121
1.789139
1.140883
1.356134
1.267059
1.460644
1.583152
1.329575
1.930649
1.626072
1.752468
1.021536
1.946617
1.159180
1.937172
1.466490
1.998147
1.712087
1.621856
1.706255
1.800382
1.861286
1.569882
1.400468
1.513007
1.595086
1.788705
1.566585
1.072552
1.702469
1.637354
1.761795
1.935517
1.837314
1.538554
1.420020
1.407257
1.680965
1.110309
1.754607
1.306654
1.828704
1.723817
1.669457
1.412637
1.874976
1.824249
1.431427
1.594340
1.990333
1.723611
1.534877
1.714628
1.671283
1.427360
1.684367
1.562354
1.849599
1.168891
1.810375
1.401016
1.529937
1.362888
1.700621
1.990601
1.972515
1.801949
1.475066
1.416477
1.736299
1.976197
1.738415
1.752733
1.985265
1.685160
1.761163
1.147815
1.328479
1.377232
1.269564
1.978651
1.292819
1.709624
1.406945
1.440149
1.470044
1.795486
1.548192
1.402394
0.903737
1.504501
1.120383
1.627883
1.803003
1.761773
1.480820
1.767282
1.682184
1.849165
1.430196
1.711326
1.990716
1.715891
1.756988
1.834381
1.723615
1.090452
1.761208
1.787384
1.728616
1.940677
1.301869
1.921654
1.477015
1.854300
1.382135
1.108243
1.185531
1.616669
1.467440
1.767739
1.237379
1.379092
1.894347
1.619324
1.635314
1.692990
1.555283
1.484661
1.290890
1.336889
1.187653
1.790197
1.487289
1.899409
1.986653
1.599378
1.537322
1.955005
1.980080
1.365700
1.906441
1.197467
1.607943
1.879855
1.063651
1.800211
1.068856
1.635135
1.080462
1.946140
1.652538
1.910748
1.373990
1.320271
1.679833
1.422596
1.646645
1.193580
1.138264
1.890420
1.876851
1.797440
1.638190
1.625001
1.939221
1.894009
1.812924
1.985884
1.104377
1.215220
1.944247
1.429092
1.081075
1.872340
1.865119
1.916580
1.457726
1.905653
1.815097
1.620069
1.390433
1.334906
1.497543
1.929088
1.315503
1.574656
1.778651
1.724000
1.969906
1.054460
1.138383
1.426153
1.200270
1.441336
1.379770
1.166573
1.239724
1.861565
1.807891
1.747057
1.589681
1.590614
0.949919
1.241946
1.859292
1.895072
1.132669
1.941805
1.336151
1.432675
1.352213
1.498797
1.619941
1.685037
1.620805
1.486054
1.753819
1.814198
1.766254
1.399212
1.289502
1.360540
1.429500
1.980157
1.617781
1.755777
1.354136
1.607149
1.968901
1.388671
1.495007
1.842874
1.722492
1.857991
1.347203
1.921173
1.874754
1.671096
1.723069
1.880044
1.341292
1.299444
1.340165
1.837394
1.988459
0.976993
1.221040
1.903854
1.808580
1.807641
1.588763
1.529864
1.555975
1.644353
1.760273
1.572243
1.297207
1.198955
1.379648
1.579579
1.252640
1.341789
1.868224
1.132978
1.198164
1.391336
1.659164
1.234762
1.497558
1.998267
1.870045
1.859738
1.679359
1.893347
1.565511
1.725436
1.425792
1.665082
1.120086
1.533196
1.526624
1.910102
1.788435
1.112021
1.146866
1.367765
1.216113
0.991569
1.678685
1.376010
1.346521
1.500984
1.781144
1.917552
1.870814
1.181093
1.184427
1.062636
1.717904
1.678810
1.141995
1.826638
1.480346
1.620941
1.891917
1.821609
1.914130
1.410283
1.925259
1.879291
1.815209
1.596129
1.339957
1.561590
1.730434
1.101270
1.847133
1.358126
1.913194
1.496064
1.059773
1.569426
1.551538
1.827821
1.079749
1.419994
1.442063
1.481785
1.364384
1.255998
1.504336
1.832095
1.591959
1.509573
1.607007
1.688797
1.679999
0.950372
1.806031
1.460301
1.577511
0.976165
1.192129
1.460502
1.624558
1.268007
1.550757
1.428407
1.731105
1.843909
1.892225
1.884322
1.767545
1.028248
1.423214
1.403938
1.590272
1.380374
1.730303
1.183185
1.498048
1.462492
1.935339
1.482415
1.552248
1.121867
1.780936
1.485244
1.689225
1.601657
0.992604
1.794111
1.007296
1.870933
1.476081
1.880263
1.262408
1.076657
0.841902
1.160813
1.053141
1.535318
1.232501
1.933853
1.702556
1.393772
1.985834
1.062605
1.796008
1.362963
1.791457
1.349107
1.339176
1.794736
1.572804
1.661920
1.544940
0.979531
1.493245
1.867812
1.562371
1.052781
1.036479
1.841527
1.047074
1.706668
1.351595
1.838780
1.366202
1.479437
1.966807
1.507257
1.588476
1.018500
1.851702
1.925646
1.747106
0.973995
1.417672
1.260943
1.128137
1.846511
1.954513
1.121145
1.369274
1.290224
1.979416
1.448550
1.346696
1.564359
1.896521
1.156294
1.756885
1.169382
1.004316
1.402329
1.774288
1.676581
1.954340
1.752561
1.389243
1.194224
1.774677
1.139317
1.784850
1.162468
1.814138
1.675031
1.394568
1.674907
1.237618
1.310277
1.650148
1.484312
1.787759
1.256408
1.519371
1.907887
1.140113
1.904500
1.292852
1.337058
1.611523
1.560584
1.271094
1.186485
1.799489
1.406834
1.618956
1.358173
1.144740
1.832432
1.461393
1.930093
1.920225
1.975390
1.718093
1.659794
1.535845
1.534909
1.040669
1.897672
1.825059
1.878628
1.536280
0.997104
1.691415
1.798191
1.455985
1.909260
1.264181
1.316221
1.976420
1.363670
1.300249
1.417016
1.533362
1.905486
1.316219
1.560004
1.566477
1.127412
1.432139
1.524561
1.498136
1.876588
1.401305
1.889735
1.749672
0.875704
1.748911
1.269012
1.911810
1.664243
1.808771
1.340207
1.625904
1.118639
1.374473
1.700346
1.849004
1.704522
1.067296
1.503346
1.956351
1.959498
1.832503
1.376061
1.786494
1.024567
1.166617
1.757141
1.328190
1.504939
1.590068
1.927304
1.488301
0.992973
1.173791
1.633777
1.665479
0.923399
