1.701061
1.832419
1.845273
1.575792
1.955672
1.288624
1.216093
1.436746
1.328122
1.321184
1.861007
1.957212
1.638138
1.501019
1.607825
1.428404
1.517705
1.941575
1.584362
1.996841
1.754310
1.821880
1.918167
1.978211
1.596819
1.795788
1.376568
1.709524
1.671228
1.286197
1.553656
1.373444
1.853268
1.344624
1.320899
1.697356
1.339893
1.889713
1.430371
1.574529
1.754385
1.392827
1.607775
1.995506
1.835645
1.763985
1.185201
1.607401
1.715138
1.358569
1.866491
1.677859
1.287348
1.848193
1.742415
1.394169
1.623130
1.419786
1.920221
1.362391
1.905363
1.902352
1.591668
1.984843
1.657715
1.947266
1.579329
1.134966
1.904371
1.541636
0.889162
1.628372
1.995040
1.732377
1.284289
1.374698
1.349695
1.818104
1.655085
1.968434
1.950994
1.081692
1.469349
1.343925
1.902366
1.839602
1.538650
1.547119
1.935178
1.731619
1.501700
1.761716
1.500777
1.932415
1.282899
1.676041
1.027778
1.965806
1.163036
1.703755
1.955821
1.366083
1.358855
1.941432
1.665028
1.429532
1.827819
1.300729
1.663913
1.476118
1.241822
1.568385
1.368345
1.542489
1.643790
1.617491
1.510641
1.853242
1.652454
1.705862
1.440725
1.713041
1.225089
1.712057
1.302904
1.368179
1.883322
1.583081
1.182625
1.114508
1.550239
1.776954
1.206012
1.168328
1.847874
1.620293
1.913606
0.853664
1.956029
1.517553
1.670895
1.808957
1.869062
1.310286
1.998679
1.300560
1.569168
1.666296
1.319361
1.531697
1.107792
1.093387
1.174736
1.299432
1.122118
1.758344
1.701516
1.508177
1.253089
1.982099
1.987631
1.996491
1.943628
1.502791
1.448995
1.692082
1.887424
1.808741
1.068055
1.528661
1.977364
1.808549
1.213304
1.187047
1.472337
1.843451
1.245248
1.925458
1.518581
1.009656
1.556489
1.049968
1.827697
1.899806
1.208787
1.397841
1.172521
1.945132
1.912796
1.581701
1.862431
1.842425
1.343809
1.799715
1.289500
1.022618
1.742529
1.694298
1.066049
1.957890
1.713970
1.775424
1.322348
1.633361
1.252702
1.403038
1.502612
1.865017
1.474341
1.676989
1.686455
1.795053
1.461757
1.766302
1.446474
1.792862
1.075578
1.807628
1.786348
1.021556
1.138967
1.356495
1.877208
1.141769
1.629918
1.839486
1.969543
1.829091
1.820790
0.985039
1.263477
1.836682
1.937749
1.062549
1.337104
1.320834
0.934532
1.478842
1.512117
1.405358
1.040168
1.596207
1.454765
1.358898
1.980563
1.293413
1.966656
1.220124
1.924526
1.619545
1.928730
1.673605
1.312258
1.772519
1.271111
1.464866
1.932069
1.400466
1.748747
1.237649
1.322883
1.799455
1.985847
1.717371
1.769877
1.209996
1.462998
1.775930
1.560147
0.823449
1.604898
0.977009
0.993108
1.655600
1.136177
1.482700
1.568846
1.512223
1.184570
1.945900
1.855254
1.268315
1.478738
1.880940
1.848331
1.963070
1.256601
0.971277
1.083857
1.137297
1.443117
0.940831
1.986498
1.839537
0.807101
1.656319
1.972700
1.742535
1.494824
1.990561
1.127514
1.349058
1.497334
1.206177
0.851112
1.778842
1.934901
1.896104
1.930263
1.797458
1.871172
1.897395
1.989742
1.405800
1.393675
0.867289
1.674179
