1.955764
1.974641
1.943196
1.844972
1.781495
1.964756
1.980377
1.988790
1.814722
1.892430
1.965676
1.867165
1.691805
1.877578
1.888875
1.924560
1.985361
1.984690
1.828876
1.687608
1.843126
1.871896
1.796862
1.995037
1.705408
1.959801
1.676098
1.942478
1.983473
1.970538
1.961370
1.791997
1.898875
1.794800
1.796273
1.961226
1.913427
1.921481
1.749329
1.575823
1.923093
1.813499
1.796548
1.991525
1.681400
1.792259
1.921329
1.954521
1.819119
1.958321
1.819276
1.882637
1.849681
1.823262
1.770677
1.893300
1.897194
1.848141
1.813156
1.924793
1.939450
1.870124
1.985940
1.770071
1.521944
1.792430
1.760713
1.755023
1.896482
1.753002
1.872367
1.678535
1.929403
1.885131
1.812230
1.781769
1.982758
1.937766
1.991143
1.714836
1.921163
1.816936
1.755343
1.898545
1.562380
1.544089
1.626327
1.782657
1.701399
1.633110
1.881362
1.461290
1.793231
1.742178
1.903734
1.723941
1.609477
1.820787
1.627795
1.719610
1.636712
1.886889
1.615638
1.418884
1.688246
1.690377
1.903725
1.949655
1.904271
1.625440
1.702302
1.775490
1.917217
1.528095
1.758290
1.743030
1.527411
1.908432
1.800405
1.253932
1.656205
1.485873
1.475297
1.875431
1.972803
1.904612
1.523847
1.861610
1.978794
1.579573
1.962851
1.460917
1.897549
1.970019
1.653983
1.716772
1.548223
1.805544
1.458944
1.958324
1.791190
1.802089
1.561553
1.960972
1.682546
1.796120
1.734211
1.732038
1.791813
1.462962
1.973707
1.852526
1.874786
1.580548
1.539252
1.910658
1.630208
1.766191
1.838213
1.814931
1.394367
1.815898
1.736718
1.663350
1.656897
1.453523
1.975007
1.476349
1.677912
1.993195
1.812561
1.765889
1.996027
1.435691
1.743879
1.752901
1.985735
1.631072
1.250204
1.551028
1.879653
1.359618
1.975386
