1.557519
1.548819
1.746831
1.606131
1.769609
1.461136
1.967448
1.608299
1.558674
1.824431
1.645583
1.569321
1.741044
1.969217
1.746051
1.549090
1.508089
1.536967
1.737540
1.522613
1.823026
1.679101
1.821477
1.649239
1.810679
1.447053
1.897162
1.637299
1.982319
1.368002
1.565533
1.889941
1.297787
0.933500
1.606590
1.856325
1.966524
1.711215
1.943492
1.206532
1.835911
1.722505
1.896624
1.701477
1.147388
1.412775
1.081140
1.593571
1.801129
1.488855
1.230272
1.808028
1.909538
1.924359
1.761959
1.619761
1.949852
1.975872
1.904226
1.903832
1.361858
1.761199
1.802778
1.549090
1.742263
1.720972
1.539773
1.662450
1.797106
1.798780
1.450319
1.853121
1.792339
1.946743
1.586807
1.978822
1.758277
1.695518
1.672642
1.634260
1.891135
1.290003
1.987375
1.901486
1.625275
1.932265
1.933225
1.505693
1.823479
1.783044
1.404015
1.722489
1.983371
1.106051
1.966371
1.897982
1.849950
1.731563
1.510964
1.806045
1.841247
1.941337
1.481877
1.541928
1.180080
1.351370
1.675446
1.984471
1.684006
1.663529
1.305571
1.096261
1.723657
0.949688
1.567372
1.955844
1.969534
1.634361
1.551297
1.008950
1.454371
1.295460
1.503221
1.189156
1.560689
1.922228
1.152184
1.156175
1.893970
1.688466
1.610091
1.047291
1.943151
1.982482
1.666023
1.809020
1.810550
1.483575
1.515461
1.677396
1.413773
1.171621
1.715743
1.745352
1.489508
1.989661
1.579406
1.585719
1.219247
1.631212
1.505975
1.860977
1.709982
1.744466
1.534693
1.745714
1.524622
1.805053
1.820417
1.925948
1.952598
1.624877
1.964764
1.308491
1.770121
1.082442
1.654596
1.989546
1.142491
1.449221
1.936422
1.414456
1.300556
1.812391
1.221376
1.519186
1.655795
1.765621
1.083321
1.922766
1.992564
1.733577
1.359163
1.814177
0.976530
1.802580
1.416819
1.640494
1.819820
1.641992
1.201015
1.657241
1.569813
1.748770
1.547608
1.842578
1.723546
1.020605
1.896279
1.711670
1.346734
1.436783
1.771809
1.396533
1.677875
1.858326
1.458308
1.902324
1.812846
1.746274
1.942142
1.986033
1.978766
1.950889
1.545988
1.672458
1.743401
1.121269
1.600259
1.529439
1.670194
0.928693
1.741300
1.747923
1.708590
1.389802
1.645813
1.674017
1.721851
1.154176
1.417202
1.481173
1.724692
1.574676
1.516747
1.262385
1.979165
1.098796
1.344358
1.796130
1.758637
1.087317
1.343868
1.814773
1.138995
1.220182
1.307314
1.254192
1.450658
1.123989
1.426291
1.686026
1.875041
0.987166
0.926376
1.241545
1.284300
1.947741
1.189776
1.078577
1.229814
1.974955
1.737957
1.543178
1.952001
1.881767
1.137377
1.730756
1.250768
1.173661
1.157646
1.652728
1.691693
0.715126
1.725993
1.735560
1.564536
1.709690
1.691753
1.701496
1.868479
1.593783
1.484758
1.566641
1.702402
1.849464
1.307629
1.182893
1.447299
1.970679
1.739636
1.406833
1.424217
1.391750
1.316253
1.708745
1.831129
1.548684
1.897611
1.726071
1.408561
1.597903
1.585346
1.476622
1.100188
1.949120
1.614023
1.111456
1.268017
1.428269
1.856103
1.677245
1.401973
1.983423
1.804149
1.650976
1.041547
1.990960
1.687476
1.836215
1.608155
1.399873
1.434579
1.701644
1.307479
1.769037
1.431013
1.898658
1.838542
1.454355
1.843405
1.739723
1.817121
1.300009
1.683651
0.855643
1.250607
1.038216
1.230853
1.995058
1.651334
1.841467
0.980209
1.153677
1.729604
1.132242
1.425135
0.949664
1.785466
1.376682
1.995315
1.886462
1.252240
1.915091
1.037525
1.290648
1.549040
1.956493
1.568360
1.311281
1.152364
1.596486
1.242766
1.159270
1.663930
1.251749
0.907790
1.797453
1.957564
1.593634
1.649383
1.602486
1.920494
1.003009
1.284338
1.714188
1.568306
1.516790
1.397371
0.952343
1.410821
1.688038
1.039387
1.785997
1.289758
1.945561
1.898443
1.924358
1.715827
1.977548
0.872893
1.449997
0.676201
