1.898620
1.945591
1.972367
1.975154
1.964191
1.943426
1.901260
1.993381
1.923732
1.989441
1.973815
1.846532
1.877895
1.937604
1.873028
1.762965
1.864086
1.767906
1.809533
1.936490
1.768880
1.649348
1.829584
1.831032
1.914384
1.857008
1.698034
1.626745
1.934928
1.891489
1.904427
1.591440
1.658582
1.824143
1.747918
1.935537
1.627960
1.811427
1.769853
1.967183
1.761862
1.847371
1.902136
1.711485
1.797817
1.883000
1.955366
1.808092
1.775124
1.985163
1.731482
1.824988
1.823120
1.988539
1.757555
1.805561
1.901969
1.529051
1.872592
1.925168
1.625654
1.846346
1.618806
1.814758
1.744500
1.839816
1.910091
1.683607
1.577714
1.840676
1.967587
1.700807
1.675565
1.923279
1.531766
1.875069
1.883403
1.985838
1.990533
1.431549
1.947365
1.768445
1.682258
1.738423
1.829082
1.514619
1.839297
1.441273
1.929926
1.824541
1.983995
1.939611
1.706893
1.640476
1.921081
1.815819
1.898971
1.848222
1.798648
1.783270
1.492703
1.947178
1.846471
1.881978
1.851265
1.869565
1.798041
1.959338
1.813979
1.961743
1.459828
1.998626
1.823710
1.766029
1.526128
1.800271
1.495942
1.966805
1.639118
1.944263
1.927898
1.670832
1.281039
1.830367
1.625548
1.909160
1.586981
1.597900
1.365331
1.500877
1.500112
1.591426
1.669226
1.675980
1.418961
1.604134
1.603189
1.415367
1.534375
1.811024
1.812750
1.181984
1.996768
1.984996
