1.849097
1.649923
1.972710
1.961751
1.954815
1.960526
1.991553
1.957946
1.745652
1.950388
1.821882
1.872316
1.969264
1.830126
1.666779
1.709057
1.980073
1.677003
1.842872
1.993114
1.974911
1.790135
1.906961
1.527335
1.651028
1.664996
1.792751
1.867076
1.991113
1.822332
1.647188
1.729615
1.630231
1.402923
1.982587
1.773385
1.881716
1.747339
1.863943
1.967702
1.889552
1.756536
1.854354
1.791022
1.664617
1.817106
1.585193
1.651649
1.626154
1.716726
1.439463
1.795065
1.855421
1.654851
1.894333
1.878768
1.756750
1.218010
1.711317
1.990038
1.917187
1.822471
1.871214
1.943880
