1.051290
1.739924
1.670911
1.879212
1.677573
1.913015
1.990693
1.514538
1.474048
1.864957
1.963193
1.741206
1.935120
1.975715
1.837776
1.615077
1.787593
1.616067
1.759584
1.856421
1.917512
1.507232
1.758702
1.831535
1.989413
1.791210
1.686382
1.670444
1.720357
1.998236
1.532791
1.474826
1.990178
1.689573
1.524014
1.850823
1.738632
1.524443
1.468647
1.849741
1.546451
1.319641
1.776550
1.807225
1.800762
1.968657
1.855705
1.299486
1.937996
1.706888
1.684726
1.692848
1.990567
1.575897
1.744009
1.804353
1.929144
1.040856
1.763906
1.608605
1.809431
1.875749
1.238879
1.159728
1.826720
1.698639
1.847210
1.182154
1.510138
1.636422
1.952742
1.709816
1.958652
1.566183
1.530467
1.904646
1.692401
1.139558
1.906751
1.548975
1.472770
1.756104
1.348105
1.367454
1.902715
1.778376
1.838389
1.756493
1.470803
1.808605
1.744325
1.677245
1.660130
1.529930
1.528151
1.489503
1.819557
1.418480
1.461253
1.809455
1.647928
1.343370
1.572479
1.673853
1.093615
1.819317
1.441121
1.812095
1.863998
1.529473
1.258338
1.640318
1.783556
1.226263
1.550125
1.487752
1.767835
1.328121
1.554669
1.730166
1.946394
1.571272
1.965339
1.660264
1.871679
1.792848
1.649191
1.922144
1.519550
1.965392
1.672105
1.446744
1.852527
1.697865
1.702628
1.767159
1.856473
1.970642
1.631464
1.487684
1.706715
1.339801
1.253755
1.568349
1.819668
1.959100
1.262233
1.694138
1.825911
1.926992
1.534651
1.477216
1.971175
1.840701
1.812038
1.400570
1.329919
1.859259
1.896472
1.765776
1.871947
1.420643
1.457941
1.689311
1.437614
1.883252
1.861846
1.718957
1.852632
1.511854
1.980694
1.958740
1.551076
1.839457
1.403690
1.962079
1.255005
1.578066
1.323727
1.853753
1.539906
1.847419
1.893311
1.083085
1.643246
1.833683
1.995438
1.363186
1.280924
1.510128
1.565953
1.905882
0.978926
1.924476
1.925781
1.316807
1.652602
1.750104
1.665932
1.778018
1.282595
1.874738
1.412892
1.556485
1.638802
0.963675
1.719629
1.940559
1.316068
1.365763
1.834723
1.976848
1.476545
1.296861
1.431985
1.804007
1.658502
1.006210
1.234430
1.818300
1.569854
1.245506
1.561635
1.826956
1.814383
1.492765
1.063846
1.656332
1.457537
1.659491
1.376121
0.924600
1.737671
1.546883
1.864837
1.689907
1.516899
1.582311
1.913343
1.443863
1.645650
1.402727
1.803077
1.430377
1.226922
1.795883
1.530033
1.742156
1.767863
1.911646
1.545636
1.300721
1.848990
1.277958
1.497912
1.640645
1.804715
1.392492
1.643822
1.644173
1.957995
1.678182
1.842946
1.825234
1.794781
1.928030
1.596930
1.587587
1.666192
1.618456
1.972261
1.309255
1.361966
1.807985
1.633505
1.124700
1.948661
1.169599
1.409718
1.272384
1.759773
1.508878
1.818275
1.317087
1.488899
1.369841
1.381066
1.836565
1.534200
1.460475
1.253800
1.482336
1.655978
1.371362
1.869925
1.472818
1.666733
1.868459
1.581334
1.206413
1.533104
1.536952
1.623146
1.662937
1.828733
1.817809
1.579670
1.819176
1.498292
1.875672
1.715488
1.572957
1.692010
1.112134
1.622577
1.965902
1.225632
1.339279
1.910595
1.450590
1.712786
1.135739
1.273113
1.460126
1.369853
1.866074
1.916768
1.120409
1.399643
1.008909
1.758539
1.279669
1.178264
1.309311
1.848388
1.338260
1.684412
1.132768
1.717809
1.677538
1.009901
1.313353
1.713736
1.285634
1.472414
1.070245
1.682971
1.471089
1.686641
1.651752
1.745294
1.908112
1.538967
1.608306
1.727433
1.744086
1.932431
1.241851
1.647026
1.343312
1.798232
1.418158
1.641825
1.490378
1.339607
1.883137
1.438575
1.900878
1.314438
1.710234
1.589479
1.751092
1.904722
1.581292
1.876137
1.210684
1.649398
1.168720
1.191307
1.637575
1.584453
1.173160
1.173517
1.386002
1.159407
1.949321
1.467508
1.529851
1.840505
1.479035
1.241406
1.719640
1.349023
1.937612
1.691701
1.949579
1.356110
1.877051
1.398080
1.448675
1.810816
1.486090
1.411258
1.714590
1.897149
1.586682
1.788823
1.275330
1.274703
1.094504
1.657591
1.003450
1.646153
1.515200
1.683131
1.800922
1.079871
1.994516
1.823526
1.205503
1.854595
1.334424
1.168621
1.548063
1.828215
1.703962
1.203245
1.549606
1.771207
1.441695
1.357468
1.938749
1.912746
1.318063
1.756828
1.649264
1.157793
1.563369
1.749839
1.336899
0.915311
1.486046
1.773751
1.161447
1.124972
1.781255
1.146672
1.736308
1.908685
1.624179
1.117037
1.983261
1.855273
1.738509
1.808424
1.705233
1.132611
1.986378
1.771036
1.895338
1.299486
1.669491
1.182380
1.402413
1.545372
1.180079
1.856804
1.074608
1.472474
1.422157
1.842305
1.866397
1.393581
1.429146
1.333692
1.425735
1.507829
1.782512
1.370339
1.654434
1.325217
1.799686
1.817244
1.151912
1.842668
1.705743
1.994918
1.737423
1.677929
1.994371
1.845335
1.298187
1.600626
1.798308
1.503788
1.415369
1.442612
1.870964
1.047664
1.522085
1.921313
1.823108
1.114906
1.964474
1.718112
1.148474
1.549490
1.211297
1.849162
1.487201
1.836312
1.556412
1.805603
1.336703
1.616933
1.335579
1.401139
1.200437
1.792842
1.373992
1.389704
1.576593
0.963515
1.368474
1.793093
1.780064
1.327555
1.116707
1.251190
1.604633
1.682632
1.896872
1.946786
1.445718
1.906898
1.967535
1.837311
1.201849
1.807981
1.932656
1.940810
1.171491
1.946813
1.083820
1.744132
1.943919
1.147238
1.478519
1.506433
1.415947
1.631447
1.704011
1.160239
1.983212
1.559440
1.024272
0.933595
1.643909
1.932371
1.376695
0.880654
1.800003
1.827932
1.148959
1.896808
1.810108
1.990257
1.977888
1.580881
1.957158
1.964517
1.828107
1.317360
1.806384
1.604553
1.788576
1.776439
1.803763
1.542084
1.300949
1.520670
1.724210
1.873641
1.585745
1.201205
1.062004
1.888819
0.995285
1.816578
1.455445
1.155562
1.425750
1.414648
1.477498
1.300070
1.555461
1.850262
1.302027
1.884708
1.339553
1.755562
0.942789
1.829503
1.990118
1.721433
1.529861
1.516022
1.420119
1.661046
1.791212
1.992838
1.472675
1.874416
1.059688
1.193153
1.870774
1.430678
1.659133
1.889349
1.814511
1.056577
1.682586
1.283546
1.689959
1.351158
1.653563
1.842852
1.977220
1.779135
1.863178
1.189777
1.430015
1.954454
1.719125
1.671768
1.846588
1.888231
1.862619
1.048992
1.382625
1.297804
1.602803
1.617861
1.052879
1.883741
1.379701
1.609273
1.791070
1.759391
1.255772
1.358220
1.088087
1.442678
1.483866
1.576039
1.649006
1.438501
1.231852
1.716916
1.174847
1.649138
1.275082
1.125457
1.570956
1.311862
1.609883
1.273980
1.504082
1.912653
1.416925
1.877953
1.195294
1.985664
1.281497
1.476477
1.684123
1.799731
1.727825
1.299104
1.832957
1.094470
0.922411
1.934569
1.238787
1.806008
1.571143
1.832871
0.955843
1.346438
1.868578
1.846339
1.933657
1.475286
1.748416
1.944345
1.269250
1.053371
1.214404
0.908895
1.892170
1.476429
1.267257
1.314696
1.712483
1.286163
1.788161
1.023685
1.668033
1.850818
1.393837
1.060450
1.620590
1.357215
1.379255
1.743459
1.423167
0.805224
1.721265
1.806160
1.691648
1.216973
1.604615
1.115426
1.349567
1.127608
1.655933
1.090956
1.527783
1.021385
0.919081
1.174543
1.697005
1.910625
1.610173
1.982769
1.977602
1.610558
1.407755
1.203433
1.387397
1.422926
1.106783
1.665143
1.701626
1.334694
1.556211
1.855477
1.732628
1.019299
1.109628
1.608530
1.312100
1.279666
1.640861
1.285688
1.606807
1.832684
0.872268
1.386624
1.140683
1.693085
1.920583
1.521419
1.370028
1.671909
1.595098
1.865295
1.133701
1.760228
1.121692
1.744352
1.651979
1.306843
1.972933
1.305823
1.343501
1.685529
1.985668
1.913734
1.180659
1.585992
1.860097
1.918507
1.543191
1.991998
1.566582
1.804429
1.339770
1.851156
1.334031
1.568525
1.115994
1.885119
1.529620
1.762517
1.270099
1.245436
1.964861
1.188582
1.459280
1.921712
1.934544
1.868100
1.019416
1.753856
1.566827
1.691330
1.853883
1.136746
1.780769
