1.958635
1.903404
1.923241
1.983970
1.928869
1.817548
1.975225
1.816347
1.983822
1.940419
1.899598
1.776131
1.864543
1.975156
1.961958
1.963321
1.937790
1.744826
1.982985
1.762561
1.855717
1.992639
1.778516
1.819699
1.920310
1.796626
1.913990
1.841820
1.988405
1.964115
1.881429
1.941792
1.901984
1.776902
1.769594
1.879518
1.642426
1.825906
1.875580
1.872032
1.904877
1.770504
1.685520
1.978904
1.984478
1.790611
1.891211
1.623546
1.691239
1.762873
1.805685
1.763950
1.595474
1.713765
1.679495
1.847962
1.574201
1.875315
1.901831
1.701916
1.763709
1.928723
1.617137
1.890669
1.854955
1.917061
1.848708
1.769667
1.952775
1.769885
1.816451
1.940834
1.730465
1.907640
1.886910
1.966709
1.982786
1.645635
1.654868
1.982990
1.746230
1.817042
1.957143
1.967681
1.937598
1.753313
1.984991
1.858525
1.803046
1.798328
1.934601
1.894721
1.863757
1.428914
1.951485
1.805263
1.770903
1.984571
1.508230
1.762059
1.445496
1.768242
1.789350
1.561295
1.766296
1.643837
1.943080
1.967995
1.644790
1.510469
1.953449
1.973913
1.708098
1.476384
1.973941
1.375777
1.938653
1.882314
1.564070
1.578569
1.628885
1.899206
1.986289
1.770776
1.774212
1.799206
1.862884
1.591756
1.534474
1.859690
1.535471
1.975635
1.696669
1.753614
1.567517
1.850087
1.942999
1.852233
1.336072
1.909674
1.973566
1.959814
1.745313
1.845743
1.934717
1.988642
1.453563
1.878659
1.641079
1.240185
1.386716
1.283734
1.232792
1.979367
1.651213
1.875900
1.714939
1.508081
1.883903
1.966954
1.423504
1.968186
1.957968
1.757203
