1.789490
1.579395
1.900835
1.977768
1.111665
1.839411
1.732630
1.169429
1.727619
1.779360
1.966162
1.532989
1.663395
1.204469
1.977171
1.842529
1.763114
1.533754
1.997161
1.995423
1.654401
1.651650
1.368871
1.960398
1.654493
1.608205
1.632045
1.663689
1.808269
1.844829
1.784558
1.843989
1.878185
1.739251
1.658062
1.792378
1.526226
1.738127
1.676889
1.359830
1.901172
1.604474
1.689772
1.782551
1.878967
1.411707
1.882849
1.651691
1.419631
1.943803
1.932106
1.579619
1.645158
1.874738
1.404352
1.553372
1.988255
1.412622
1.801199
1.629063
1.578780
1.650730
1.200439
1.531295
1.400027
1.755700
1.712168
1.418984
1.848142
1.524678
1.900376
1.504378
1.687606
1.575711
1.682630
1.966419
1.889598
1.578646
1.589221
1.970229
1.926165
1.218943
1.975998
1.835237
1.761186
1.408594
1.260352
1.663733
1.285120
1.903118
1.432383
1.029187
1.715126
1.982782
1.279368
1.708797
1.645343
1.667006
1.932434
1.870481
1.649570
1.344895
1.960946
1.884260
1.754551
1.565801
1.700030
1.342887
1.487988
1.478859
1.556176
1.923281
1.423282
1.405672
1.174140
1.863179
1.571710
1.653161
1.159371
1.688071
1.605312
1.489195
1.372442
1.439008
1.749402
1.856246
1.692226
1.930704
1.873420
1.687491
1.709578
1.938747
1.712174
1.981016
1.831582
1.778061
1.379967
1.741394
1.935600
1.490345
1.275108
1.777620
1.617499
1.773668
1.234992
1.535347
1.545340
1.714146
1.884485
1.667462
1.341733
1.727225
1.727078
1.600982
1.851791
1.919655
1.788406
1.336259
1.482548
1.495733
1.512795
1.962680
1.824373
1.739842
1.408808
1.967550
1.883747
1.191931
1.750004
1.733336
1.408261
1.917778
1.123227
1.833327
1.589851
0.987082
1.839082
1.470958
1.247824
0.935202
1.861632
1.510317
1.840110
1.810037
1.474710
1.434361
1.164631
1.794142
1.181785
1.999215
1.763784
1.938881
1.787612
1.498602
1.382702
1.971880
1.474906
1.904661
1.554338
1.164396
1.239242
1.963234
1.951166
1.821209
1.957214
1.358795
1.258549
1.718616
1.713433
1.970751
1.711694
1.464833
1.381233
1.221326
1.618775
1.610490
1.132825
1.649286
1.787144
1.749006
1.897030
1.791872
1.937293
1.648964
1.576551
1.458481
1.521777
1.143246
1.631411
1.745195
1.852042
1.541463
1.568367
1.865486
1.431703
1.079975
1.438949
1.568770
1.809781
1.564989
1.860668
1.417197
1.886410
1.741412
1.708425
1.718232
1.554123
1.147206
1.540871
1.268204
1.505218
1.796375
1.498870
1.792382
1.022668
1.619686
1.868095
1.919432
1.429883
1.274192
1.249024
1.615938
1.448706
1.632381
1.774258
1.482467
1.682570
1.742785
1.651283
1.125983
1.365706
1.251623
1.908928
1.072814
1.652791
1.771750
1.187456
1.542113
1.967351
1.751527
1.302025
1.517498
1.944656
1.662919
1.142095
1.619872
1.656760
1.333695
1.845047
1.321199
1.444894
1.916111
1.718050
1.525313
1.337460
1.939038
1.856677
1.649665
1.166735
1.470940
1.609000
1.958773
1.513711
1.649947
1.169565
1.528559
1.697655
1.379057
1.298134
1.164688
1.815497
1.916192
1.533492
1.639495
1.566617
1.657040
1.795634
1.936993
1.313662
1.931881
1.981136
1.830383
1.915289
1.507630
1.065979
1.829190
1.134729
1.997500
1.619264
1.937422
1.541950
1.152822
1.918417
1.433047
1.787959
1.588181
1.752282
1.863662
1.966502
1.172356
1.755733
1.676268
1.764324
1.683897
1.696185
1.253498
1.737611
1.050486
1.421576
1.382787
1.188294
1.295214
1.042327
1.469638
1.943872
1.532627
1.363881
1.449113
1.019589
1.781116
1.113028
1.914397
1.197366
1.251075
1.292360
1.849528
1.516417
1.999396
1.916365
1.677429
1.650608
1.797486
1.888551
1.505844
1.310059
1.554694
1.139440
1.966868
1.921496
1.850794
1.234134
1.791361
1.867356
1.745699
1.372352
1.959373
1.224915
1.543268
0.981466
1.955638
1.180977
1.854050
1.390922
1.882741
1.908164
1.925625
1.305106
1.219546
1.425661
1.524924
1.082794
1.730543
1.620263
1.111989
1.107507
1.718346
1.960755
1.649007
1.406800
1.871023
1.914865
1.664647
1.444697
1.140751
1.256306
1.909773
1.322543
0.979239
1.822129
1.270482
1.638753
1.869909
1.938778
1.855408
1.403618
1.722464
1.396252
1.375043
1.873902
1.783434
1.242478
1.492350
1.425994
1.192167
1.735454
1.335157
1.408265
1.347074
1.936304
1.965862
1.475235
1.238209
1.707374
1.478897
1.795998
1.715859
1.196630
1.340158
1.164346
1.815643
1.690701
0.995872
1.654601
1.909461
1.873279
1.611765
1.748513
1.935425
1.654356
1.889595
1.563525
1.185633
1.389113
1.746559
1.248721
1.440223
1.750177
1.424370
1.803168
1.753009
1.535682
1.788636
1.265626
1.948343
1.301531
1.707513
1.854634
1.555318
1.807268
1.297505
1.850651
1.304660
1.979593
1.220517
1.951237
1.472094
1.004789
1.257216
1.777432
1.412894
1.193648
1.520348
1.127627
0.991249
1.722428
1.577334
1.610284
1.422212
1.552320
1.131250
1.125194
1.088897
1.295366
1.445743
1.587760
1.226069
1.971828
1.899456
1.769823
1.035993
1.571149
1.386576
1.573627
1.882207
0.898539
1.334368
1.932999
1.421923
1.572634
1.800575
1.994301
1.415746
1.811065
1.889064
1.085629
1.857205
1.329491
1.675277
1.986513
1.741568
1.717399
1.783977
1.841695
1.301981
1.828164
0.957024
1.969682
1.835006
1.469857
1.235054
1.715481
1.426702
1.334504
1.662115
1.605238
1.561272
0.950016
1.501594
1.846334
1.663642
1.928082
1.938383
1.212791
1.634726
1.940142
1.508119
1.869973
1.469645
1.307916
1.345951
1.715729
1.580269
1.099249
1.738777
1.655577
1.858508
1.741629
1.627845
1.673632
1.332140
1.239184
1.291812
1.557602
1.781566
1.090512
1.099260
1.006359
1.798917
1.675787
1.132335
1.454632
1.349495
1.168725
1.858643
1.986031
1.822872
1.098276
1.677389
1.198702
1.366391
0.972508
1.539438
1.897778
1.999962
1.591629
1.064650
1.823688
1.348701
1.309332
1.448013
1.773186
1.433922
1.288801
1.889573
1.926098
1.861603
1.865251
1.865484
1.928247
1.267679
0.952461
1.957214
1.647173
1.135500
1.682305
1.894421
1.977123
1.461565
1.327083
1.692999
1.148425
1.755969
1.868074
1.969551
0.956971
1.219194
1.936531
1.358216
1.532947
1.283757
1.552832
1.888105
1.828232
1.822710
1.634203
0.988289
1.654508
1.656263
1.754322
1.312871
1.354043
1.942041
1.915266
1.719371
1.092298
1.463957
1.821475
0.997402
1.714819
1.699112
1.868755
1.048896
1.779300
1.475248
1.480781
1.595912
1.629143
1.304046
1.567495
1.907326
1.703343
1.332428
1.801168
1.233773
1.294137
1.286027
1.989471
1.063601
1.144326
1.524150
1.508730
1.908025
1.394908
1.243085
1.245915
1.705311
1.495382
1.984162
1.479573
1.796586
1.195439
1.513817
1.829866
1.927853
1.896965
1.580330
0.887168
1.986563
1.951721
1.702978
1.545479
1.255758
1.096513
1.313649
1.378003
1.891116
1.687168
1.672602
1.666873
0.989759
1.746644
1.076044
1.505032
1.593658
1.933723
1.233791
1.600746
1.293983
1.266705
1.334533
0.998916
1.387656
1.998210
1.112725
1.182381
1.934652
1.309950
0.993613
1.827069
1.144781
1.326059
1.810282
1.988243
1.822636
1.558131
1.257152
1.303248
1.995770
1.492142
1.782102
0.953535
1.849702
1.794176
1.261974
1.875379
1.726188
1.246955
0.895057
1.052032
1.252240
1.678447
1.961982
1.287166
1.758244
1.804236
1.183918
1.267982
1.608720
1.609720
1.547393
1.478175
1.478916
1.871134
1.809404
1.884063
1.939336
1.607722
1.870928
1.482857
0.887818
1.710134
1.254468
1.253435
0.961509
1.333853
1.542951
1.565373
1.642782
1.361169
0.972241
1.696780
0.846660
1.524007
0.811333
1.155136
0.951731
1.718778
1.649446
1.808856
0.992454
