1.800072
1.697698
1.837990
1.804977
1.284126
1.891546
1.625664
1.746612
1.970527
1.606582
1.389405
1.761705
1.707074
1.645126
1.953353
1.979310
1.897909
1.926386
1.918613
1.684903
1.849638
1.908150
1.894403
1.889521
1.941791
1.858425
1.655235
1.392360
1.936887
1.299882
1.611921
1.534864
1.846337
1.217376
1.575850
1.822630
1.494226
1.401927
1.987915
1.632524
1.879455
1.467458
1.685371
1.359211
1.865441
1.905243
1.943263
1.663475
1.880164
1.405900
1.429820
1.764094
1.650598
1.909141
1.888618
1.917701
1.492618
1.868416
1.423202
1.960069
1.798514
1.552459
1.975197
1.457163
1.756334
1.995311
1.524721
1.896604
1.750308
1.841415
1.937903
1.755053
1.934984
1.482759
1.397122
1.973099
1.890323
1.643390
1.583482
1.997064
1.437137
1.972190
1.952586
1.086436
1.977777
1.708611
1.724676
1.612733
1.874622
1.724187
1.679979
1.625168
1.614113
1.865879
1.562049
1.831732
1.350063
1.056718
1.317788
1.893251
1.618111
1.987360
1.586761
1.365430
1.575373
1.580540
1.603394
1.970103
1.951171
1.482984
1.955051
1.436615
1.932714
1.293119
1.866493
1.410792
1.492844
1.385845
1.862198
1.843252
1.137646
1.001146
1.966988
1.785096
1.328905
1.834225
1.262722
1.693708
1.688397
1.401501
1.738045
1.053962
1.424311
1.862861
1.429177
1.723911
1.954568
1.748894
1.128977
1.355084
1.276027
1.828419
1.491881
1.222350
1.453738
1.475721
1.822730
1.420154
1.443908
1.792393
1.954053
1.269645
1.197926
1.627634
0.881967
1.199611
1.569523
1.864544
1.148661
1.974544
1.440632
0.965813
1.541008
1.678550
1.349955
1.522058
1.557767
1.921139
1.461700
1.230417
1.448669
1.301243
1.788971
1.170337
1.724579
1.527500
1.293580
1.808173
1.771684
1.336740
1.303936
1.943376
1.622969
1.660560
1.713702
1.222847
1.518654
1.549364
1.504530
1.943608
1.570189
1.590060
1.517998
1.057496
1.241121
1.956223
1.617364
1.862336
1.320157
1.712608
1.589188
1.836313
1.383338
1.476383
1.907525
1.383043
1.167919
1.899137
1.632330
1.472301
1.184501
1.415501
1.005849
1.323865
1.168830
1.722544
1.639062
1.397268
1.636801
1.250527
0.966004
1.940067
1.383942
1.638065
1.802302
1.493228
1.639743
1.290412
1.921179
1.899158
1.472288
1.927550
1.317292
1.982885
1.557551
1.871214
1.785011
1.934921
1.792205
1.657841
1.824467
1.776679
1.432076
1.930052
1.971480
1.739295
1.082336
1.772188
1.406513
1.678420
1.802692
1.541292
1.937746
1.475571
1.714407
1.911124
1.577637
1.266910
1.898212
1.181353
1.669314
1.181127
1.084098
1.331414
1.405363
1.331396
1.350596
1.665820
1.479433
0.904582
1.939113
0.849317
1.904372
1.843276
1.309880
1.661888
1.398829
1.904302
1.042690
1.918524
1.314688
1.559330
1.449489
1.884618
1.933974
1.292270
1.908910
1.749908
1.489096
1.218709
1.895491
1.738312
1.807679
1.998362
1.706001
1.522156
1.266090
1.388345
1.707726
1.813322
1.276333
1.411531
1.496356
1.589367
1.979165
1.180699
1.853727
1.563811
1.364038
1.665731
1.615725
1.068824
1.855070
1.910449
1.958318
1.710820
1.446914
1.815507
1.483810
1.569085
1.525267
1.898134
1.288584
1.925033
1.904003
1.559316
0.834115
1.517440
1.783596
1.235089
1.989089
1.523039
1.080336
1.319512
1.366853
1.831831
1.117763
1.088552
1.295902
1.779188
1.307075
1.621152
1.282981
1.801426
1.877044
1.934397
1.393583
1.564944
1.806284
1.117889
1.694991
1.825808
1.390707
0.857525
1.935878
1.861071
1.680883
0.935812
1.561705
1.913234
1.923335
1.972524
1.374654
1.724995
0.779228
1.767077
1.966318
1.003223
1.423936
1.733390
1.056983
1.043758
1.947006
1.779358
1.439021
1.477993
1.913528
1.845734
1.671993
1.706186
1.264298
1.208583
1.687535
1.635429
1.822428
1.122169
1.905768
1.872575
1.080109
1.599773
1.221603
1.662231
1.426893
1.732602
1.610965
1.298681
1.929483
1.205754
1.476621
1.730182
1.890095
1.324797
1.655130
1.995413
1.113591
1.284693
1.378895
1.360725
1.623478
1.303207
1.429549
1.346079
1.795990
1.735544
1.820004
1.524405
1.538584
1.364219
1.630636
1.765064
1.018817
1.553511
1.719343
1.654360
1.872944
1.019641
1.248274
1.205451
1.392276
1.585215
1.580936
1.180549
1.036049
1.536982
1.204747
1.899918
1.715337
1.746997
1.531051
0.985071
1.655750
1.134583
1.610385
1.255624
1.993683
1.438620
1.405772
1.979359
1.254956
1.660220
1.382929
1.963446
1.443310
1.938528
1.605634
1.800247
1.521217
1.869826
1.316364
1.893236
1.258053
1.953554
1.638483
1.621349
1.864734
1.599951
1.066127
1.798096
0.919087
1.924283
1.239125
1.535888
1.585868
1.958520
1.487852
1.859871
1.225704
1.437826
1.335069
1.773434
1.937036
1.424304
1.851130
0.933956
1.319254
1.138524
1.148631
1.402818
1.945509
1.219019
1.619914
1.925603
1.226733
1.142025
1.739416
1.654472
1.165415
1.207069
1.441021
1.904392
1.660920
1.992868
1.507952
1.608012
1.326552
1.764531
1.785899
1.390594
1.483122
1.810245
1.069794
1.881589
1.409372
1.201194
1.371728
1.584852
1.819634
1.505119
1.297799
1.162672
1.162884
1.968765
1.658459
1.671677
0.978601
1.519566
0.938586
1.428431
1.095864
1.513925
1.737188
1.550364
1.304256
1.320673
1.984782
1.018719
1.053024
1.211202
1.161479
1.460773
1.811632
1.733070
1.523509
1.625666
1.695007
1.844127
1.099192
0.859245
1.293917
1.041848
1.271310
1.975286
1.126231
1.744122
1.412645
1.028519
1.934200
0.942125
1.722396
1.248366
1.684213
1.067972
1.763589
0.826504
1.701630
1.553843
1.585287
0.844352
1.932168
1.699492
1.373430
1.774706
1.370656
1.788000
1.135764
1.656193
1.481657
1.058634
1.260534
1.030612
1.629241
1.746009
1.884892
1.055927
1.993353
0.977469
1.272808
1.750015
1.777025
0.940747
1.445057
1.664036
1.960072
1.687326
1.317400
0.818832
1.988442
1.727086
1.772608
1.300562
