1.825300
1.941470
1.829069
1.892217
1.897254
1.983769
1.707338
1.527263
1.928325
1.966066
1.764448
1.815821
1.975282
1.790922
1.888498
1.825970
1.931720
1.980766
1.731717
1.877553
1.871123
1.944794
1.948767
1.635819
1.871246
1.643104
1.820298
1.955556
1.853535
1.770019
1.750218
1.828328
1.949122
1.663112
1.646740
1.522706
1.944236
1.905523
1.642037
1.687347
1.991849
1.669213
1.666783
1.983836
1.783459
1.810506
1.887385
1.792778
1.830722
1.559143
1.730781
1.900897
1.949971
1.404503
1.788524
1.560207
1.835367
1.374833
1.966012
1.947863
1.548610
1.828682
1.990691
1.703972
1.693596
1.943108
1.318153
1.823362
1.250834
1.828287
1.439880
1.493496
1.805595
1.865306
