1.859426
1.795124
1.961670
1.956585
1.841896
1.848122
1.749207
1.808468
1.881977
1.939820
1.737416
1.996915
1.833278
1.631091
1.916315
1.878185
1.923206
1.841280
1.942046
1.959878
1.796256
1.849671
1.861405
1.993150
1.918961
1.902615
1.774626
1.948802
1.775112
1.833300
1.955122
1.871349
1.756764
1.674746
1.768300
1.796463
1.772783
1.949881
1.938147
1.684368
1.863339
1.832857
1.690999
1.815928
1.802350
1.657539
1.687963
1.927408
1.689416
1.715174
1.855974
1.579880
1.895803
1.719091
1.685610
1.928311
1.644355
1.784417
1.658156
1.924735
1.650176
1.636967
1.904199
1.806768
1.723458
1.796420
1.585346
1.519989
1.652096
1.765872
1.902870
1.696822
1.817351
1.916763
1.939435
1.899418
1.973912
1.725946
1.744425
1.693537
1.899601
1.741746
1.811220
1.871785
1.633444
1.852946
1.703705
1.934563
1.975205
1.765782
1.607934
1.896914
1.820417
1.413766
1.752903
1.976655
1.980624
1.877106
1.836311
1.772141
1.985728
1.933177
1.979316
1.846248
1.975103
1.699496
1.990603
1.862118
1.669769
1.692813
1.922050
1.780048
1.805983
1.715509
1.772811
1.546410
1.864237
1.778534
1.799402
1.670465
1.673852
1.575213
1.858779
1.763035
1.411304
1.270829
1.618222
1.779990
1.596555
1.541253
1.740335
1.943503
1.623143
1.337075
1.384524
1.686094
1.504155
1.853233
1.743043
1.478066
1.255200
1.946073
1.614683
1.951136
1.374543
1.667871
1.355462
1.839848
1.726607
1.382248
1.590564
1.858081
1.785220
1.291780
