1.763014
1.499826
1.622156
1.879750
1.757836
1.662875
1.515131
1.758817
1.880241
1.369652
1.434880
1.282907
1.464484
1.300189
1.401160
1.760123
1.673389
1.781303
1.693828
1.556226
1.521543
1.299966
1.839546
1.945142
1.703654
1.477912
1.341332
1.925025
1.812959
1.274373
1.569172
1.894660
1.566621
1.460565
1.144855
1.511198
1.838658
1.709801
1.745505
1.960491
1.770339
1.985788
1.350025
1.908057
1.646188
1.525761
1.326745
1.571736
1.620290
1.970122
1.465175
1.683657
1.906149
1.558041
1.388266
1.614544
1.907355
1.205474
1.387369
1.431101
1.777886
1.530212
1.788638
1.546379
1.126626
1.716839
1.627584
1.693358
0.846882
1.373280
1.875555
0.909056
1.543846
1.539417
1.877021
1.049166
1.440385
1.262560
1.410934
1.422102
1.839077
1.925838
1.529940
1.627450
1.584499
1.734219
1.628974
1.901649
1.208021
1.837326
1.894458
1.608689
1.127125
1.595877
1.401787
1.168400
1.769359
1.426514
1.206499
1.704359
1.037689
1.970589
1.506272
1.167544
1.545021
1.513238
1.661341
1.191962
1.192655
1.641700
1.566735
1.568947
1.478138
1.880463
1.812331
1.569931
1.102947
1.323678
1.280221
1.350459
1.878251
1.944115
1.257036
1.440353
1.375030
1.732493
1.461589
1.537823
1.544918
1.146946
1.344512
1.015881
1.539691
1.956246
1.246512
1.794293
1.706659
1.683917
1.319285
1.692282
1.232139
1.962958
1.417446
1.669338
1.594022
1.283661
1.935939
1.496105
1.467483
1.874583
1.867481
1.175141
1.677859
1.317275
1.257643
1.968125
1.129003
1.402426
1.713403
1.923774
1.684568
1.892776
1.744848
1.584182
1.781197
1.863568
1.490094
1.834619
1.525334
1.425763
1.939427
1.971792
1.821562
1.181555
1.980617
1.788141
1.860452
1.696000
1.622437
1.901845
1.600810
1.065815
1.720797
1.810328
1.014929
1.198912
1.511395
1.180357
1.770695
1.580250
1.627770
1.909615
1.357671
1.617141
1.064096
1.189487
1.411150
1.469218
1.314218
1.795819
1.338653
1.826115
1.448945
1.673436
1.766531
1.543931
1.422623
1.339363
1.681983
1.951811
1.162832
1.315204
1.907075
1.053599
1.444234
1.733349
1.274505
1.769841
1.993492
1.300136
1.413941
1.214449
1.780318
1.529644
1.964799
1.617609
1.872177
1.521727
1.384084
1.102873
1.520409
1.800486
1.165212
1.936749
1.858086
1.239865
1.359574
1.294993
1.871451
0.917494
1.614893
1.466051
0.934639
1.746315
0.792625
0.922401
1.729138
1.773185
1.586946
1.961962
1.567866
1.315394
1.028184
1.708127
1.253271
1.931917
1.913688
1.696235
1.474354
1.731944
1.777893
1.085905
1.457833
1.631235
1.157023
1.583322
1.737614
1.723025
1.743248
1.455300
1.848486
0.949219
1.687863
1.817268
1.138704
1.914883
1.101620
1.636551
1.467173
1.292986
1.717084
1.205402
1.817235
1.754445
0.875390
1.337006
1.683364
1.105421
1.952180
1.887400
1.245660
1.063496
1.239175
1.408121
1.693780
1.015656
0.999513
1.768999
1.833276
1.070347
1.060524
1.096443
1.858462
1.101063
1.845987
1.211278
1.208018
1.561307
1.074614
1.520975
1.835366
