1.898687
1.688272
1.848820
1.090387
1.113650
1.925781
1.882894
1.667129
1.449160
1.153193
1.530244
1.292112
1.508352
1.895643
1.962328
1.509847
1.932633
1.510715
1.279965
1.090614
1.181292
1.706883
1.188404
1.633444
1.523429
1.368852
1.083868
1.960173
1.764069
1.897654
1.473892
1.708290
1.344103
1.276816
1.674480
1.852081
1.057069
0.993824
1.286887
1.401354
1.143132
1.228810
1.946214
0.931232
1.569704
1.287267
1.548094
1.008096
1.473931
1.410819
1.345697
0.890913
1.111425
1.777422
1.541324
1.625430
1.853828
1.978361
1.471889
1.214877
1.286624
1.851775
1.731972
1.859492
1.053154
1.420360
1.636310
1.110172
1.547082
1.806854
1.385780
1.617188
0.898029
1.442405
1.815381
1.385957
1.831708
1.429688
1.955672
1.291962
1.057422
1.181222
1.727226
1.797323
1.827184
1.390531
1.427555
1.114161
1.623951
1.522798
0.977750
1.898515
1.407732
1.391117
1.216450
1.558423
1.846902
1.382368
1.884130
1.738245
0.888276
1.272905
1.757846
1.059952
1.676599
1.309972
1.294349
0.991732
0.861070
1.797514
1.128077
1.103581
1.140691
1.167647
1.244662
0.981344
1.902637
1.663601
1.585432
1.972647
1.920379
1.062489
1.493207
1.840623
1.482215
1.872955
0.985531
1.950187
0.945321
0.774956
1.282159
1.982488
1.169265
1.791548
1.160495
1.010483
1.204555
1.706831
1.824430
0.893529
1.554016
1.105571
1.389680
1.958207
1.596303
1.331392
1.990083
1.481763
1.733868
0.841197
1.171127
1.417138
1.418628
1.344164
1.916055
1.461602
1.939733
