1.587644
1.982286
1.995145
1.773512
1.966710
1.344163
1.452013
1.681440
1.427648
1.822729
1.862672
1.924433
1.736682
1.720439
1.586432
1.401838
1.507190
1.252718
1.310337
1.564847
1.747685
1.697823
1.571706
1.576847
1.854302
1.692674
1.997386
1.832778
1.919570
1.812806
1.981280
1.900791
1.856219
1.589839
1.783243
1.928376
1.529711
1.967566
1.545184
1.709401
1.712465
1.888947
1.787639
1.942408
1.505632
1.707875
1.620696
1.729012
1.961168
1.823573
1.652201
1.874847
1.064843
1.786670
1.708117
1.209723
1.967776
1.671514
1.804695
1.447682
1.133836
1.687173
1.430930
1.654561
1.955387
1.621425
1.680546
1.768491
1.058694
1.574837
1.630221
1.783095
1.975794
1.733877
1.671095
1.591704
1.523203
1.862729
1.658461
1.745034
1.928187
1.313273
1.871206
1.967825
1.704828
1.563124
1.737667
1.845579
1.837359
1.724029
1.997676
1.839017
1.971079
1.794670
1.610679
1.723470
1.998278
1.561441
1.374329
1.804061
1.301392
1.459442
1.491382
1.647839
1.440103
1.722589
1.588297
1.729431
1.999022
1.995130
1.537586
1.311070
1.545714
1.637173
1.678447
1.985617
1.756271
1.719597
1.462020
1.414483
1.993280
1.786730
1.223750
1.652191
1.967556
1.289787
1.908870
1.500595
1.938381
1.586505
1.418572
1.424852
1.175835
1.835543
1.798159
1.793539
1.398095
1.703761
1.697291
1.524651
1.973471
1.741967
1.687824
1.387326
1.761574
1.695132
1.411983
1.931795
1.630054
1.655892
1.411524
1.775346
1.813985
1.880136
1.617587
1.756048
1.606192
1.767643
1.485139
1.948587
1.893542
1.375467
1.305718
1.905106
1.409121
1.848896
1.171415
1.925847
1.238151
1.766562
1.760617
1.175007
1.892314
1.747331
1.775164
1.905454
1.511434
1.348664
1.368289
1.983421
1.669945
1.028725
1.818051
1.970536
1.784506
1.595213
1.848161
1.334336
1.676851
1.503531
1.755873
1.450128
1.257141
1.514238
1.590798
1.683235
1.827900
1.914799
1.277114
1.954212
1.817414
1.419352
1.826410
1.744575
1.821705
1.988492
1.546032
1.795542
1.621810
1.518522
1.963675
1.933419
1.313576
1.826237
1.372126
1.748635
1.744423
1.403434
1.907903
1.635042
1.831709
1.933360
1.872004
1.992013
1.718952
1.911627
1.650918
1.156112
1.626309
1.790451
1.820602
0.967441
1.774978
1.713217
1.066274
1.954552
1.299386
1.525562
1.428789
1.159833
1.407420
1.959507
1.470172
1.788439
1.108123
1.870797
1.443287
1.660158
1.936431
1.804197
1.247239
1.622904
1.478872
1.598739
1.462880
1.697222
1.640808
1.950004
1.463787
1.243713
1.858507
1.487875
1.670279
1.780872
1.701239
1.283564
1.893576
1.845674
1.823621
1.528222
1.891495
1.749413
1.226356
1.409626
1.373801
1.633820
1.569514
1.736245
1.999907
1.731356
1.105474
1.666420
1.146877
1.276928
1.273847
1.546307
1.632625
1.471790
1.825999
1.065992
1.941782
1.292353
1.847421
1.511395
1.396410
1.930509
1.574407
1.624938
1.913615
1.761714
1.331028
1.297007
1.875797
1.609576
1.580646
1.930681
1.806309
1.163326
1.919446
1.655418
1.985697
1.685417
1.114639
1.795230
1.923568
0.873908
1.924017
1.840667
1.939266
1.696262
1.370103
1.691825
1.759685
1.554477
1.252890
1.471896
1.316981
1.947626
1.302885
1.924341
1.904107
1.394072
1.929864
1.240187
1.481698
1.485198
1.618315
1.869438
1.605522
1.325137
1.918985
1.073392
1.532367
1.871488
1.734302
1.293141
1.555264
1.885854
1.361044
1.873277
1.964699
1.973092
1.729827
1.846805
1.714848
1.819314
1.124176
1.775461
1.733665
1.824775
1.780105
1.232736
1.613543
1.006347
1.859364
1.682833
1.725140
1.510269
1.141042
1.536605
1.961253
1.961236
1.158486
1.474546
1.095637
1.863573
1.800407
1.676639
1.265598
1.497867
1.455744
1.101812
1.452582
1.976242
1.533869
1.417847
1.703624
1.815017
1.936701
1.808384
1.498327
1.417342
1.958795
1.102653
1.963456
1.241799
1.928550
1.815812
1.677321
1.437502
1.348623
1.159968
0.901539
1.426744
1.130666
1.606877
1.757539
1.310966
1.845773
1.239277
1.780300
1.867783
1.974736
1.177359
1.570729
1.997940
1.646733
1.293323
1.459442
1.306169
1.089998
1.167331
1.678289
1.883071
1.183150
1.451093
1.782229
1.436041
1.987534
1.940134
1.182753
1.052565
1.986277
1.799001
1.660874
1.326613
1.891962
1.979424
1.998377
1.673295
1.438886
1.716710
1.970499
1.395974
1.406998
1.540229
1.355062
1.784943
1.680573
1.460852
1.518976
1.468229
1.727853
1.773886
1.571900
1.411291
1.264697
1.810002
1.669345
1.129936
1.169971
1.510787
1.842975
1.621711
1.159314
1.648256
1.500721
1.066950
1.273795
1.157671
1.705736
1.770067
0.901265
1.424614
1.484810
1.769644
1.981349
1.747767
1.905949
1.621605
1.484144
1.444053
1.799714
1.291466
1.532544
1.387951
1.805857
1.169794
1.789492
1.436055
1.742062
1.033588
1.073968
1.590669
1.940581
1.227007
1.888194
1.067737
1.243276
1.443600
1.099365
1.316720
1.402720
1.507099
1.428093
1.739890
1.289813
1.378767
1.618356
1.658073
1.289517
1.845454
1.854326
0.996730
1.817151
1.268323
1.178057
1.513539
1.723975
0.905131
1.002167
1.840693
1.847995
1.102753
1.659772
1.881223
1.802113
1.478287
1.855399
1.926185
1.306662
1.768184
1.346463
1.430657
1.149790
1.913638
1.026015
1.131591
1.971538
1.020601
1.869895
1.210411
1.494517
1.317191
1.803470
1.588982
1.711433
1.663754
1.721664
1.007405
1.064894
1.756041
1.265231
1.417368
1.662607
1.844442
1.485554
1.619063
1.473025
0.854197
1.820448
1.384932
1.471388
1.195006
1.717387
1.296874
1.115243
1.839936
1.761439
1.687698
1.850990
1.857816
1.160217
1.132612
1.630175
1.223087
1.627856
1.279329
1.143739
1.255436
0.842821
1.112426
1.875624
1.345063
0.908503
1.563297
1.364965
1.992246
1.113032
1.585970
1.736951
1.237477
1.825967
1.706831
1.760110
1.996935
1.634352
1.771259
1.311186
1.759303
1.061929
1.375026
1.847118
1.867683
1.737458
1.990511
1.021958
1.751805
1.905595
1.072429
1.708867
1.728304
1.254554
1.659853
1.803865
1.660693
1.072526
1.652127
1.119749
1.390078
1.982949
0.838966
1.689924
1.216781
1.782298
1.252792
1.831774
1.909989
1.207172
1.869661
1.971869
1.613870
1.572006
1.575224
1.276281
1.949379
1.396053
1.704449
1.275668
1.529708
1.504062
1.661611
1.885779
1.004920
1.471373
1.185682
1.327742
1.637412
1.263689
1.246390
1.492252
1.830926
1.946932
1.613663
1.405434
1.882055
1.065490
1.073084
1.242539
1.231434
1.436466
1.397158
1.064671
1.701276
1.843624
1.884235
0.911701
1.745422
1.565851
1.625016
1.645831
1.208247
1.846417
1.984798
0.831087
1.727866
1.670792
1.583763
1.707916
1.981884
1.978177
