1.980587
1.871637
1.987401
1.990139
1.734388
1.994282
1.978511
1.940199
1.872353
1.862430
1.879703
1.965717
1.910888
1.978221
1.827816
1.708167
1.931416
1.806376
1.995410
1.982466
1.662107
1.888096
1.864754
1.995603
1.931737
1.934031
1.992515
1.819120
1.539484
1.850794
1.691618
1.871037
1.843823
1.887243
1.616208
1.775991
1.705650
1.869244
1.906046
1.568144
1.928356
1.886916
1.935511
1.532929
1.697283
1.888439
1.886966
1.842110
1.822872
1.528283
1.907163
1.903260
1.969574
1.816049
1.855148
1.700325
1.798274
1.822293
1.848610
1.913550
1.953747
1.744298
1.863736
1.890325
1.827348
1.726099
1.668989
1.991444
1.703114
1.816446
1.930715
1.793918
1.692520
1.769190
1.623898
1.598349
1.948117
1.931429
1.714629
1.522360
1.955403
1.584548
1.963101
1.971892
1.399741
1.510807
1.842929
1.785373
1.798116
1.747467
1.606925
1.554807
1.843880
1.802787
1.832454
1.995941
1.642841
1.713181
1.586260
1.790259
1.681766
1.839298
1.400116
1.551834
1.827721
1.969912
1.665462
1.593987
1.806340
1.909947
1.992770
1.761176
1.827060
1.744329
1.957182
1.543864
1.669329
1.583971
1.941832
1.444266
1.587660
1.991890
1.954128
1.902015
1.491254
1.750843
1.700377
1.855973
1.841213
1.974865
1.782833
1.458101
1.354720
1.841472
1.883120
1.848899
1.766164
1.789954
1.780553
1.901497
1.829928
1.307849
1.882731
1.786672
1.837265
1.965373
1.480419
1.519138
1.300770
1.914057
1.563082
1.897287
1.615053
1.258635
1.692043
1.651045
1.646358
1.869956
1.796765
1.347898
1.832534
1.738410
1.599863
1.536068
1.592124
1.266510
1.415324
1.503205
1.586165
