1.333298
1.948178
1.522824
1.694081
1.376876
1.913490
1.877964
1.703276
1.561870
1.859834
1.968295
1.353486
1.632349
1.502164
1.459568
1.970612
1.789697
1.454887
1.314277
1.412901
1.384651
1.737427
1.968917
1.357860
1.338455
1.982557
1.787110
1.843943
1.514620
1.649351
1.967832
1.469237
1.389845
1.277973
1.666437
1.875896
1.541669
1.102391
1.939766
1.580480
1.891846
1.032210
1.680173
1.072552
1.296112
0.968723
1.139627
1.719535
1.758128
1.952884
1.320745
1.711279
1.980174
1.581630
1.862286
1.910775
1.763265
1.982916
1.705427
1.160236
1.817856
1.183656
1.421885
1.499594
1.646074
1.868494
1.676994
1.483848
1.947442
1.777175
1.360481
1.491891
1.856726
1.918242
1.558181
1.356654
1.604180
1.247045
0.945944
1.855611
1.539181
1.613873
1.991011
1.808868
1.798228
1.890628
1.356963
1.560158
1.876849
1.335659
1.303199
1.404133
1.387895
1.895612
1.105504
1.891582
1.632786
1.375595
1.517857
1.642682
1.935808
1.756762
1.997323
1.429904
1.436894
1.327876
1.835065
1.519872
1.787285
1.734222
1.558298
1.541194
1.393864
1.765123
1.328607
1.742942
1.630327
1.561764
1.533805
1.901184
1.352065
1.173319
1.849177
1.105999
1.997957
1.737109
1.081887
1.158169
1.221568
1.369795
1.545930
1.863672
1.560156
1.986986
1.997644
1.569607
1.500248
1.409555
1.248450
1.761281
1.252208
1.484590
1.462809
1.699943
1.642866
1.973539
1.733820
1.002688
1.219424
1.058206
1.948494
1.215167
1.403294
1.354880
1.504008
1.930754
1.826905
1.346902
1.614420
1.998534
1.698839
1.058485
1.807567
1.988225
1.790865
1.239980
1.213500
1.125700
1.952041
1.323577
1.923787
1.167604
1.325285
1.666066
1.904000
1.932828
1.441461
1.901494
1.619359
1.373109
1.717457
1.523673
1.633380
1.108393
1.371617
1.523232
1.627849
0.897634
1.805938
1.632085
1.554016
1.837126
1.105367
1.851714
1.313603
1.456412
1.462871
1.922391
1.211578
1.762950
1.661056
1.393667
1.941509
1.823455
1.250804
1.465670
1.892280
1.723988
1.891889
1.278569
1.847430
1.418764
1.473899
1.541898
1.923684
1.948428
1.779560
1.602990
1.220401
1.907132
1.423087
1.417946
1.206287
1.491631
1.515045
1.678488
1.914592
1.940706
1.855244
1.808336
1.984819
1.817090
1.781410
1.600034
1.024345
1.549311
1.771718
1.440930
1.153688
1.988748
1.205517
1.835215
1.640393
1.786449
1.849769
0.962511
1.525648
1.163481
1.171164
1.428511
1.546019
1.637408
1.115736
1.551884
0.993013
1.568801
1.568982
1.495375
1.636051
1.979843
1.124939
1.294087
0.926343
1.056057
1.981985
1.126464
0.958588
1.535690
1.971243
1.413862
1.961953
1.535897
1.492453
1.664324
1.265582
1.351255
0.983538
1.429920
1.274847
1.652641
0.789727
