1.892865
1.995812
1.994735
1.708320
1.880976
1.840824
1.569226
1.447392
1.061804
1.586166
1.758385
1.324660
1.384870
1.762503
1.590213
1.590890
1.423514
1.121643
1.720757
1.492245
1.384964
1.306689
1.835627
1.833622
1.420610
1.652194
1.540170
1.421351
1.659146
1.489280
1.899231
1.603306
1.403243
1.865609
1.489516
1.266101
1.867448
1.915037
1.411238
1.953870
1.425120
1.996912
1.391956
1.852190
1.985710
1.756092
1.502375
1.746578
1.917537
1.958160
1.972021
1.675476
0.944987
1.689676
1.466827
1.282760
1.759602
1.969924
1.266342
1.299246
1.564583
1.288135
1.463815
1.140016
1.667509
1.925721
1.882537
1.977711
1.994039
1.352215
1.932245
1.583744
1.942718
1.693550
1.934132
1.454990
1.769499
1.981532
1.787301
1.697383
1.543078
1.549254
1.519230
1.923432
1.991436
1.786888
1.996998
1.884050
1.576263
1.516253
1.750781
1.517800
1.381947
1.855351
1.332038
1.870433
1.658584
1.541936
1.681392
1.476369
1.618513
1.665468
1.341932
1.934942
1.340520
1.522288
1.407110
1.807063
1.385084
1.943542
1.621234
1.498270
1.017301
1.808210
1.838286
1.112083
1.281014
1.443928
1.558500
1.689157
1.575373
1.268350
1.679401
1.875723
1.734654
1.091670
1.734258
1.734063
1.763531
1.851837
1.603200
1.634227
1.747133
1.443551
1.475234
1.710519
1.746210
1.564495
1.945036
1.359823
1.569944
1.784102
1.866245
1.695616
1.771061
1.805551
1.924730
1.680364
1.293133
1.146392
1.253002
1.871815
1.946385
1.957418
0.935711
1.634386
1.601139
1.298695
1.927884
1.935777
1.275747
1.596606
1.282331
1.813098
1.825559
1.667825
1.009171
1.701027
1.968745
1.944441
1.921883
1.680985
1.159718
1.962640
1.461168
1.215029
1.180200
1.257038
1.985363
1.094255
1.653482
1.635012
1.761276
0.948727
1.838786
1.665357
1.465320
1.728880
1.979885
1.089244
1.645374
1.572261
1.816893
1.785909
1.880861
1.953279
1.251231
1.459203
1.572866
1.563888
1.896282
1.306347
1.647458
1.579521
1.913957
1.776775
1.028727
1.084379
1.256101
1.131516
1.508371
1.279191
0.887660
0.986115
1.618182
1.704422
1.370933
1.902145
1.886813
1.754866
0.977316
1.037060
1.260022
0.908616
1.053508
1.176143
1.512436
1.774197
1.478362
1.282806
1.886501
1.504491
1.399038
1.652168
1.515339
1.318423
1.113696
1.773500
1.188187
1.181632
1.037900
1.941141
1.798259
1.616811
1.679120
1.752645
0.940784
1.989569
1.724205
1.010711
1.283238
1.071902
1.776048
1.986103
1.870273
1.477779
1.828138
1.565281
1.072371
1.085619
1.121582
1.992684
1.971885
1.180274
1.872553
1.472066
1.889074
1.742777
1.159184
1.271966
1.907865
