1.590835
1.736381
1.995497
1.633230
1.517635
1.829421
1.258277
1.913870
1.538083
1.531210
1.390832
1.589292
1.599562
1.921648
1.308667
1.975185
1.851276
1.786427
1.385496
1.512155
1.653528
1.959158
1.116543
1.480002
1.205158
1.198773
1.660356
1.877157
1.418542
1.996580
1.649254
1.245838
1.934066
1.801685
1.945296
1.741315
1.437330
1.499215
1.747431
1.790149
1.239705
1.905493
1.536245
1.796188
1.474014
1.820881
1.624600
1.569089
1.119675
1.866186
1.763181
1.769748
1.067144
1.925697
1.512728
1.675575
1.337995
1.750970
1.481746
1.981111
1.722056
1.829178
1.644258
1.975974
1.854381
1.508521
1.464742
1.125682
1.817846
1.368733
1.578715
1.970693
1.647614
1.504539
1.977591
1.648159
1.481828
1.996014
1.534246
1.695970
1.909776
1.227980
1.565090
1.534650
1.678140
1.414981
1.872315
1.657248
1.316303
1.855861
1.930164
1.790262
1.517424
1.604153
1.849227
1.452002
1.437748
1.914302
1.464640
1.216783
1.772470
1.839733
1.694406
1.084283
1.457771
1.548826
1.703347
1.122293
1.416517
1.584756
1.982954
1.442185
1.893549
1.393296
1.093155
1.751184
1.313824
1.404430
0.935506
1.841608
1.668497
1.608199
1.284844
1.783553
1.969745
1.797089
1.711272
1.770446
1.598425
1.176724
1.070419
1.825999
1.837157
1.936774
1.821053
1.322118
1.703135
1.911049
1.974520
1.721058
1.849046
1.577652
1.919955
1.667926
1.531034
1.319315
1.519751
1.644012
1.653282
1.732911
1.414972
1.526349
1.269013
1.730659
1.678746
1.761405
1.304867
1.602424
1.745070
1.457354
1.868743
1.355638
1.379655
1.687077
1.688030
1.949930
1.590713
1.556983
1.464606
1.735497
1.791587
1.340559
1.852799
1.390431
1.499178
1.853134
1.743704
0.965481
1.896330
1.796356
1.554500
1.758333
1.558739
1.503671
1.853732
1.317721
1.891760
1.589828
1.639572
1.118624
1.399243
1.693394
1.683417
1.895174
1.687041
1.907374
1.979295
1.911745
1.651474
1.317449
1.362867
1.444778
1.625195
1.641050
1.708416
1.652297
1.759369
1.880095
1.610351
1.927839
1.789955
1.524644
0.973623
1.915687
1.942195
1.563516
1.908738
1.126617
1.890843
1.012700
1.438351
1.971894
1.721605
1.101898
1.426104
1.463943
1.514356
1.371192
1.734684
1.979783
1.863825
1.429046
1.974115
1.055785
1.812950
1.596296
1.652569
1.716620
1.538250
1.775058
1.694943
1.260774
1.782766
1.257851
1.529040
1.035665
1.495974
1.834268
1.902240
1.582191
1.144381
1.551255
1.578755
1.814190
1.362197
1.362494
1.352943
1.630362
1.724886
1.567759
1.861496
1.495906
1.463978
1.695162
1.337394
1.107052
1.363898
1.460569
1.544705
1.807936
1.981514
1.669497
1.810562
1.946552
1.287146
1.368983
0.951612
1.827119
1.826805
1.336197
1.834829
1.518119
1.792592
1.559899
1.276037
1.027787
1.957408
1.475216
1.964141
1.148300
1.096998
1.425292
1.923971
1.880872
1.725928
1.118868
1.503730
1.909189
1.998281
1.885100
1.660780
1.401858
1.762099
1.181557
1.915389
1.937771
1.936146
1.143233
1.804424
1.978116
1.362332
1.731610
1.372190
1.295362
1.963459
1.930472
1.780152
1.834103
1.864875
1.900431
1.297577
1.170652
1.485994
1.285334
1.602814
1.927357
1.220500
1.125982
1.423336
1.427729
1.650431
1.480167
1.834681
1.672741
1.988620
1.923753
1.153535
1.656078
1.073463
1.670807
1.730912
1.335212
1.365326
1.756861
1.431369
1.673005
1.238993
1.709921
1.816114
1.236077
1.229188
1.088062
1.076943
1.770199
1.992985
1.883832
1.664661
1.567947
1.126544
1.771044
1.713258
1.367143
1.306804
1.616759
1.251185
1.266308
1.036131
1.542962
1.922685
1.548088
1.480344
1.159252
1.296403
1.665407
1.054689
1.826385
1.928433
1.705446
1.803595
1.085578
1.287230
1.927205
1.981752
1.690257
1.837242
1.388441
1.060196
1.211177
0.889184
1.084969
1.755325
0.849899
1.117019
1.400822
1.991265
0.967963
1.732671
1.119374
1.906990
1.926705
1.440748
1.317329
0.967727
1.980847
1.891048
