1.927632
1.772299
1.961712
1.791650
1.916873
1.858081
1.847064
1.818856
1.901248
1.884422
1.859407
1.876331
1.601167
1.877113
1.947376
1.922569
1.795099
1.981296
1.948235
1.671349
1.541743
1.572605
1.922501
1.996101
1.870433
1.958476
1.813976
1.689489
1.952815
1.866210
1.959785
1.929013
1.530065
1.938472
1.741999
1.818805
1.607805
1.771946
1.793812
1.871411
1.817174
1.979404
1.911844
1.739945
1.758233
1.930331
1.646019
1.558501
1.980049
1.937406
1.915074
1.735834
1.673167
1.886533
1.667700
1.775683
1.980336
1.823582
1.975505
1.544342
1.645749
1.533877
1.642368
1.963186
1.482580
1.823007
1.508847
1.541939
1.493880
1.299490
1.837877
1.813778
1.276192
1.793462
1.766403
1.587374
1.632708
1.661126
1.739541
