1.955221
1.660316
1.485774
1.812415
1.755247
1.807624
1.403772
1.382690
1.738140
1.384644
1.914975
1.813874
1.725526
1.906597
1.348260
1.342139
1.934311
1.510855
1.770120
1.949851
1.953538
1.780489
1.849815
1.417402
1.385603
1.432561
1.493440
1.602620
1.894211
1.554170
1.067592
1.787215
1.057393
1.664292
1.759489
1.655745
1.624064
1.532791
1.182819
1.686530
1.952389
1.925741
1.621343
1.812918
1.898532
1.804475
1.450035
1.962008
1.545243
1.304869
1.902559
1.386064
1.250654
1.945905
1.908365
1.435670
1.945865
1.963058
1.913677
1.154816
1.807904
1.991536
1.526950
1.267307
1.578347
1.496114
1.904811
1.876101
1.745311
1.469326
1.929791
1.899491
1.995329
1.657574
1.455044
1.708172
1.640217
1.819741
1.813911
1.372383
1.643143
1.822479
1.364773
1.715358
1.693224
1.615566
1.944909
1.979123
1.927353
1.527937
1.675904
1.126350
1.872639
1.737859
1.456654
0.862451
1.725485
1.976075
1.605778
1.267292
1.879870
1.980885
1.433239
1.840460
1.757630
1.143262
1.368847
1.774066
1.754230
1.822039
1.970207
1.942067
1.713197
1.602951
1.937805
1.815918
1.430550
1.478802
1.822818
1.343116
1.033634
1.927349
1.770133
1.737761
1.837235
1.122468
1.526790
1.605067
1.441310
1.965937
1.784997
1.723417
1.611339
1.351631
1.923058
1.938642
1.306357
1.643931
1.936888
1.948870
1.953798
1.817592
1.634590
1.587668
1.478167
1.732710
1.787675
1.656015
1.202650
1.122528
1.458206
1.922097
1.437809
1.815332
1.593483
1.657388
1.390285
1.294296
1.412647
1.492585
1.778969
1.839025
1.936767
1.385312
1.841539
1.132362
1.647157
1.632061
1.665040
1.461158
1.868710
1.879128
1.735385
1.817885
1.917286
1.295749
1.980152
1.804003
1.652142
1.930612
1.637952
1.255149
1.446895
1.617113
1.685002
1.534518
1.910338
1.591783
1.560918
1.417245
1.435175
1.931159
1.830882
1.536935
1.529672
1.251476
1.868911
1.597816
1.592280
1.555940
1.220080
1.785363
1.992096
1.374346
1.789858
1.871782
1.217048
0.945172
1.437815
1.995016
1.709556
1.532394
1.114377
1.645000
1.741404
1.302191
1.762214
0.983577
1.725788
1.363495
1.420583
1.302670
1.206599
1.902709
1.367580
1.754639
1.704641
1.920835
1.825225
1.812243
1.924950
1.902794
1.954062
1.310760
1.979030
1.242917
1.650717
1.212744
1.217727
1.320450
1.676680
1.828187
1.391485
1.701925
1.348808
1.954631
1.077907
1.166632
1.369875
1.778738
1.938893
1.687696
0.974916
1.931720
1.009834
1.525164
1.968969
1.447010
1.489981
1.054019
1.543632
1.794696
1.994518
1.447904
0.969219
1.452960
1.654310
1.907815
1.605599
1.643715
1.972273
1.899439
1.276732
1.751082
1.641943
1.482218
1.675842
1.415839
1.942468
1.614810
1.879128
1.183447
1.116695
1.040794
1.389974
1.315577
1.623282
1.586259
1.342980
1.371618
1.770813
1.940299
1.493688
1.785584
1.110988
1.468764
1.715108
1.507994
1.417199
1.942629
1.710044
1.573146
1.298869
1.989718
1.172776
1.695666
1.642461
1.304630
1.761931
1.539336
1.110511
1.895848
1.552766
1.810309
1.714423
1.433475
1.547022
0.906091
1.380282
1.533656
1.236727
1.641098
1.487675
1.013880
1.563224
1.870415
1.542150
1.444626
1.720757
1.173882
1.963049
1.303645
1.791630
1.839583
1.664394
1.527464
1.636521
1.442014
1.907565
1.697122
1.453400
1.906899
1.753074
1.660474
1.865147
1.613460
1.825297
1.944472
1.663517
1.292313
1.402425
1.678476
1.486087
1.656118
1.265909
1.964817
1.227734
1.703757
1.695524
1.326137
1.700864
1.726994
1.635973
1.964582
1.471178
1.280877
1.787500
1.377660
1.812859
1.496752
1.995300
1.714727
1.332434
1.947664
1.930453
1.640427
1.616746
1.657716
1.577105
1.145432
1.007281
1.403950
1.819914
1.479882
0.969979
1.511274
1.865271
1.023952
1.419782
1.507907
1.484610
1.703833
1.803220
1.550434
1.516081
1.885987
1.280083
1.840847
1.861557
1.641830
1.729700
1.767870
1.814877
1.449829
1.976175
1.142435
1.953989
1.421121
1.096502
1.995200
1.742136
1.867214
1.929843
1.508730
1.242332
1.464877
1.881044
1.069219
1.536159
1.635967
1.698306
1.960085
1.340589
1.674415
1.357235
1.241420
1.382440
1.285963
1.444940
1.095581
1.199161
1.760145
1.357638
1.917213
1.494709
1.230272
1.601858
1.789463
1.433083
1.883959
1.576789
1.286540
1.682479
1.882678
0.960652
1.685064
1.992607
1.377056
1.753070
1.804823
1.531850
1.986486
1.915929
1.548570
1.640626
1.501558
1.536225
1.989920
1.580271
1.463276
1.955524
1.645357
0.811605
1.965610
1.119918
1.880668
1.974647
1.866277
1.669047
1.709930
1.965057
1.007672
1.754266
1.957393
1.546146
1.243317
1.856681
1.923797
1.100090
1.972329
1.181102
1.667241
1.684129
1.882199
1.684197
1.477460
1.979547
1.884734
1.997097
1.479364
1.337158
1.536818
1.552434
1.695894
1.127204
1.135446
1.957542
1.716224
1.916132
1.153121
1.205046
1.358023
0.979071
1.657300
1.885814
1.466333
1.798839
1.832455
1.715991
1.218171
1.662204
1.149434
1.240401
1.612134
1.561760
1.880411
1.531366
1.016880
1.346599
1.884446
1.685079
1.899299
1.736507
1.918955
1.353757
1.865759
1.387635
1.588077
1.079924
1.483563
0.922938
1.283737
1.078410
1.972080
1.269036
1.831236
1.876448
1.427560
1.237765
1.865632
1.730315
1.459998
1.892466
1.919731
1.988349
1.276284
1.982170
1.250566
1.266576
1.390394
1.489441
1.604277
1.741444
1.524097
1.260138
1.345630
0.959910
1.813164
1.931418
1.889374
1.672996
1.777891
0.970968
1.391812
1.271902
1.460057
1.927905
1.333211
1.944621
1.477873
1.626685
1.537341
1.741480
1.782564
1.960016
0.998940
1.510534
1.412728
1.731604
1.074527
1.519271
1.669490
1.371022
1.223754
1.605967
1.297039
1.465260
1.683945
0.985172
1.870090
1.892952
0.845994
1.694000
1.581819
1.455681
1.073079
1.992121
1.652947
1.606356
1.175566
1.871217
1.546479
1.942996
1.973299
1.577329
1.799756
1.225121
1.881700
1.376971
1.589475
1.142536
1.022267
1.334257
1.344344
1.954825
1.065235
1.732975
1.997922
1.910686
1.640369
1.481711
1.735648
1.527009
1.973847
1.077344
1.371165
1.520698
1.274013
1.701409
0.897126
1.725076
1.732454
1.583696
1.945828
1.123113
1.968737
0.988615
1.943537
1.388799
0.999547
1.518179
1.022008
1.885049
1.518031
0.806552
1.630857
1.294223
1.296718
1.149093
1.787735
1.246269
1.718762
1.225729
1.769273
1.146758
1.671972
0.964417
1.859222
1.811575
1.334396
1.155767
1.409534
1.126635
1.604833
1.167668
1.042502
1.490981
