1.930414
1.987206
1.841104
1.822852
1.941538
1.951248
1.916633
1.826804
1.906098
1.998669
1.875680
1.947761
1.875571
1.946565
1.939013
1.933752
1.963815
1.950149
1.809584
1.787895
1.848848
1.837765
1.963085
1.740679
1.736670
1.906105
1.910975
1.904295
1.838058
1.984319
1.992453
1.797035
1.886036
1.766586
1.633691
1.861588
1.683024
1.686213
1.756402
1.898336
1.890540
1.769187
1.762342
1.735380
1.785763
1.923921
1.758078
1.846294
1.975219
1.999191
1.516014
1.939936
1.813647
1.735051
1.807909
1.742424
1.825800
1.834328
1.770515
1.694177
1.971213
1.884100
1.735440
1.803804
1.814842
1.794104
1.569788
1.955537
1.951216
1.842897
1.469760
1.721361
1.851667
1.811742
1.614623
1.646035
1.701604
1.852634
1.880851
1.674429
1.896342
1.889876
1.978237
1.975032
1.902440
1.592522
1.927593
1.969032
1.608065
1.974024
1.497240
1.517755
1.634625
1.823043
1.977597
1.448042
1.961880
1.939679
1.968485
1.937413
1.384345
1.983164
1.889380
1.804039
1.673423
1.732854
1.543998
1.631772
1.887887
1.531202
1.741096
1.921516
1.567975
1.716576
1.765417
1.812760
1.628381
1.641594
1.407857
1.942677
1.419405
1.635325
1.558505
1.833813
1.782795
1.505504
1.337016
1.583832
1.545137
1.917788
1.514274
1.932859
1.813900
1.654666
1.794889
1.384969
1.397492
1.729991
1.593166
1.960926
