1.799968
1.862296
1.757091
1.815498
1.911140
1.817489
1.629522
1.656921
1.761634
1.938537
1.771282
1.691087
1.960433
1.829271
1.642729
1.900753
1.920062
1.696966
1.971825
1.710749
1.910640
1.997680
1.920602
1.700783
1.900799
1.848044
1.716159
1.548516
1.823627
1.957295
1.982298
1.934773
1.819248
1.974046
1.916032
1.920916
1.844044
1.973728
1.744306
1.661648
1.993367
1.949133
1.970907
1.559522
1.579914
1.859467
1.803166
1.452322
1.913351
1.858770
1.925779
1.682773
1.870635
1.780727
1.602664
1.841526
1.959274
1.984961
1.766964
1.992972
1.906977
1.750322
1.625635
1.688642
1.827321
1.638994
1.863635
1.948370
1.840281
1.717635
1.682925
1.836081
1.804951
1.850367
1.645481
1.937109
1.637671
1.675423
1.511148
1.732303
1.719786
1.531851
1.662805
1.915496
1.677330
1.892111
1.504798
1.639485
1.842256
1.802599
1.619401
1.410223
1.585247
1.816745
