1.942708
1.916434
1.937398
1.763440
1.961495
1.970077
1.860900
1.808262
1.960369
1.933558
1.958838
1.964738
1.893890
1.993868
1.934439
1.895443
1.885105
1.883990
1.851859
1.849322
1.985280
1.826680
1.996247
1.837345
1.765627
1.939661
1.886348
1.998856
1.713362
1.817123
1.649613
1.771821
1.995834
1.665639
1.943538
1.802615
1.791346
1.762623
1.962983
1.772778
1.942515
1.973614
1.980675
1.679249
1.995481
1.644056
1.931644
1.921755
1.997351
1.800785
1.915727
1.773851
1.892951
1.929773
1.563362
1.964471
1.957443
1.768282
1.942245
1.915710
1.856466
1.909983
1.809931
1.939139
1.657579
1.683505
1.963949
1.802355
1.959289
1.412820
1.991487
1.547750
1.817900
1.978654
1.709368
1.605219
1.512897
1.510403
1.592148
1.549850
1.784977
1.811935
1.973714
1.915449
1.647402
1.831378
1.952933
1.910437
1.461022
1.897202
1.528616
1.754362
1.704328
1.907164
1.578271
1.579364
1.906533
1.436241
1.515177
1.592778
1.724828
1.738084
1.721353
1.631740
1.760606
1.927143
1.930276
1.739598
1.592529
1.592906
1.417714
1.898508
1.822260
1.767681
1.907182
1.910479
1.257475
1.526605
1.737177
1.983642
1.940380
1.533584
1.429349
1.383869
1.949452
1.435776
1.739165
1.814095
1.925673
1.871943
1.584496
1.720914
1.708236
1.975147
1.738806
1.803162
1.771929
1.992785
1.386473
1.876014
1.773900
1.365367
1.963406
1.532008
1.724657
1.901413
