1.982868
1.765467
1.988339
1.851550
1.961387
1.997413
1.920776
1.996905
1.954021
1.863346
1.782343
1.894088
1.854946
1.728364
1.956004
1.924550
1.821927
1.808251
1.884892
1.920316
1.810105
1.830503
1.762791
1.837861
1.895812
1.768679
1.894850
1.925119
1.975499
1.733756
1.669002
1.887613
1.973364
1.931436
1.832742
1.790032
1.708273
1.807961
1.557776
1.835664
1.813561
1.519056
1.629374
1.796321
1.928164
1.624491
1.654380
1.858206
1.999977
1.867162
1.563787
1.845547
1.997934
1.620893
1.858413
1.834407
1.967323
1.923641
1.496829
1.522347
1.926359
1.945658
1.471028
1.994606
1.729039
1.785735
1.875406
1.951637
1.986366
1.891950
1.702160
1.836158
1.711398
1.640252
1.915025
1.960533
1.555283
1.741074
1.497108
1.475593
1.915812
1.613099
1.735263
1.843345
1.472425
1.486861
1.798067
1.966945
1.766657
1.841533
1.659020
1.700382
1.839147
1.537669
1.799576
1.785348
1.585511
1.589700
1.985796
1.466715
1.763917
1.876016
1.490285
1.612370
1.977520
1.906059
1.859497
1.864275
1.552436
1.717415
1.716662
1.483196
1.618897
1.682906
1.813127
1.537216
1.912550
1.978872
1.389054
1.887744
1.855826
1.776342
1.921002
1.932189
1.471885
1.674448
1.402325
1.725350
1.862027
1.409016
1.847888
1.913478
1.610567
1.754410
1.621080
1.859033
1.778838
1.973801
1.290485
1.608374
1.260681
1.785751
1.705843
1.212187
1.642532
1.321632
1.343832
