1.986808
1.941525
1.767115
1.942726
1.862676
1.927587
1.752279
1.907743
1.985653
1.884561
1.991250
1.874540
1.862581
1.867372
1.959908
1.966166
1.963438
1.915867
1.774496
1.922188
1.711471
1.803551
1.736317
1.953227
1.861617
1.883304
1.886016
1.886179
1.824071
1.954757
1.899578
1.793384
1.807079
1.877938
1.744430
1.774449
1.890348
1.774951
1.838295
1.765395
1.940239
1.974824
1.945010
1.864444
1.993478
1.918416
1.635246
1.951214
1.859533
1.569697
1.919651
1.792107
1.664394
1.715192
1.869462
1.720609
1.908720
1.985250
1.669405
1.897524
1.700897
1.918511
1.572757
1.980377
1.762944
1.925253
1.930432
1.452222
1.984522
1.637625
1.730532
1.727824
1.928524
1.716497
1.903079
1.977642
1.683397
1.884654
1.942053
1.908551
1.549160
1.855678
1.889344
1.663297
1.604167
1.700163
1.893414
1.640011
1.616473
1.870408
1.948136
1.528317
1.964579
1.760564
1.697399
1.561178
1.427309
1.601187
1.591413
1.803987
1.547700
1.441335
1.992858
1.585579
1.755967
1.520650
1.687163
1.592890
1.607254
1.857835
1.826545
1.908987
1.468670
1.398705
1.718125
1.717898
1.555086
1.894655
1.920391
1.441526
1.966362
1.945233
1.712377
1.368598
1.904055
1.443028
1.429168
1.746800
1.468462
1.993090
1.767268
1.478122
1.250167
1.321301
1.758205
