1.984313
1.999416
1.910748
1.944667
1.982502
1.991788
1.933077
1.801727
1.964353
1.994775
1.784306
1.979871
1.847953
1.868307
1.919633
1.810355
1.917194
1.864810
1.897221
1.981260
1.948558
1.821521
1.841385
1.640890
1.984584
1.898570
1.840981
1.971184
1.896799
1.676573
1.926759
1.917178
1.924696
1.948496
1.829458
1.955761
1.768481
1.678608
1.948855
1.854313
1.970925
1.703869
1.840884
1.720372
1.933930
1.819723
1.808951
1.740603
1.968118
1.793879
1.935621
1.923469
1.838326
1.700436
1.769430
1.843416
1.659737
1.759544
1.494750
1.686953
1.716750
1.892017
1.873338
1.762257
1.751477
1.929158
1.979953
1.634958
1.686475
1.985661
1.813523
1.940974
1.606103
1.696540
1.473461
1.855706
1.759523
1.482275
1.903539
1.775772
1.880146
1.809471
1.720893
1.547516
1.726934
1.739175
1.992249
1.727604
1.915194
1.893323
1.990269
1.744821
1.674276
1.932314
1.540775
1.916102
1.835673
1.496867
1.426046
1.470609
1.880257
1.838050
1.804881
1.759169
1.500328
1.576198
1.533946
1.978397
1.783023
1.631634
1.906584
1.946544
1.953714
1.851885
1.977246
1.498772
1.417945
1.815759
1.986489
1.439196
1.699897
1.384419
1.434445
1.564279
1.936182
1.973869
1.627988
1.316601
1.952125
1.994456
1.434570
1.775107
1.771305
1.792992
1.231543
1.504769
1.770757
1.702132
1.674296
1.562526
1.431605
1.356616
1.957483
1.839449
1.466878
1.871332
1.969631
1.723123
1.375621
1.615386
1.703974
1.759351
1.747537
1.725303
1.678207
1.610354
1.899730
1.557071
1.390667
1.662445
1.742119
1.988205
