1.997965
1.775938
1.922956
1.983182
1.970122
1.981362
1.837920
1.998575
1.984138
1.976052
1.955902
1.819843
1.891889
1.871292
1.866006
1.932585
1.932928
1.845909
1.951964
1.983050
1.952948
1.858413
1.911418
1.764577
1.978483
1.933174
1.857790
1.644135
1.939382
1.899206
1.825751
1.861366
1.919427
1.710456
1.870520
1.942233
1.789185
1.790168
1.696200
1.897301
1.966179
1.937395
1.729857
1.933773
1.985943
1.876782
1.970465
1.774367
1.884070
1.982193
1.553535
1.969122
1.775056
1.948309
1.481931
1.549205
1.915094
1.861708
1.650497
1.993779
1.697413
1.683727
1.730994
1.951882
1.884505
1.788213
1.529140
1.894887
1.860150
1.633667
1.814090
1.686947
1.767626
1.555993
1.910177
1.836599
1.692043
1.608082
1.695176
1.651693
1.648605
1.690989
1.508900
1.950170
1.895250
1.852991
1.627723
1.763507
1.777523
1.582963
1.787212
1.464960
1.894063
1.466081
1.922256
1.826889
1.627450
1.812034
1.948394
1.626359
1.908158
1.733289
1.883816
1.979367
1.642461
1.694659
1.757055
1.747894
1.954359
1.614016
1.635439
1.645059
1.972734
1.686526
1.871618
1.788355
1.990101
1.695475
1.832098
1.559060
1.628676
1.967199
1.608828
1.811725
1.404671
1.704140
1.956590
1.912585
1.554647
1.674669
1.553426
1.910863
1.839127
1.951447
1.986374
1.996430
1.902500
1.955913
1.622316
1.648598
1.592694
1.707968
1.529572
1.859035
1.902484
1.658355
1.627943
1.523161
1.769094
1.646485
1.885145
1.536645
1.544329
1.767771
1.453205
1.850582
1.622858
1.335364
1.538572
1.807972
1.903476
1.182862
1.694280
1.886835
1.261189
1.826024
1.526896
1.828173
1.803081
1.443690
