1.940912
1.954132
1.916676
1.866451
1.959664
1.960935
1.919923
1.937532
1.751190
1.907836
1.955803
1.822139
1.955160
1.900878
1.941504
1.652483
1.934491
1.833296
1.839046
1.694814
1.903549
1.837899
1.945036
1.985839
1.918236
1.938587
1.839644
1.896278
1.661578
1.944821
1.942566
1.700242
1.880754
1.807965
1.935722
1.826145
1.997156
1.615189
1.994814
1.682842
1.958168
1.938000
1.690911
1.682305
1.705413
1.989979
1.605324
1.625059
1.995131
1.671105
1.924010
1.800257
1.991860
1.961619
1.942619
1.672933
1.860196
1.982236
1.536716
1.688654
1.943165
1.650259
1.979090
1.534296
1.997761
1.944606
1.668053
1.998491
1.687589
1.867680
1.718552
1.838255
1.983209
1.846374
1.816504
1.850279
1.470137
1.820007
1.708782
1.657488
1.764863
1.882496
1.932865
1.846778
1.814550
1.612318
1.620338
1.847212
1.847899
1.900287
1.749463
1.624438
1.911163
1.618190
1.952162
1.958298
1.889195
1.987746
1.584156
1.853061
1.630174
1.830581
1.520188
1.658092
1.935642
1.825797
1.731428
1.995591
1.550911
1.972183
1.686099
1.986805
1.766417
1.732683
1.401663
1.761046
1.922046
1.574805
1.612025
1.830385
1.551845
1.915063
1.718726
1.567950
1.860727
1.633679
1.418126
1.948048
1.427720
1.992073
1.748808
1.511846
1.634394
1.908933
1.744347
1.767289
1.694490
1.835170
1.877812
1.567637
1.990467
1.844233
1.742704
1.360883
1.578766
1.962095
1.853681
1.430415
1.963076
1.289558
1.891303
1.543015
1.899911
1.379500
1.905622
1.684214
