1.910253
1.939738
1.978032
1.865965
1.923852
1.991234
1.883097
1.855902
1.962724
1.808612
1.698963
1.877113
1.823564
1.845744
1.926702
1.974445
1.996421
1.885988
1.597233
1.913574
1.926262
1.727520
1.685970
1.855188
1.850563
1.778827
1.901985
1.812379
1.871242
1.924068
1.769711
1.769538
1.684178
1.798488
1.989360
1.771061
1.918162
1.711122
1.837960
1.913917
1.603215
1.964540
1.783866
1.750279
1.978954
1.915723
1.844128
1.820064
1.809942
1.524938
1.905272
1.782393
1.751162
1.803993
1.862777
1.890933
1.767890
1.775037
1.683030
1.647427
1.625508
1.908635
1.749682
1.763097
1.866822
1.871625
1.849776
1.761307
1.613254
1.757857
1.982526
1.691171
1.505548
1.801780
1.945279
1.703403
1.998073
1.825112
1.531773
1.997991
1.784157
1.772791
1.934705
1.614523
1.805900
1.439918
1.942786
1.974210
1.749991
1.781401
1.739426
1.935980
1.611538
1.770562
1.846394
1.997744
1.885559
1.612811
1.888829
1.432580
1.808372
1.558738
1.989263
1.663778
1.566249
1.589620
1.549304
1.678297
1.807317
1.607759
1.988905
1.468312
1.355144
1.794154
1.531230
1.667060
1.637012
1.888587
1.966163
1.486990
1.983753
1.450447
1.428994
1.660956
1.715626
1.926813
1.445297
1.900498
1.519102
1.946441
1.981652
1.407749
1.808250
1.578823
1.465559
1.983767
1.841018
1.513465
1.901010
1.982118
1.772527
1.571348
1.767610
1.246684
1.507839
1.383630
1.948620
1.857001
1.666135
1.529558
1.624468
1.718579
1.713783
1.750758
1.859827
