1.986376
1.731255
1.964049
1.848558
1.696758
1.950163
1.534696
1.790001
1.911109
1.898939
1.576018
1.654017
1.666872
1.978570
1.910501
1.767818
1.918422
1.632323
1.667379
1.391058
1.455920
1.990093
1.400618
1.798595
1.649403
1.904724
1.916579
1.650217
1.815671
1.914499
1.724166
1.791053
1.993691
1.950303
1.182667
1.871346
1.850153
1.985353
1.551436
1.689292
1.422173
1.634369
1.651272
1.399336
1.922085
1.303632
1.579350
1.543186
1.864482
1.802829
1.793846
1.947122
1.913934
1.704374
1.720417
1.748452
1.665658
1.849175
1.986019
1.911927
1.506804
1.938661
1.577711
1.702880
1.680108
1.705574
1.928571
1.877686
1.629456
1.099359
1.129582
1.693376
1.521489
1.632452
1.993869
1.928715
1.808631
1.976923
1.344613
1.877671
1.321384
1.549825
1.760422
1.503033
1.796936
1.552025
1.373298
1.744880
1.213216
1.939872
1.497798
1.569876
1.084952
1.920401
1.665213
1.937556
1.382890
1.461155
1.707512
1.609656
1.540988
1.518687
1.966764
1.875402
1.790340
1.695022
1.896983
1.873097
1.516811
1.962798
1.472380
1.801517
1.495188
1.220789
1.863647
1.873653
1.288611
1.671325
1.434867
1.859828
1.684568
1.877679
1.792136
1.507365
1.567203
1.237888
1.545131
1.496289
1.759408
1.633026
1.608589
1.477212
1.985381
1.592331
1.631327
1.967550
1.310287
1.774040
1.661723
1.641890
1.288067
1.779169
1.929497
1.947355
1.275712
1.523018
1.729171
1.138681
1.497714
1.235031
1.848693
1.399480
1.431372
1.682084
1.517050
1.540768
1.940777
1.466925
1.705790
1.759539
1.984940
1.750919
1.569599
1.687768
0.949685
1.514765
1.969406
1.690484
1.172951
1.220296
1.651505
1.953105
1.326781
1.391725
1.499390
1.531338
1.795321
1.695115
1.303201
1.575989
1.914149
1.568885
1.738224
1.104438
1.774795
1.280469
1.064123
1.663830
1.816114
1.660026
1.444535
1.994284
1.523660
1.783759
1.912259
1.282172
1.736333
1.777677
1.688182
1.456613
1.209223
1.405235
1.513989
1.284710
1.538681
1.800655
1.245712
1.265150
1.866089
1.816013
1.704132
1.480882
1.320505
1.792478
1.446791
1.442407
1.705609
1.059978
1.370578
1.924561
1.554653
1.216605
1.501007
1.290604
1.365589
1.732130
1.776844
1.564016
1.902485
1.495766
1.505209
1.709021
1.651029
1.200015
1.724528
1.839892
1.582940
1.597911
1.405860
1.385066
1.260744
1.551915
1.868264
1.983895
1.312347
1.453560
1.865852
1.445385
1.574908
1.505621
1.957745
1.066066
1.599591
1.383168
1.883298
1.670581
1.783691
1.773515
1.882396
1.960076
1.596663
1.667320
1.683962
1.725254
1.956207
1.289156
1.128699
1.531241
1.651262
1.127513
1.382936
0.957106
1.922501
1.476595
1.978886
1.846832
1.280897
1.311871
1.683016
1.620080
1.537730
1.328703
1.526299
1.802919
1.658716
1.363428
1.576133
1.436001
1.465488
1.454867
1.791623
1.126744
1.774169
1.694729
1.673794
1.139994
1.213341
1.312500
1.395632
1.832414
1.190921
1.822782
1.697237
1.380641
1.918135
1.494352
0.930337
1.407512
1.939419
1.280220
1.142013
1.022615
1.578384
1.510472
1.426282
1.941060
1.699493
1.149224
1.254783
1.299519
1.502782
1.934535
1.343812
1.758202
1.906399
1.426249
1.704556
1.386367
1.576593
1.696849
1.771340
1.537342
1.906601
1.321587
1.278301
1.665958
1.559284
1.216396
1.287709
1.591318
1.859063
1.944442
1.381130
1.201984
1.398497
1.857820
1.754987
1.633766
1.567030
1.348092
1.561358
1.360635
1.302883
1.475104
1.559299
1.943188
1.592642
1.285697
1.371541
1.404952
1.439182
1.845531
1.687795
1.301181
1.611501
1.677046
1.289020
1.746852
1.732812
1.471213
1.203501
1.283169
1.720274
1.873187
1.056590
1.875948
1.542175
1.523507
1.733812
1.876494
1.211197
1.702813
1.569474
1.703853
1.315943
1.567630
1.165587
1.726861
1.467744
1.167106
1.909503
1.446816
1.676127
1.654076
1.859499
1.987666
1.146173
1.789559
1.588302
1.978172
1.996245
1.233806
1.719874
1.539432
1.200435
1.473052
1.090887
1.053232
1.178352
1.876959
1.580827
1.774499
1.600474
1.212417
1.663009
1.996378
1.884377
1.693746
1.892855
1.435525
0.839535
1.362702
1.478005
1.129252
1.242260
1.726253
1.165154
1.580771
1.434179
1.516750
1.288177
1.581984
1.143911
1.516271
1.642568
1.396332
1.957965
1.548649
1.465971
1.503941
1.242912
1.400762
1.684904
1.494216
1.635454
1.525483
1.926394
1.565728
1.640293
1.991563
1.610733
1.127671
1.250960
0.996812
1.510856
1.683204
1.038069
1.896215
1.568851
1.444055
1.206362
1.225061
1.851809
1.810841
1.331520
1.555183
1.992964
1.818397
1.074789
1.430945
1.631746
1.819963
1.896204
1.481538
1.507378
1.153406
1.415458
1.138373
1.336949
1.371440
1.698608
1.926331
1.454984
1.970055
1.856617
1.570886
1.509167
1.167920
1.162256
1.591448
1.758082
1.484589
1.940496
1.868046
1.792816
1.686089
1.624587
1.459283
1.326469
1.622832
1.923902
1.225675
1.081055
1.260510
1.799806
1.615120
1.633705
1.202360
1.170564
0.902092
1.792218
1.405654
1.128994
0.895571
1.488527
1.951501
1.642453
0.943588
1.522628
1.769430
0.768004
1.703156
1.133076
1.827891
1.876710
1.753294
0.894279
1.932558
1.587870
1.921262
1.289210
1.826191
1.512712
1.892702
0.957248
1.916321
1.947901
1.552645
1.266154
1.915539
1.459128
