1.995046
1.969723
1.986352
1.856517
1.894200
1.884893
1.919667
1.968101
1.995778
1.766703
1.979881
1.686204
1.816717
1.938609
1.925530
1.924222
1.686662
1.878144
1.871302
1.854025
1.915497
1.955886
1.849104
1.868536
1.656963
1.981640
1.824566
1.860039
1.983155
1.607488
1.865568
1.990644
1.803552
1.762198
1.869664
1.961050
1.900088
1.722191
1.715617
1.959241
1.976224
1.709263
1.957786
1.927532
1.542792
1.964802
1.918892
1.541552
1.840942
1.741130
1.848735
1.907365
1.542607
1.968757
1.940281
1.984872
1.745595
1.842593
1.688654
1.867744
1.887605
1.671372
1.893572
1.830749
1.648665
1.907035
1.956848
1.962323
1.937921
1.876944
1.834737
1.621312
1.801636
1.913589
1.858171
1.996447
1.708974
1.951972
1.817106
1.840392
1.925133
1.616391
1.471739
1.766476
1.532462
1.862277
1.947588
1.695528
1.791384
1.618920
1.956549
1.815300
1.857708
1.371869
1.759879
1.926541
1.835673
1.645765
1.993025
1.665425
1.799505
1.769706
1.743835
1.877852
1.467793
1.545313
1.708680
1.744775
1.501728
1.650054
1.651760
1.851573
1.805775
1.672843
1.936797
1.942735
1.890978
1.719357
1.637011
1.822574
1.635696
1.840101
1.902326
1.705393
1.599814
1.751767
1.413439
1.433249
1.932011
1.417962
1.954309
1.944133
1.756871
1.946534
1.557868
1.814322
1.475348
1.346617
1.559439
1.817515
1.712626
1.478407
1.981476
1.462936
1.929995
1.989976
1.459642
1.635969
1.532341
1.901188
1.410003
1.339337
1.326281
1.733705
1.490616
1.995318
1.667867
1.554329
1.447686
1.794531
1.856095
1.351435
1.271117
1.917219
1.261484
1.442551
1.826382
1.661197
