1.472178
1.654953
1.580032
1.782816
1.660604
1.430858
1.984476
1.829144
1.884076
1.871034
1.544701
1.794349
1.711725
1.377706
1.384730
1.455344
1.936433
1.698493
1.944360
0.992285
1.817488
1.266127
1.695715
1.283024
1.779628
1.809342
1.243036
1.776243
1.729041
1.517541
1.843428
1.618437
1.269497
1.600129
1.567627
1.235994
1.354506
1.713258
1.883409
1.383833
1.914461
1.682479
1.957313
1.960662
1.673464
1.441645
1.944186
1.851557
1.605571
1.562186
1.888357
1.744362
1.912408
1.763723
1.633507
1.461468
1.449266
1.912376
1.590743
1.276113
1.709942
1.794249
1.685058
1.818900
1.700048
1.708544
1.993734
1.899045
1.921214
1.932935
1.286038
1.553995
1.852155
1.669031
1.839891
1.708185
1.852528
1.970213
1.857105
1.375676
1.823965
1.309638
1.535964
1.496344
1.647558
1.638415
1.280242
1.592906
1.731485
1.283019
1.690898
1.488545
1.061135
1.862229
1.941924
1.819533
1.869603
1.285984
1.887058
1.277280
1.782151
1.791160
1.458642
1.333161
1.250925
1.499844
1.313095
1.954237
1.477988
1.652871
1.160874
1.256119
1.880956
1.797573
1.264473
1.808691
1.972315
1.938046
0.991177
1.693736
1.646719
1.489664
1.808789
1.781461
1.921337
1.604523
1.407991
1.507948
1.505937
1.924336
1.952375
1.582325
1.912580
1.902426
1.630731
1.717664
1.283773
1.954243
1.957407
1.995081
1.654425
1.855840
1.318289
1.700710
1.889857
0.945050
1.676112
1.588893
1.942419
1.448698
1.862272
1.804530
1.562989
1.746183
1.242238
1.211098
1.728718
1.933463
1.708916
1.206597
1.769089
1.684938
1.274830
1.842199
1.754225
1.942665
1.426710
1.603971
1.782297
1.631890
1.649839
1.834336
1.855372
1.180764
1.028678
1.009261
1.522880
1.547964
1.935852
1.524619
1.281541
1.275342
1.564661
1.955338
1.250392
1.742728
1.783997
1.692247
1.639306
1.899993
1.800435
1.176213
1.960250
1.881567
1.296661
1.891485
1.879666
1.191518
1.846308
1.847503
1.706534
1.662306
1.446859
1.960475
1.163291
1.990624
1.879747
1.626372
1.679826
1.135323
1.507506
1.249743
1.902108
1.445059
1.442107
1.821919
1.323632
1.547724
1.350078
1.519029
1.098094
1.952369
1.969192
1.999127
1.476559
1.840519
1.288455
1.318051
1.469017
1.896282
1.911796
1.866980
1.744657
1.613225
1.719528
1.888407
1.352859
1.376967
1.826747
1.856148
1.702114
1.833076
1.424008
1.263017
1.415278
1.623581
1.264780
1.526740
1.149674
1.790276
1.827108
1.513662
1.006561
1.031119
1.530253
1.497024
1.471762
1.133170
1.284480
1.494441
1.970854
1.394353
1.315415
1.184473
1.216596
1.871447
1.342162
1.613563
1.976712
1.560941
1.567166
1.818569
1.296838
1.541162
1.823165
1.749942
1.575763
1.961822
1.464148
1.255617
1.485685
1.518225
1.461890
1.464800
1.846082
1.860184
1.367787
1.221927
1.808154
1.211975
1.744752
1.214798
1.284307
1.584760
1.523647
1.238020
1.691666
1.931368
1.285526
1.362728
1.881735
1.390373
1.778372
1.631157
1.618751
1.739029
1.852792
1.884286
1.514703
1.281012
1.976689
1.831782
1.717036
1.340377
1.281079
1.165152
1.514819
1.167324
1.145751
1.214425
1.304681
1.605189
1.522431
1.224564
1.088248
1.526148
1.711751
1.883415
1.405353
1.777783
1.840886
1.369187
1.825458
1.655277
1.379008
1.214992
1.948148
0.986523
1.207457
1.723762
1.549563
1.335609
1.206595
1.514405
1.857637
1.663424
1.847220
1.835399
1.379036
1.409721
1.078536
1.361624
1.854376
1.936872
1.963813
1.245163
1.950600
1.361937
1.367075
1.499242
1.631510
1.617939
1.188060
1.261327
1.482596
1.096683
1.596227
1.728514
1.892092
1.258814
1.958671
1.941015
1.630771
1.203542
1.643995
1.704534
1.993197
1.661806
1.382662
1.712718
1.172293
1.128001
1.649184
1.310561
1.902655
1.088533
1.707853
1.821779
1.981306
0.927913
1.868449
0.925544
1.388391
1.915140
1.947233
1.456568
1.375673
1.130780
1.122506
1.895402
1.646602
1.760045
1.298214
1.813531
1.371438
1.986265
1.295669
1.831674
1.783352
1.407876
1.852516
1.651031
1.327057
1.747701
1.078385
1.920084
1.867282
1.421531
1.590073
1.517807
1.501506
1.594548
1.701346
1.583411
1.550612
1.772900
1.087898
0.921018
1.051002
1.728765
1.292179
1.229063
1.951699
1.878209
0.902875
1.224492
1.903566
1.064858
0.867314
1.935143
1.008842
1.392742
1.309171
1.104604
0.874828
1.791586
1.215424
1.992521
1.476902
1.632571
1.420092
1.640489
1.272362
1.157472
1.361199
1.373686
1.971701
1.960993
0.926739
1.772156
1.011433
1.647341
1.650961
0.876427
1.818930
0.971364
1.768172
1.520568
1.075596
1.597564
1.833259
1.882741
1.799375
1.601288
1.974857
1.002013
1.182050
1.174289
1.943170
0.948417
1.162318
1.272132
1.569533
1.984035
1.605725
1.238463
1.791942
1.269045
1.708590
1.766792
1.945681
1.202145
1.046363
1.139165
1.453832
1.328783
1.484489
1.289943
1.104989
1.110666
1.109524
1.905394
1.670408
1.323231
1.867586
1.936787
1.243260
1.582743
1.895415
1.779161
1.709570
1.793138
1.883017
1.637399
1.261544
1.319527
1.703467
0.969418
1.394768
1.516396
1.260662
1.290995
1.430017
1.558445
1.047734
1.817049
1.636608
1.312190
1.187572
1.656210
1.880531
1.829513
1.568261
1.936828
1.057989
1.379911
1.557558
1.153097
1.695590
1.531313
1.787037
1.867208
1.202745
1.786940
1.738213
1.295587
0.976378
1.891497
0.959260
1.703013
1.234336
1.749469
1.709110
1.293934
1.639561
1.734105
1.651315
1.760507
1.822160
1.619938
1.682706
1.906982
1.522311
1.042497
1.663192
1.163176
1.730460
