1.839898
1.830113
1.969585
1.933104
1.923805
1.969306
1.980330
1.877610
1.806609
1.972545
1.997072
1.999008
1.943738
1.790578
1.894451
1.769697
1.831794
1.781350
1.894112
1.895754
1.734658
1.875334
1.976611
1.780021
1.779986
1.615678
1.998977
1.698839
1.659490
1.474782
1.771697
1.616528
1.895118
1.945429
1.739002
1.623267
1.966177
1.997211
1.919871
1.843351
1.773113
1.728233
1.611091
1.726341
1.767306
1.842641
1.461596
1.892947
1.830350
1.846993
1.883715
1.895503
1.956349
1.997195
1.659670
1.919534
1.791276
1.662703
1.691561
1.572883
1.763457
1.447040
1.798383
1.821920
1.547307
1.478252
1.780952
1.656567
1.799498
1.547566
1.726461
1.737750
1.741746
1.469503
1.798974
1.402958
1.733705
1.983621
1.481873
1.306465
1.468508
1.984953
1.759405
1.778490
1.475499
1.555414
1.823645
1.511782
1.917313
1.716331
1.672641
1.779007
1.437644
1.254561
1.489698
1.701919
1.784432
1.798614
1.804328
1.932964
1.913923
1.847742
1.815788
1.392677
1.630211
1.916189
1.721215
1.288631
1.848636
1.875546
1.548453
1.858816
1.952968
1.603692
1.946967
1.630706
1.460904
1.842863
1.722483
1.418944
1.630413
1.834065
1.722268
1.677029
1.665851
1.665066
1.701064
1.282824
1.560791
1.337931
1.879759
