1.715173
1.958624
1.876491
1.762469
1.764231
1.809898
1.618712
1.676733
1.901415
1.975110
1.776312
1.845561
1.794759
1.669952
1.988832
1.894347
1.819859
1.969932
1.853633
1.750202
1.619061
1.872983
1.933294
1.978229
1.647709
1.890172
1.902360
1.841981
1.525297
1.594401
1.922569
1.550118
1.496318
1.822612
1.802384
1.975503
1.590564
1.914684
1.566217
1.844575
1.730580
1.582629
1.637636
1.781694
1.777064
1.933901
1.733951
1.501985
1.954982
1.867940
1.720548
1.691955
1.949457
1.779641
1.954640
1.733226
1.841499
1.909399
1.688287
1.660266
1.462359
1.793893
1.724319
1.942378
1.894128
1.781220
1.545915
1.455887
1.880736
1.989447
1.736650
1.611153
1.923783
1.504780
1.459824
1.800367
1.860062
1.895716
1.332489
1.289425
1.988885
1.854916
1.433106
1.583046
