1.963112
1.989908
1.318986
1.999257
1.503293
1.688983
1.359848
1.526938
1.729482
1.868034
1.846294
1.765360
1.792787
1.185447
1.357240
1.956592
1.848727
1.932139
1.719667
1.656985
1.848239
1.949346
1.654090
1.021977
1.932421
1.783937
1.707761
1.897392
1.896681
1.428478
1.338197
1.273942
1.941828
1.963536
1.964254
1.479883
1.905134
1.774278
1.195569
1.878018
1.829045
1.657497
1.570231
1.899445
1.817589
1.074898
1.865186
1.833768
1.993765
1.887113
1.564353
1.382172
1.545507
1.827989
1.734860
1.985730
1.209716
1.616609
1.682333
1.897882
1.657358
1.561745
1.787142
1.553058
1.487183
1.260323
1.545575
1.584791
1.744407
1.806203
1.983571
1.664531
1.076876
1.910669
1.921341
1.673221
1.535292
1.914384
1.833640
1.315893
1.741559
1.682939
1.695209
1.369131
1.963190
1.904123
1.657737
1.622768
1.930132
1.330815
1.855315
1.539156
1.678192
1.558995
1.932050
1.645017
1.566499
1.274553
1.518517
1.463865
1.337619
1.878660
1.616235
1.195316
1.978475
1.833643
1.945790
1.720129
1.777923
1.826732
1.406343
1.988794
1.210817
1.795479
1.810073
1.517078
1.808058
1.733441
1.265898
1.414140
1.682777
1.925350
1.764153
1.953958
1.649853
1.862042
1.208223
1.674800
1.432872
1.814118
1.827491
1.366528
1.637316
1.804713
1.889786
1.468099
1.977958
1.837422
1.786342
1.751513
1.002908
1.948260
1.915534
1.820067
1.013967
1.437228
1.572220
0.912556
1.037730
1.669617
1.748929
1.826372
1.556581
1.728728
1.402494
1.155036
1.434347
1.696552
1.757547
1.863597
1.596365
1.305553
1.278571
1.096949
1.187372
1.953526
1.825307
1.889339
1.615149
1.357414
1.228395
1.712602
1.960130
1.414007
1.613524
1.991348
1.542205
1.765501
1.150694
1.395335
1.601280
1.827574
1.948355
1.971740
1.627543
1.823192
1.752643
1.608317
1.849109
1.347545
1.474155
1.846389
0.952107
1.472696
1.690978
1.157652
1.568910
1.489000
1.718336
1.998857
1.818067
1.726679
1.933757
1.761258
1.557924
1.892634
1.417357
1.516520
1.520313
1.771143
1.340273
1.754524
1.906007
1.474813
1.600998
1.939811
1.681710
1.130871
1.634007
1.709765
1.457887
1.466190
1.632616
1.056489
1.904257
1.794704
1.059875
0.975462
1.865094
1.297796
1.648151
1.994052
1.768974
1.921095
1.888873
1.279246
0.907016
1.126443
1.229483
1.971128
1.649994
1.620858
1.645099
1.462731
1.419854
1.784826
1.878950
1.196621
1.437409
1.667034
0.982162
1.137211
1.403033
1.921585
1.165605
1.962935
1.153062
1.028876
1.701752
1.860230
1.825165
1.682061
1.461045
1.321351
1.557207
1.898755
1.928117
1.593263
1.994380
1.553931
1.252979
1.406781
1.638977
1.725666
0.985792
1.449186
1.319167
1.818408
1.665783
1.235987
1.995793
1.963189
1.222162
1.097617
1.838170
1.559675
1.807928
1.988707
1.711081
0.904272
1.843706
1.039609
1.356830
1.820174
1.857035
1.945718
1.841065
1.967962
1.995017
1.843317
1.717847
1.690952
1.966386
1.298356
1.517304
1.225941
1.972888
1.358934
1.105286
1.817455
1.958959
1.465703
1.218753
1.937350
1.858857
1.309289
1.892200
1.047100
1.269573
1.914041
0.939839
1.212390
1.591260
1.562896
1.752667
1.875211
1.588209
1.839156
1.367112
1.406384
1.895874
1.847754
1.717187
0.960215
1.278424
1.909186
1.911076
1.304594
1.755851
1.269644
1.560455
1.124234
1.514102
1.151130
1.871054
1.493067
1.175936
1.756316
1.660572
1.769961
1.745431
1.070690
1.538982
1.856741
1.503791
1.784647
1.182623
1.825114
1.799198
1.999056
1.646468
1.596481
1.922175
1.721506
1.220142
1.673067
0.872389
1.812303
1.725586
1.153865
1.693401
1.535025
1.645407
1.289231
1.678018
1.883227
1.917277
1.001767
1.789542
1.544842
1.312152
1.870199
1.752856
1.572363
1.679149
1.919594
1.956595
1.288962
1.208074
1.625479
1.732686
1.919933
1.073054
1.459854
1.796799
1.683711
1.357367
1.236014
1.114992
1.778002
1.439089
1.810385
1.922895
1.631415
1.218751
1.843456
1.185290
1.514010
0.945098
1.773645
1.458621
1.743563
1.457757
1.726797
1.861720
1.107773
1.353240
1.091967
1.110498
1.628228
0.962485
1.288747
1.707033
1.613654
1.636374
1.259822
1.970601
0.875299
0.952545
1.265227
1.671399
1.563667
