1.937006
1.898989
1.924714
1.972870
1.928108
1.951949
1.895794
1.983151
1.901046
1.897434
1.998719
1.992645
1.981532
1.853695
1.887916
1.914983
1.963221
1.903427
1.846171
1.814700
1.799281
1.883016
1.973109
1.879493
1.879635
1.951609
1.903781
1.907376
1.771525
1.892314
1.928865
1.893183
1.639854
1.779908
1.881971
1.776780
1.950469
1.956228
1.817003
1.789965
1.775760
1.715609
1.893465
1.937776
1.861675
1.763772
1.908291
1.730967
1.707905
1.976426
1.750143
1.874627
1.841798
1.848178
1.757166
1.945490
1.956877
1.737627
1.824986
1.886306
1.942743
1.836593
1.735069
1.880500
1.798642
1.811024
1.981936
1.913690
1.959356
1.588498
1.576772
1.884971
1.828468
1.784649
1.830628
1.895429
1.429707
1.833984
1.709219
1.939672
1.640202
1.917360
1.740823
1.573931
1.877964
1.586165
1.782357
1.933288
1.724726
1.728694
1.828717
1.460613
1.952856
1.871233
1.694403
1.552433
1.956099
1.665473
1.670218
1.984082
1.792586
1.974062
1.558778
1.406947
1.630360
1.513396
1.649206
1.515284
1.719556
1.459602
1.684406
1.956795
1.670546
1.784356
1.877424
1.685259
1.580521
1.956650
1.498850
1.554237
1.918610
1.416323
1.354678
1.677003
1.894427
1.597110
1.669837
1.662567
1.841145
1.576668
1.437206
1.405113
1.719044
1.868881
1.755291
1.816446
1.736735
