1.226913
1.939009
1.837190
1.675045
1.927932
1.864450
1.522122
1.758625
1.353403
1.739303
1.609509
1.913896
1.936817
1.999645
1.871059
1.634828
1.644812
1.880449
1.998794
1.807961
1.688325
1.442628
1.973734
1.766291
1.808779
1.965976
1.854193
1.358192
1.811844
1.432528
1.544443
1.704983
1.935745
1.905472
1.668200
1.779452
1.979021
1.821513
1.493710
1.826113
1.598593
1.706242
1.868531
1.728718
1.961678
1.599895
1.276260
1.775491
1.515517
1.617936
1.976258
1.786183
1.573649
1.755704
1.691963
1.460909
1.705591
1.222539
1.334500
1.635503
1.418704
1.071625
1.922062
1.299718
1.904282
1.978788
1.297362
1.914624
1.619841
1.971532
1.582730
1.680896
1.819848
1.670439
1.947957
1.618501
1.625776
1.389762
1.740181
1.980333
1.943155
1.886386
1.654381
1.957366
1.290038
1.363435
1.418396
1.613500
1.931695
1.529529
1.432271
1.941437
1.836727
1.582489
1.307041
1.565245
1.990538
1.991606
1.552348
1.577607
1.654918
1.946651
1.539409
1.910885
1.405962
1.947115
1.366822
1.919895
1.641630
1.682083
1.952403
1.523696
1.846454
1.326402
1.945860
1.750512
1.519176
1.254936
1.480914
1.984996
1.990901
1.911266
1.781253
1.940072
1.167130
1.709850
1.365452
1.315475
1.955681
1.506566
1.401643
1.828387
1.745527
1.890009
1.999340
1.512802
1.806887
1.638608
1.226112
1.555527
1.532865
1.679047
1.937645
1.907481
1.749830
1.922278
1.684117
1.698335
1.808914
1.794260
1.947874
1.992361
1.674540
1.920692
1.945267
1.760417
1.852168
1.666617
1.549547
1.274560
1.051012
1.887772
1.903046
1.943569
1.340722
1.686582
1.349063
1.416871
1.469568
1.699035
1.799601
1.768530
1.702627
1.968537
1.623252
1.748588
1.775076
1.416365
1.797457
1.960231
1.466771
1.623936
1.501843
1.345566
1.674562
1.653906
1.759387
1.942789
1.188538
1.913871
1.527901
1.364204
1.345042
1.898636
1.587983
1.357275
1.472264
1.292904
1.975164
1.740218
1.828205
1.637107
1.886180
1.099063
1.864314
1.774047
1.742821
1.935487
1.638339
1.519379
1.908753
1.771581
1.354207
1.615796
1.637903
1.960898
1.292399
1.925875
1.779155
1.630773
1.699425
1.762544
1.266106
1.491789
1.518850
1.373779
1.706856
1.991589
1.707419
1.681920
1.342260
1.879841
1.892179
1.717057
1.582987
1.927436
1.983189
1.663894
1.637774
1.191548
1.258029
1.489648
1.760304
1.097548
1.839890
1.643336
1.774336
1.570327
1.781032
1.479519
1.994412
1.128411
1.475028
1.559492
1.731422
1.840469
1.898007
1.602872
1.229230
1.681532
1.681115
1.952559
1.868956
1.835967
1.907624
1.735734
1.229964
1.380260
1.878318
0.939990
1.965781
1.876510
0.981494
1.924212
1.290736
1.288221
1.876277
1.885624
1.733598
1.492808
1.505927
1.111417
1.345060
1.804457
1.909377
1.917212
1.756513
1.889545
1.235280
1.911797
1.451066
1.554571
1.552851
1.754866
1.652344
1.132033
1.160524
1.785624
1.731482
1.495701
0.961299
1.613785
1.811291
1.963690
1.756734
1.431691
1.499059
1.376490
1.757113
1.250443
1.638369
1.932657
1.425560
1.426724
1.372210
1.519201
1.677437
1.366112
1.929229
1.917900
1.643373
1.640065
1.237091
1.652760
1.083383
1.922199
1.469574
1.659519
1.361697
1.530311
1.992580
1.559066
1.738764
1.439548
1.619584
1.207915
1.976948
1.230443
1.469140
1.863468
1.854626
1.601726
1.901395
1.886120
1.344508
1.534665
1.558137
1.455236
1.191040
1.512836
1.102883
1.980518
1.651185
1.568532
1.756257
1.413679
1.413127
1.575074
1.801608
1.792308
1.320512
1.636385
1.854152
1.882421
1.553613
1.639489
1.287713
1.372217
1.758023
1.497596
0.932383
1.108590
1.657846
1.535506
1.660344
1.927917
1.078627
1.925534
1.844633
1.170559
1.801650
1.700233
1.055280
1.923302
1.906566
1.421822
1.732976
1.443818
1.923817
1.985036
1.929125
1.617635
1.938135
1.405387
1.772891
1.967939
1.321392
1.443142
1.688919
1.303445
1.935728
1.552751
1.995992
1.575615
1.536242
1.594539
1.127849
1.644793
1.534818
1.862537
1.151606
1.615964
1.692607
1.989574
1.805676
1.555605
0.945175
1.610085
1.557525
1.749275
1.226190
1.787529
1.685861
1.530104
1.824741
1.431825
1.581742
1.195277
1.379346
1.175264
1.689774
1.755180
1.594020
1.361024
1.436919
1.535894
1.651281
1.659390
1.872708
1.985826
1.654397
1.301891
1.812806
1.676624
1.297295
1.943176
1.450241
1.297775
1.944632
1.817430
1.309482
1.747112
1.621279
1.212082
1.566261
1.515908
1.270072
1.840769
1.851063
0.930320
1.897942
1.276115
1.917136
1.292146
1.585567
1.274337
1.579384
1.280057
1.494471
1.812043
1.898793
1.178461
1.852300
1.201832
0.932829
1.986511
1.579531
1.664742
1.250371
1.684738
1.769309
1.551079
1.559435
1.984436
1.789796
1.603851
1.665858
1.456451
1.555406
1.604670
1.900058
1.928803
1.333659
1.652927
1.992939
1.779832
1.190672
1.820259
1.650028
1.340820
1.400976
1.488530
1.983052
1.719409
1.570341
1.875611
1.232414
1.686440
1.832814
1.756482
1.232867
1.882964
1.326394
1.937805
1.736142
1.962309
1.687089
1.818739
1.364288
0.920827
1.566197
1.270630
1.563979
1.156407
1.227365
1.311690
1.366741
1.296504
1.783598
1.991015
1.955325
1.325074
1.908611
1.588520
1.532561
1.792933
1.846963
1.260101
0.981921
1.832821
1.885765
1.512750
1.457775
1.461985
1.673949
1.674949
1.132325
1.073862
1.541863
1.697352
1.296972
1.658057
1.440362
1.100492
1.779294
1.662485
1.472788
1.639037
1.696256
1.234214
1.409863
1.607708
1.060056
1.585934
1.356253
1.547819
1.219333
1.547085
1.887408
1.723991
1.993347
1.709467
1.546969
1.192225
1.209095
1.191914
1.572967
1.364775
1.538355
1.326193
1.613728
1.969221
1.947781
1.440543
1.492785
1.505235
1.201501
1.873421
1.887055
0.989237
1.859422
1.290045
1.794363
1.045833
1.722170
1.959516
1.936509
1.956110
1.270955
1.652916
1.196227
1.359739
1.681958
1.220893
1.109672
1.428901
1.498100
1.934892
1.413209
1.747587
1.598178
1.247294
1.485077
1.737170
1.442442
0.887780
1.361403
1.976214
1.118892
1.385756
1.002854
1.089947
1.388582
1.551453
1.972604
1.313987
1.309705
1.223628
1.349318
1.212016
1.720653
1.184475
1.711222
1.961937
1.430561
1.004649
1.645422
1.940520
1.072936
1.985686
1.807950
1.435981
1.665921
1.015213
1.128692
1.848525
1.522608
1.640668
1.707643
1.763956
1.981772
1.458979
1.221026
0.942483
1.801705
0.980543
1.065668
0.971225
1.354778
1.278612
1.928987
1.017037
1.420149
1.385210
1.789937
1.595227
1.217129
1.722189
1.749997
1.656212
1.178025
1.182524
1.173783
1.320903
1.334875
1.643581
1.491593
1.466122
1.665536
1.685607
1.584382
1.882662
1.724068
1.443571
1.994690
1.655877
1.364306
1.727984
1.293159
1.861905
1.470052
1.649066
1.357213
1.781667
1.409789
0.866019
1.735679
1.926274
1.439414
1.795402
1.793141
1.618718
1.667163
1.478320
1.236004
1.433935
1.292816
1.765604
1.873502
1.796079
1.867354
1.287046
1.755086
1.196410
1.859414
1.896490
1.406091
0.995802
1.856450
1.832810
1.264180
1.301323
1.273111
1.752421
1.952815
1.329526
1.445586
1.523902
1.312064
1.770182
1.839029
1.132354
1.161770
1.070986
0.854405
1.746565
1.177685
0.870781
1.094510
1.560621
1.404576
1.688578
1.040290
1.223179
1.639902
0.929816
1.427859
1.437632
1.967742
1.419329
1.241752
1.223256
1.009764
1.695422
1.006373
1.894574
0.904957
1.480380
1.125697
1.440667
0.962075
1.215526
0.914705
1.173985
1.945043
1.344473
1.248070
1.836542
1.961815
1.688580
1.520618
1.511302
1.522383
1.324628
1.584734
1.863258
1.076644
0.973865
1.123143
1.629763
1.539531
1.423767
1.399275
0.875614
1.696639
1.279471
1.635618
1.927445
0.997427
1.778069
1.876024
1.897315
1.050916
1.400911
1.566079
1.207334
1.491384
1.977381
1.089547
1.290077
1.881269
0.866491
0.797939
1.745372
1.523376
1.517208
1.938838
1.950699
1.394296
1.267509
1.393223
1.023175
1.658030
1.924928
1.924113
1.289814
1.938932
