1.882773
1.914136
1.849713
1.566266
1.745038
1.572867
1.606178
1.789957
1.899643
1.840979
1.947536
1.601532
1.560372
1.394516
1.774896
1.842040
1.442569
1.566584
1.835757
1.921739
1.452554
1.315183
1.917599
1.621101
1.761229
1.941919
1.820445
1.576052
1.871620
1.653909
1.985464
1.532336
1.785976
1.912859
1.875143
1.909069
1.906717
1.798022
1.466278
1.414125
1.933967
1.895999
1.567775
1.871060
1.914310
1.278052
1.935276
1.515225
1.560544
1.786128
1.937502
1.882708
1.329633
1.695960
1.620433
1.744867
1.094309
1.669931
1.395947
1.825269
1.607013
1.998846
1.615022
1.852117
1.667527
1.925681
1.532879
1.113531
1.953199
1.863148
1.262870
1.755331
1.452295
1.746118
1.063289
1.649042
1.981545
1.113245
1.558169
1.268845
1.739479
1.585746
1.141566
1.605076
1.846248
0.983291
1.414720
1.715896
1.400798
1.801973
1.838369
1.742073
1.835381
1.981662
1.151816
1.724351
1.336870
1.650453
1.984109
1.786346
1.018733
1.883489
1.587026
1.110420
1.937032
1.930689
1.424849
1.961977
1.330220
1.422170
1.955397
1.094854
1.164524
1.615858
1.656615
1.988727
1.950641
1.515965
1.724561
1.189911
1.486184
1.780016
0.898689
1.463705
1.348602
1.082585
1.462347
1.574829
0.897578
1.980927
1.870317
0.990261
1.532012
1.530664
1.507898
1.733739
1.613441
1.511201
1.563784
1.203979
1.590187
1.605491
1.696668
1.351287
1.119005
1.633753
1.060254
1.644817
1.279036
1.655858
1.956982
1.934435
1.177424
1.524694
1.669941
1.630869
1.772817
1.466654
1.904159
1.244976
1.889300
1.635410
1.111640
1.988345
1.766215
1.210190
1.212979
1.968340
1.386678
1.665890
1.612320
1.473664
1.994896
1.444371
1.447516
1.545361
1.551364
1.545368
1.203835
1.856411
1.575597
1.453051
1.443075
1.826152
1.907954
1.629606
1.573852
1.485996
1.819544
1.257035
1.850943
1.935463
1.436527
1.370458
1.676815
1.725403
1.865281
1.622208
1.667774
1.776658
1.022423
1.656164
1.864058
1.998143
1.612629
1.753960
1.538047
1.411409
1.556671
1.771352
1.497867
0.908868
1.165269
1.565996
0.990231
1.764669
1.784651
1.329323
1.457348
1.912809
1.365145
1.757881
1.387434
1.165816
1.315509
1.023296
1.238361
1.188729
1.689535
1.976550
0.958272
1.615749
1.111951
1.912853
1.619331
1.738321
1.448547
1.568355
0.939160
1.134842
1.488691
1.911453
1.024043
1.443045
1.455394
1.297508
1.410411
1.759608
1.593088
1.375940
1.451789
1.492459
1.408519
1.518095
0.961058
1.032059
1.677799
1.891073
1.298109
1.909411
1.507736
1.178435
1.856649
1.953946
1.744783
1.717312
1.489318
1.719115
0.968115
1.852569
1.660918
1.201525
1.409431
1.970350
0.970340
1.334927
1.755487
1.464121
1.585680
