1.998599
1.897573
1.729586
1.776129
1.661889
1.405084
1.334600
1.900100
1.663117
1.580370
1.643998
1.758565
1.814772
1.995103
1.803317
1.478384
1.767485
1.988524
1.843330
1.656001
1.698871
1.931485
1.522474
1.743644
1.444613
1.574269
1.720539
1.334625
1.574415
1.375162
1.942483
1.340927
1.907589
1.966568
1.958666
1.671843
1.343120
1.933010
1.676154
1.969356
1.479666
1.634275
1.914599
1.905087
1.345618
1.617289
1.337490
1.487198
1.697163
1.518018
1.168021
1.602036
1.633921
1.990730
1.864753
0.953529
1.864592
1.698882
1.834734
1.969695
1.926317
1.433236
1.235293
1.409308
1.611871
1.962140
1.702742
1.528160
1.626555
1.778726
1.741145
1.893346
1.875492
1.886048
1.524939
1.963273
1.667195
1.932661
1.265730
1.742988
1.462255
1.571980
1.697452
1.903925
1.810922
1.215491
1.134328
1.592887
1.034832
1.622043
1.838003
1.371991
1.527397
1.191573
1.417406
1.734558
1.898919
1.431797
1.673002
1.542803
1.826572
1.598791
1.838474
1.824579
1.800109
1.550047
1.284531
1.717890
1.356893
0.990670
1.504643
1.976095
1.657931
1.571967
1.613464
1.863079
1.713717
1.567385
1.968121
1.879835
1.276084
1.734511
1.960699
1.601313
1.146935
1.242273
1.435513
1.767320
1.219355
1.709861
1.374171
1.288815
1.532280
1.678542
1.290407
1.680283
1.108146
1.367096
1.223714
1.384865
1.436911
1.874081
1.530048
1.349413
1.966804
1.808906
1.569427
1.918400
1.180948
1.241804
1.196600
1.259874
1.325491
1.839061
1.656661
1.592233
1.279541
1.913216
1.491160
1.448661
1.948820
1.138923
1.648124
1.724850
1.235918
1.916614
1.512668
1.339121
1.168427
1.840714
1.732367
1.518289
1.187265
1.217454
1.569891
1.840670
1.916425
1.948749
1.869007
1.210681
1.703817
1.384758
1.659896
1.221168
1.489028
1.994659
1.568371
1.987299
1.660556
1.368991
1.966664
1.227711
1.979276
0.995413
1.453825
1.232456
1.774337
1.953447
1.124597
1.840644
1.489707
1.601167
1.366026
1.414047
1.477939
1.201823
1.694693
1.904054
1.513683
0.944986
1.231357
1.937075
1.779760
1.846875
1.542054
1.468131
1.875622
1.379932
1.321330
1.214226
1.273690
0.844952
1.633541
1.881401
1.570267
1.389249
1.947692
1.016903
1.088289
1.070282
1.949168
1.665694
1.142883
1.968975
1.046692
0.792940
1.558725
1.458946
1.501041
1.928339
1.857799
1.937608
1.523699
1.269931
1.146982
1.931473
1.771430
1.916465
0.891487
1.476574
1.831026
1.612588
1.534779
1.415326
1.935621
1.925809
1.850092
1.680625
1.690938
1.700332
1.529916
1.447836
1.663825
1.638914
1.233301
1.895411
1.048215
1.966265
1.436751
1.288547
1.915554
1.232523
1.682386
1.343621
1.177568
1.818711
1.856779
1.497080
1.094956
1.776542
1.626402
1.956435
0.867324
1.303329
1.038121
1.850486
0.945040
