1.946816
1.963226
1.791272
1.854921
1.966795
1.736147
1.988785
1.898555
1.741657
1.786222
1.859376
1.920090
1.892251
1.901501
1.996321
1.954752
1.999691
1.837904
1.908570
1.977301
1.820231
1.947009
1.859942
1.692185
1.928516
1.874866
1.793575
1.887677
1.812228
1.895098
1.791255
1.848127
1.703002
1.702236
1.850009
1.975557
1.913543
1.727292
1.957318
1.842635
1.993198
1.701129
1.897534
1.852663
1.622904
1.792102
1.894745
1.932567
1.949141
1.815625
1.807892
1.624429
1.891807
1.651072
1.754319
1.769613
1.985756
1.901310
1.646983
1.693193
1.943955
1.797154
1.852699
1.740719
1.801157
1.864925
1.514990
1.803427
1.533779
1.862038
1.535964
1.482007
1.822653
1.882350
1.867471
1.904295
1.960902
1.667154
1.832642
1.422363
1.545133
1.506596
1.717599
1.581924
1.533852
1.633089
1.716354
1.560387
1.909633
1.774820
1.953999
1.328558
1.715436
1.887353
1.867373
1.978215
1.993541
1.986068
1.972009
1.476471
1.977094
1.648470
1.694192
1.747956
1.358405
1.364141
1.731623
1.685562
1.783923
1.802142
1.478717
1.815978
1.563049
1.613118
1.672088
1.555537
1.834113
1.655358
1.611554
1.609950
1.638374
1.894318
1.949939
1.894235
1.822785
1.370327
1.736433
1.466760
1.469348
1.741543
1.222460
1.919432
1.875090
1.887444
1.761235
1.939308
1.655650
1.709085
1.840533
1.748322
1.584987
1.954136
1.621920
