1.969070
1.993777
1.981181
1.925607
1.842777
1.704257
1.840867
1.841956
1.830836
1.990004
1.641799
1.752779
1.989034
1.497975
1.911523
1.824404
1.914716
1.759639
1.658527
1.690285
1.504905
1.689157
1.555157
1.950332
1.894629
1.931589
1.547785
1.857436
1.582742
1.531903
1.638092
1.586182
1.513679
1.793359
1.667367
1.704896
1.351991
1.868002
1.803366
1.866916
1.682706
1.785131
1.745415
1.913581
1.744912
1.967788
1.800187
1.762384
1.719372
1.336206
1.761869
1.774847
1.628965
1.323526
1.937725
1.782899
1.803976
1.577312
1.982099
1.818637
1.713131
1.926038
1.368301
1.915828
1.993441
1.915855
1.862098
1.524332
1.619501
1.378305
1.596797
1.682132
1.521132
1.701844
1.733497
1.242092
1.460131
1.581610
1.559198
1.675503
1.644199
1.526209
