1.979495
1.907783
1.935089
1.950316
1.956612
1.930644
1.967756
1.802688
1.878643
1.957726
1.823923
1.857807
1.756649
1.988998
1.701218
1.890889
1.812511
1.943305
1.815161
1.907623
1.823233
1.812138
1.600873
1.683057
1.905918
1.822121
1.740371
1.830781
1.908177
1.910821
1.872452
1.950796
1.653228
1.663075
1.966322
1.985705
1.820305
1.998010
1.737657
1.906202
1.931880
1.775581
1.802330
1.883646
1.919898
1.929871
1.683247
1.930679
1.956365
1.909026
1.608623
1.639996
1.942605
1.846219
1.798787
1.909351
1.947846
1.822288
1.861968
1.766585
1.978829
1.789678
1.772610
1.697839
1.937186
1.942589
1.809137
1.802842
1.831374
1.814121
1.944109
1.773455
1.822293
1.779933
1.969792
1.819294
1.697898
1.940017
1.902603
1.704641
1.820829
1.855091
1.871507
1.917305
1.449664
1.592378
1.717115
1.692773
1.500769
1.567904
1.876509
1.981987
1.800675
1.937280
1.885700
1.653032
1.420335
1.992198
1.551534
1.851464
1.668313
1.916274
1.637494
1.948305
1.768469
1.464406
1.586150
1.629346
1.801072
1.952539
1.881763
1.824132
1.772917
1.833112
1.517541
1.955440
1.743151
1.571867
1.745467
1.551125
1.658628
1.597941
1.836397
1.835292
1.856328
1.492836
1.940971
1.867522
1.732732
1.582697
1.970461
1.521257
1.481137
1.679924
1.494587
1.912608
1.516810
1.934076
1.669376
1.476420
1.883496
1.959435
1.449246
1.840331
1.393956
1.803299
1.759976
1.311251
1.703446
1.612672
1.333333
1.442044
1.534503
1.975007
1.632612
1.464605
1.828500
1.930521
