1.708247
1.422759
1.793560
1.725380
1.750426
1.971695
1.440994
1.539783
1.186066
1.871767
1.811111
1.462947
1.758494
1.480582
1.542912
1.274629
1.720855
1.721795
1.886210
1.984775
1.959736
1.899003
1.968260
1.824450
1.657826
1.070246
1.295525
1.939063
1.713074
1.372942
1.949386
1.760777
1.361003
1.844031
1.849976
1.456150
1.317819
1.841757
1.130138
1.883968
1.694205
1.652725
1.593421
1.221479
1.762855
1.597894
1.511245
1.940413
1.801342
1.375017
1.898219
1.159597
1.327869
1.606163
1.662807
1.820584
1.747579
1.676003
1.919116
1.543974
1.965066
1.998856
1.616327
1.356633
1.709501
1.875369
1.956062
1.364428
1.242481
1.341057
1.686354
1.845452
1.863891
1.261687
1.866060
1.379566
1.735617
1.915403
1.716663
1.312342
1.834321
1.984222
1.918843
1.557272
1.825167
1.633812
1.767422
1.936700
1.970960
1.199441
1.888808
1.569035
1.777217
1.796815
1.921277
1.146893
1.900209
1.654604
1.710913
1.539301
1.465613
1.409815
1.316465
1.445488
1.195801
1.458051
1.997935
1.698919
1.519348
1.254695
1.744417
1.211558
1.646311
1.944045
1.254802
1.971273
1.118361
1.681609
0.916558
1.735309
1.139732
1.566406
1.899752
1.925628
1.861977
1.644914
1.798246
1.048796
1.779307
1.341179
1.854345
0.977467
1.929362
1.460651
1.456250
1.088223
1.743339
1.518868
1.824652
1.541065
1.753948
1.368852
1.754986
1.425580
1.957341
1.776247
1.292029
1.316184
1.416392
1.406315
1.769802
1.563174
1.121330
1.888867
1.347725
1.360610
1.845776
1.944163
1.869817
1.256599
1.672330
1.428628
1.988027
1.572107
1.926152
1.084715
1.769094
0.909490
1.285603
1.157246
1.109291
1.924315
1.747896
1.504605
1.110563
1.877406
1.405729
1.095026
1.947778
1.610982
1.887189
1.601126
1.512373
1.926045
1.230653
1.967471
1.459966
1.274324
1.703316
1.946617
1.570000
1.995553
1.750541
1.101624
1.540958
1.767620
1.157763
1.386640
1.817642
1.413334
1.498810
1.940355
1.750531
1.581203
1.962909
1.501095
1.523106
1.916507
1.847152
1.273353
1.264338
1.480260
1.737600
1.746290
1.998997
1.510042
1.121003
1.807987
0.883214
1.734088
1.420765
1.642401
1.975525
1.410138
1.972543
1.698734
1.006903
1.870822
1.726875
1.853020
1.662533
1.764040
1.998207
1.511207
1.513961
1.390891
1.831472
1.968184
1.553726
1.478252
1.219909
1.551332
1.625226
1.941032
1.222431
1.403032
1.553087
1.749184
1.575843
1.071208
1.661918
1.399915
1.098325
1.416660
1.846278
1.910455
1.515372
1.707597
1.308818
1.738903
1.971885
1.195544
1.229576
1.384067
1.631422
1.506465
0.859852
1.510566
1.371467
1.570589
1.544591
1.843073
1.533001
1.692360
1.502134
1.700512
1.700272
1.953274
1.735232
1.516480
1.924860
1.954872
1.565503
1.745327
1.320614
1.373777
1.360740
1.493115
1.652492
1.686191
1.426102
1.129405
1.881275
1.824468
1.872219
1.593755
1.777713
1.165182
1.484255
1.396613
1.730053
1.967993
1.034532
1.871440
1.923634
1.305811
1.138886
1.924719
1.727811
1.826236
1.587833
1.838771
1.718498
1.110603
1.683287
1.602423
1.842429
1.600736
0.944624
1.811254
1.353673
1.308453
1.999147
1.178328
1.932051
1.759260
1.602072
1.428805
1.222862
1.996233
1.198123
1.676393
1.584680
1.269161
1.905342
1.869552
1.016454
1.479508
1.733587
1.769633
1.751336
1.170760
1.535135
1.070459
1.437489
1.770776
1.433633
1.813425
1.560311
1.653597
1.313539
1.459060
1.696393
1.591029
1.755720
1.581272
1.743120
1.765333
1.805972
1.410135
1.775383
1.544651
1.394491
1.667665
1.108318
0.996370
1.294472
1.869395
1.675775
1.399088
1.305920
1.444502
1.343552
1.254839
1.407775
1.927967
1.944108
1.677176
1.520895
1.894489
1.521202
1.565636
1.329217
1.596738
1.939137
1.655748
1.069773
1.615270
1.987827
1.401543
0.876120
1.903986
1.337300
1.998418
1.910746
1.953963
1.642246
1.348417
1.880615
1.580928
1.415938
1.778412
1.557066
1.790025
1.388846
1.212635
1.331796
1.708085
1.800342
1.986574
1.453959
1.952535
1.854286
1.675235
1.803700
1.296561
1.963666
1.746915
1.517650
1.148076
1.540989
1.789323
1.679896
1.217070
1.523691
1.531801
1.335985
1.879516
1.897515
1.506123
0.887540
1.828661
1.821477
1.900758
1.129773
1.629246
1.574052
1.822201
1.342265
1.210676
1.124272
1.576848
1.375967
1.928815
1.496601
1.587435
1.131274
1.740679
1.526976
1.134982
1.575922
1.139551
1.998720
1.000314
1.916530
1.737427
1.519653
1.726862
1.422538
1.482223
1.513221
0.971410
1.989471
1.971516
1.886488
1.718708
1.561576
1.653228
1.464123
1.055666
1.229310
1.744841
1.809588
1.945320
1.218357
1.651399
1.840977
0.968957
0.959767
1.905425
1.408651
1.866194
1.717433
1.470363
1.841953
1.113726
1.202269
1.662747
1.188748
1.665776
1.190910
1.829420
1.772906
1.578388
1.206935
1.404859
1.965322
0.948597
1.105634
1.278653
1.856156
1.783247
1.869966
0.871719
1.401960
1.963603
1.423874
1.471134
1.713740
1.909199
1.240611
1.618439
1.911340
1.285040
1.755495
1.626402
1.728812
1.096007
1.042428
1.654788
1.913170
1.644702
0.988240
1.249081
1.803750
0.945357
0.981300
0.993839
1.980140
1.857585
1.482135
1.437483
0.985783
1.243996
1.216031
1.569220
1.249874
1.181740
1.401409
1.709111
1.612333
1.193945
1.813125
1.951169
1.036950
1.764316
1.601041
1.652110
1.180533
1.002483
1.634533
1.478450
1.602800
1.620932
1.012659
1.536071
1.523808
1.110138
1.647228
1.485937
1.966602
1.830892
1.267276
0.916747
1.418193
0.969288
1.404832
1.186577
1.223422
1.203260
1.211138
1.754971
1.171707
1.073549
1.316335
1.931122
0.863600
1.633228
1.678856
1.777894
1.169717
1.591836
1.070547
1.209084
1.262418
1.041758
1.017265
1.756468
1.271717
1.126425
1.422432
1.810381
1.421473
1.105697
1.611444
1.954493
1.625459
1.981480
1.915159
1.620958
1.489727
1.387878
1.773051
1.750398
1.942274
1.780024
1.627255
1.858405
1.799612
0.972519
1.294439
1.054562
1.215832
0.860030
1.966791
1.820113
1.231915
1.056917
0.939841
1.143902
1.262766
1.465680
1.233508
0.867057
1.020587
0.904423
1.603354
1.500493
0.960525
1.903290
0.856695
1.819200
1.207746
1.173063
0.937360
1.905564
1.767303
0.942089
1.698479
1.896951
1.974708
1.793594
1.215945
1.884209
1.998847
1.614891
1.088333
1.672618
1.249907
1.353323
1.110903
1.727715
0.987168
1.685019
1.899757
1.961300
0.811846
1.264256
