1.899422
1.991619
1.939922
1.957596
1.974796
1.835446
1.816382
1.990849
1.689956
1.794663
1.899965
1.986405
1.979621
1.957162
1.871442
1.950140
1.946150
1.869968
1.925953
1.756382
1.827447
1.884657
1.966559
1.751077
1.884565
1.856201
1.949481
1.772741
1.960194
1.942212
1.650567
1.996109
1.992876
1.998372
1.873414
1.973788
1.763429
1.930710
1.951409
1.733519
1.905779
1.961862
1.950940
1.784030
1.942610
1.547295
1.912544
1.930782
1.691178
1.999674
1.796478
1.848767
1.843527
1.899625
1.959110
1.918873
1.945820
1.968589
1.721316
1.744820
1.884761
1.943545
1.839386
1.761826
1.692513
1.735705
1.916334
1.947004
1.760812
1.835011
1.951357
1.648591
1.680763
1.795601
1.625785
1.689669
1.456644
1.785734
1.758473
1.966853
1.715856
1.997258
1.597529
1.832666
1.788052
1.851649
1.849369
1.580530
1.757575
1.754444
1.841808
1.945135
1.645675
1.704969
1.937524
1.654806
1.583903
1.622915
1.437934
1.904612
1.431644
1.860721
1.814244
1.613241
1.415025
1.657459
1.975341
1.590805
1.946456
1.904729
1.680515
1.850661
1.596663
1.754574
1.794831
1.662467
1.498924
1.779234
1.955736
1.969659
1.361386
1.837982
1.529217
1.939234
1.727913
1.516259
1.683815
1.716739
1.674384
1.600691
1.696949
1.887364
1.351178
1.381323
1.382780
1.882362
1.706216
1.673757
1.926796
1.826020
1.942140
1.596805
1.386182
1.537337
1.863796
1.574543
1.550030
1.376404
1.145532
1.958539
1.342803
1.356171
1.914173
1.413445
1.487585
1.548735
