1.968425
1.998424
1.886703
1.964279
1.969947
1.875689
1.892490
1.940681
1.752055
1.831124
1.785970
1.930279
1.952004
1.983654
1.806544
1.985729
1.814112
1.987398
1.714037
1.971130
1.902191
1.882597
1.896350
1.813863
1.746954
1.909160
1.855422
1.801851
1.911136
1.732437
1.955588
1.706295
1.930671
1.808802
1.724300
1.674152
1.885326
1.995876
1.911917
1.975201
1.762174
1.635592
1.764572
1.991319
1.744994
1.913124
1.992585
1.664255
1.716733
1.869190
1.951743
1.953716
1.616629
1.753501
1.935509
1.799713
1.980351
1.733208
1.785444
1.948867
1.838202
1.835548
1.911725
1.703182
1.591040
1.635895
1.887739
1.931303
1.946532
1.505666
1.725847
1.905697
1.943209
1.777794
1.857280
1.830671
1.892179
1.968248
1.882169
1.593565
1.758909
1.661399
1.817249
1.905553
1.721524
1.797628
1.957710
1.686313
1.748434
1.843341
1.954834
1.831288
1.855755
1.882554
1.531566
1.691349
1.714592
1.977453
1.615079
1.836983
1.833416
1.875165
1.743207
1.678516
1.992534
1.760534
1.576310
1.753514
1.622523
1.939817
1.961561
1.639704
1.776954
1.959649
1.880896
1.644276
1.909318
1.614865
1.786451
1.556073
1.716667
1.965144
1.760715
1.381604
1.440974
1.562382
1.994047
1.884624
1.715125
1.688241
1.811844
1.650596
1.520255
1.987631
1.882554
1.454728
1.832899
1.737928
1.926853
1.539224
1.957530
1.916829
1.358671
1.845626
1.874254
1.842550
1.998496
1.641291
1.658475
1.578039
1.972915
1.377238
1.335118
1.728460
1.977714
1.716773
1.778450
1.782162
1.760386
1.852137
1.629981
1.879708
1.630158
1.402635
1.855629
1.696425
1.730798
1.494578
1.440568
1.355056
1.943298
1.714419
1.570427
1.397232
1.860312
1.577129
1.486222
1.483866
1.875785
1.932377
1.710041
1.844015
1.824496
1.623212
1.405046
