1.523306
1.027312
1.712981
1.914054
1.789668
1.922850
1.805439
1.983838
1.611854
1.689336
1.805663
1.767826
1.799266
1.739020
1.400745
1.556669
1.856268
1.784338
1.662622
1.651189
1.357073
1.816897
1.987316
1.107326
1.688630
1.846714
1.728389
1.847860
1.445998
1.382806
1.454738
1.915012
1.228189
1.501294
1.192816
1.361755
1.850951
1.981834
1.513420
1.647150
1.144098
1.427581
1.558170
1.988665
1.951323
1.169120
1.647557
1.962188
1.844365
1.662680
1.692064
1.640365
1.685505
1.990323
1.424813
1.570011
1.266838
1.848843
1.907076
1.449988
1.673239
1.162405
1.230177
1.688628
1.817064
1.941013
1.794699
1.172850
1.600022
1.830645
1.840386
1.485041
1.993279
1.691848
1.238797
1.939215
1.883094
1.359914
1.922364
1.815921
1.529507
1.362436
1.878072
1.963040
1.199090
1.880630
1.527499
1.644438
1.473835
1.892417
0.952914
1.434190
1.409118
1.757094
1.426579
1.352978
1.739465
1.851570
1.347028
1.936595
1.413294
1.520389
1.246323
1.668205
1.429499
1.645465
1.662810
1.996815
1.448858
1.753252
1.669946
1.946322
1.636655
1.716365
1.625795
1.633118
1.582829
1.347071
1.919862
1.062929
1.295870
1.839088
1.743941
1.812055
1.606134
1.958600
1.291576
1.198147
1.535179
1.916977
1.412480
1.904752
1.869702
1.549794
1.784261
1.081393
1.256001
1.676284
1.648399
1.985697
1.503910
1.958868
1.692050
1.270779
1.461493
1.363679
1.200759
1.988499
0.928189
1.518218
1.984207
1.573917
1.311386
1.294225
1.130551
1.901996
1.646918
1.867088
1.851869
1.793293
1.995699
1.476868
1.430584
1.814151
1.793860
1.866775
1.857868
1.611481
1.474476
1.791380
1.723553
1.667540
1.425602
1.610357
1.973865
1.899875
1.537563
1.469974
1.759273
1.997380
1.496141
1.964888
1.733052
1.739780
1.929638
1.808610
1.687168
1.861111
1.663304
1.013769
1.907915
1.727947
1.724880
1.899905
1.330903
1.713766
1.989481
1.622020
1.744849
1.511339
1.033832
1.758196
1.346156
1.925663
1.758387
1.773449
1.638988
1.149859
1.693937
1.765710
0.913954
1.700383
1.367641
1.682192
1.654183
1.359888
1.033289
1.499292
1.262052
1.954560
1.253972
1.723558
1.818025
1.347827
1.913101
1.447242
1.836885
1.892648
1.990335
1.749002
1.743937
1.182829
1.163213
1.667203
1.771552
1.829300
1.857792
1.443137
1.339647
1.938102
1.317292
1.885854
1.790689
1.734720
1.976357
1.604047
1.976699
1.716745
0.924989
1.879400
1.990216
1.820691
1.981414
1.663715
1.545807
1.585546
1.709482
1.999258
1.132038
1.996157
1.800114
1.891347
1.525731
1.729533
1.995601
1.452022
1.828993
1.415262
1.994844
1.479816
1.566207
1.704392
1.010687
1.318280
1.572647
1.471348
1.852947
1.930873
1.709598
1.758140
1.146067
1.529121
1.628501
1.085239
1.646917
1.939095
1.397483
1.340398
1.079194
1.691179
1.499882
1.676252
1.868170
1.349029
1.509222
1.678431
1.897120
1.796475
1.992274
1.300828
1.181294
1.993805
1.789685
1.472216
1.458122
1.677044
1.633599
1.017336
1.696264
1.806390
1.757977
1.826267
1.692553
1.444177
1.460833
1.889029
1.253215
1.132902
1.773235
1.644702
1.060761
1.659360
1.508238
1.677454
1.316211
1.793704
1.738482
1.566304
1.569960
1.508833
1.189234
1.533562
1.718773
1.174527
1.083278
1.489643
1.718646
1.537175
1.058162
1.815003
1.448624
1.056563
1.385796
1.482979
1.271810
1.966447
1.807271
1.641993
1.819295
1.085294
1.400879
1.939418
1.931029
1.556596
1.766684
1.807762
1.671900
1.244667
1.438181
1.053655
1.967779
1.578174
1.560190
1.222977
1.992029
1.066241
1.787307
1.273544
1.390953
1.826042
1.406137
1.809294
1.546985
1.323567
1.640672
1.206416
1.743921
1.623316
1.783327
1.471767
1.235842
1.457085
1.580759
1.584497
1.605269
1.394198
1.598619
1.747131
1.723163
1.342825
1.839182
1.107882
1.124232
1.342542
1.014399
1.214914
1.408270
1.288455
1.741340
1.434102
1.084061
1.548940
1.482789
1.087161
1.851414
1.244866
1.330412
1.967163
1.300923
1.329934
1.134455
1.861003
1.421722
1.086943
1.064670
1.034031
1.932904
1.403848
1.384054
1.440444
1.140543
1.593779
1.381808
1.457757
1.540941
1.440301
1.266855
1.364083
1.446911
1.794834
1.831912
1.476131
1.707070
1.661605
1.753684
1.992778
1.236054
1.498446
1.892416
1.842270
1.982959
1.801124
1.969330
1.616634
1.424462
1.174367
0.932301
1.033796
1.754906
1.430857
1.584276
1.387109
1.933235
1.479122
1.818262
1.538783
1.235445
1.466226
1.161317
1.686882
1.468158
0.989601
1.632232
1.799489
1.655690
1.813798
1.061066
1.114218
1.389663
1.859482
1.009061
1.410639
1.189859
1.376118
1.397103
1.500477
1.765897
1.209507
1.890287
1.693761
1.280488
0.989418
1.713391
1.343606
1.732714
1.534286
1.457026
1.177144
1.668799
1.242422
1.765524
1.899225
1.751361
1.820043
1.117146
1.555447
1.193681
1.970492
1.246613
1.596476
0.947792
1.983160
1.872329
1.587272
1.698662
1.736933
1.591643
1.419127
1.340054
1.570519
1.619630
1.688088
1.596237
1.826094
1.633804
1.744318
1.355704
1.526680
1.437891
1.728651
1.875615
1.897224
1.067369
1.918927
1.514660
1.664691
1.951728
1.960897
1.363693
1.918738
1.877929
1.061286
1.031935
1.430562
1.102876
1.253918
1.369444
0.954287
1.918825
1.921729
1.325174
1.677373
1.501321
1.167600
1.057189
1.085269
1.153320
1.972143
1.125989
1.360502
1.852617
1.752401
1.941559
1.918796
1.474847
1.551062
1.705674
0.753221
1.909464
1.566520
0.955196
1.335935
1.712988
1.820399
1.623915
1.400588
1.530361
1.910494
0.893282
1.783678
1.444031
1.129300
1.185109
1.544267
1.721830
1.879239
