1.734967
1.893634
1.672352
1.732944
1.908634
1.923732
1.420035
1.784007
1.879464
1.690890
1.784335
1.659911
1.213855
1.842876
1.753068
1.859023
1.941673
1.364055
1.495479
1.157048
1.311093
1.892698
1.945746
1.670454
1.660137
1.468628
1.936511
1.891810
1.988307
1.437164
1.777265
1.501273
1.889481
1.647007
1.758994
1.796926
1.542250
1.940051
1.892258
1.878806
1.687244
1.429595
1.554222
1.915189
1.603052
1.280346
1.964466
1.534075
1.873233
1.736986
1.409799
1.495010
1.998298
1.590866
1.852397
1.710486
1.129889
1.775060
1.525749
1.805985
1.174250
1.945992
1.822577
1.790170
1.778496
1.789258
1.846185
1.663492
1.607948
1.494075
1.639709
1.892585
1.042275
1.875189
1.577877
1.848914
1.740648
1.776422
1.751017
1.676263
1.389213
1.200061
1.856442
1.321546
1.749140
1.858529
1.761636
1.663343
1.550955
1.179376
1.123095
1.660653
1.856637
1.956883
1.758460
1.438734
1.701832
1.416388
1.544475
1.604543
1.409285
1.808640
1.709329
1.728498
1.122211
1.792558
1.204669
1.841912
1.701358
1.984076
1.952959
1.918427
1.435361
1.795352
1.892409
1.960502
1.607984
1.841039
1.186571
1.108490
1.601937
1.962472
1.909592
1.849415
1.359656
1.492485
1.607668
1.979586
1.561894
1.093584
1.751174
1.085445
1.273189
1.977449
1.229818
1.312087
1.753989
1.859897
1.637793
1.856125
1.244459
1.891810
1.341020
1.945505
1.436660
1.938840
1.624532
1.456416
1.878605
1.702317
1.740760
1.943644
1.513135
1.300117
1.837782
1.723970
1.671698
1.553825
1.209345
1.892493
1.938212
1.891895
1.389973
1.179594
1.691212
1.818813
1.797318
1.736174
1.683149
1.931120
1.429140
1.798292
1.665891
1.282813
1.478286
1.603836
1.258814
1.588496
1.619365
1.348703
1.261539
1.807755
1.137922
1.286722
1.148765
1.838718
1.829356
1.566942
1.522110
1.726914
1.924211
1.784400
1.742424
1.510280
1.582704
1.489124
1.826961
1.655648
1.987026
1.677918
1.446686
1.744223
1.781984
1.290869
1.949778
1.693736
1.868546
1.224193
1.530242
1.252783
1.689146
1.940556
1.301133
1.846858
1.398931
1.191165
1.385506
1.293748
1.766480
1.383031
1.880190
1.858988
1.656520
1.617733
1.742480
0.995264
1.581131
1.568225
1.716917
1.640412
1.302240
1.850103
1.553168
1.842275
1.393404
1.100436
1.096201
1.443128
1.564149
1.457048
1.099746
1.624901
1.679774
1.729179
1.151072
1.341275
1.512969
1.558376
1.753630
1.276465
1.710614
1.895864
1.717813
1.389938
1.827122
1.997542
1.449276
1.832852
1.877957
1.269184
1.521864
1.103747
1.569900
1.883907
1.859112
1.671364
1.493600
1.804294
1.991734
1.651814
1.937561
1.675854
1.876224
1.486986
1.299003
1.986119
1.009091
1.643531
1.850038
1.657979
1.795746
1.295582
1.809099
1.997755
1.606393
1.804608
1.184687
1.546925
1.648357
1.402958
1.605346
1.485280
1.113475
1.400448
1.166450
1.786581
1.510477
1.487927
1.409312
0.876040
1.669877
1.176555
1.489761
1.426684
1.291421
1.957836
1.705496
1.750526
1.920845
1.887648
1.602805
1.798154
1.893742
1.795748
1.423383
1.803413
1.269970
1.662896
1.858059
1.164747
1.384132
1.092284
1.325661
1.636395
1.042108
1.154058
1.295402
1.777004
1.785215
1.726250
1.221152
1.668728
1.519064
1.835977
1.420142
1.954682
1.598585
1.152524
1.179899
1.541771
1.250723
1.315664
1.612864
1.983384
1.906814
1.288697
1.191994
1.560499
1.895852
1.900583
1.577324
0.976273
1.362766
1.810946
1.631296
1.807833
1.556353
1.259756
1.796384
1.148767
1.441085
1.938145
1.098216
1.657774
1.166948
1.321575
1.768852
1.922022
1.858566
1.387131
1.809582
1.305057
1.812838
1.453198
1.651269
1.101516
1.216941
0.902219
1.690413
1.772838
1.364286
1.528977
1.729097
1.421714
1.014938
1.885801
1.890091
1.048480
1.054919
1.403879
