1.795259
1.976121
1.904054
1.945303
1.940965
1.863126
1.918596
1.902921
1.965685
1.934073
1.922627
1.865577
1.948586
1.799535
1.993408
1.943755
1.895877
1.629938
1.702288
1.806165
1.793199
1.811365
1.985769
1.789393
1.869535
1.647665
1.799226
1.781792
1.792756
1.943364
1.895710
1.948096
1.825136
1.977575
1.639526
1.923541
1.996061
1.990335
1.904542
1.606465
1.947272
1.956108
1.972916
1.836077
1.843272
1.975113
1.735955
1.627663
1.796847
1.745064
1.899887
1.869178
1.768298
1.744366
1.932495
1.616713
1.817503
1.892917
1.602664
1.892605
1.715839
1.677373
1.694123
1.996666
1.923663
1.779169
1.839522
1.962993
1.864614
1.656160
1.892797
1.850611
1.498113
1.910607
1.633934
1.877593
1.782808
1.416556
1.346167
1.890637
1.978760
1.841391
1.595844
1.855369
1.836092
1.979817
1.778408
1.887500
1.916792
1.423701
1.969277
1.855463
1.899310
1.546047
1.782654
1.872787
1.561463
1.618517
1.956193
1.413060
1.807824
1.661776
1.618948
1.786426
1.647696
1.756122
1.834696
1.865032
1.650188
1.976845
1.597604
1.784834
1.489929
1.659821
1.683819
1.647011
1.877802
1.901487
1.794173
1.815578
1.854283
1.818833
1.442019
1.342878
1.687973
1.232942
1.636963
1.487399
1.888998
1.284507
1.840912
1.842205
1.943127
1.360896
1.469157
1.796077
1.692347
1.535550
1.461091
1.721415
1.826168
1.501145
1.583448
1.410617
1.994938
1.746577
1.497330
1.577316
1.705906
1.922324
1.585392
1.937347
1.880483
1.476148
1.702227
