1.922093
1.973467
1.995798
1.966439
1.786685
1.854558
1.930279
1.861584
1.970288
1.855286
1.974997
1.931054
1.827607
1.844840
1.832204
1.946409
1.981535
1.879278
1.902128
1.947743
1.895215
1.874259
1.979772
1.957477
1.995493
1.748256
1.945672
1.811922
1.942725
1.919944
1.941634
1.883685
1.563235
1.875121
1.630625
1.886859
1.953066
1.587242
1.782666
1.869498
1.769811
1.987880
1.913397
1.971007
1.851032
1.894770
1.688104
1.669366
1.738174
1.543730
1.932474
1.969165
1.661206
1.725811
1.882167
1.930189
1.892708
1.776394
1.782905
1.843980
1.906819
1.881052
1.842110
1.668362
1.947388
1.858310
1.935230
1.990182
1.827299
1.950085
1.978391
1.718589
1.581059
1.913047
1.614161
1.743377
1.764547
1.866095
1.557407
1.869696
1.954949
1.917661
1.768914
1.647218
1.950295
1.604462
1.819461
1.975052
1.744230
1.876772
1.588960
1.988922
1.901720
1.531352
1.783650
1.603295
1.882904
1.683449
1.683461
1.556833
1.775433
1.504320
1.804933
1.860212
1.482454
1.888263
1.937798
1.859639
1.955590
1.949481
1.811114
1.449163
1.952007
1.809501
1.882182
1.515478
1.542366
1.522736
1.998244
1.415837
1.796301
1.529127
1.668626
1.620589
1.945050
1.658550
1.954930
1.998154
1.977238
1.832275
1.446061
1.703285
1.570135
1.798487
1.631286
1.865845
1.200647
1.891567
1.530374
1.708104
1.714772
1.425866
1.845533
1.550015
1.968651
1.288256
