1.674350
1.669129
1.562240
1.529699
1.848756
1.686225
1.477811
1.881156
1.629430
1.699923
1.992597
1.465168
1.996791
1.531956
1.917768
1.694058
1.395190
1.882567
1.897315
1.926398
1.849982
1.867741
1.919151
1.353270
1.724614
1.880833
1.672348
1.502029
1.605444
1.680370
1.859936
1.904326
1.480008
1.565623
1.646068
1.875363
1.494269
1.390240
1.713327
1.400265
1.476956
1.783151
1.696189
1.620741
1.875744
1.787702
1.971260
1.970175
1.775969
1.361211
1.653348
1.379249
1.871546
1.572500
1.576709
1.560932
1.759382
1.506235
1.268555
1.864465
1.883933
1.576561
1.919595
1.764763
1.769519
1.731831
1.088763
1.569946
1.447166
1.510651
1.825677
1.304837
1.426757
1.971862
1.792820
1.662523
1.639090
1.740115
1.832798
1.719603
1.865172
1.940767
1.946955
1.621721
1.995388
1.422662
1.409991
1.408793
1.404798
1.494405
1.820460
1.814521
1.913461
1.637786
1.894123
1.703935
1.617919
1.675571
1.236318
1.170530
1.782726
1.945175
1.869743
1.916510
1.223934
1.909224
1.701124
1.773208
1.775407
1.373945
1.359952
1.681350
1.792534
1.800245
1.803113
1.810944
1.170658
1.954753
1.641369
1.618890
1.143684
1.958338
1.417308
1.731013
1.293959
1.463711
1.763704
1.484772
1.400721
1.886968
1.801079
1.660511
1.936876
1.801462
1.118824
1.941776
1.875855
1.885324
1.841339
1.740493
1.574718
1.813301
1.771371
1.780482
1.422842
1.967501
1.298065
1.627923
1.937507
1.627989
1.145248
1.838693
1.841072
1.253035
1.106484
1.714539
1.584567
1.460964
1.723214
1.254121
1.482675
1.290261
1.402968
1.975603
1.612810
1.734415
1.928845
1.341457
1.953705
1.678223
1.456196
1.762178
1.319879
1.475287
1.909445
1.263344
1.722021
1.543976
1.958010
1.484345
1.277031
1.846794
1.898587
1.607098
1.209390
1.081962
1.772142
0.996023
1.416109
1.212994
1.906527
1.459063
1.692803
1.785424
1.774323
1.834387
1.697222
1.389155
1.873614
1.203470
1.501476
1.282767
1.950754
1.310338
1.380620
1.166966
1.711022
1.425396
1.650784
1.939351
1.686630
1.669740
1.865521
1.565765
1.335752
1.499507
1.677226
1.329972
1.601957
1.661044
1.778987
1.836592
1.730298
1.170737
1.829334
1.692393
1.293374
1.849417
1.881728
1.341851
1.936196
1.049270
1.814525
1.941166
1.375278
1.776960
1.516567
1.230993
1.583203
1.730057
1.929287
1.535725
1.721941
1.757059
1.816802
1.365927
1.574404
1.635764
1.441757
1.789316
1.952571
1.768577
1.128496
1.279869
1.787937
1.783205
1.547219
1.638498
1.380814
1.723053
1.444580
1.483880
1.866505
1.465097
1.943301
1.277654
1.893063
1.462836
1.701010
1.262497
1.675841
1.553768
1.742234
1.196262
1.444169
1.664286
1.907486
1.600131
1.989763
1.746933
1.747328
1.274413
1.615932
1.439353
1.937996
1.502319
1.860787
1.656724
1.438709
1.508930
1.538265
1.371490
1.819889
1.205490
1.821313
1.315928
1.642337
1.205407
1.408837
1.808432
1.908856
1.800189
1.860532
1.496800
1.720746
1.856493
1.402038
1.131183
1.940997
1.434496
1.679416
1.831789
1.522328
1.988129
1.286375
1.334542
1.278551
1.228706
1.915491
0.859397
1.966686
1.788512
1.600249
1.556614
1.033621
1.778994
1.740464
1.795906
1.737418
1.272324
1.795182
1.069420
1.985680
1.509714
1.965560
1.970577
1.905243
1.709743
1.630875
1.303923
1.710886
1.576507
1.527495
1.230973
1.810815
1.324607
1.293874
1.870587
1.560470
1.568071
1.160466
1.490645
1.832543
1.895274
1.750901
1.624824
1.920195
1.491691
1.971239
1.849149
1.608425
1.730219
1.626163
1.672200
1.459065
1.681503
1.741190
1.228071
1.304230
1.999968
1.698633
1.829266
1.231540
1.847961
1.059553
1.182200
1.823779
1.433214
1.386274
1.703749
1.421694
0.917030
1.963844
1.969564
1.764849
1.192191
1.722552
1.057052
1.063737
1.526774
1.322943
1.431109
1.527227
1.619616
1.520682
1.457628
1.091713
1.604627
1.425572
1.555792
1.825374
1.724174
1.979359
1.657907
1.340053
1.779448
1.367606
1.551288
1.081926
1.251399
1.524571
1.811946
1.594977
1.983781
1.840588
1.758374
1.563866
1.353538
1.606791
1.721151
1.988566
1.909504
1.436796
1.695324
1.837118
1.388939
1.891778
1.793778
1.593897
1.368404
1.829618
1.186683
1.765102
1.797322
1.994855
1.686596
1.976753
1.973607
1.386536
1.684515
1.210580
1.708332
1.553738
1.436406
1.461746
1.832241
1.617424
0.913760
1.381217
1.229331
1.879041
1.839514
1.342920
1.343723
1.696711
1.803815
1.203746
1.128162
1.897970
0.970516
1.494023
1.468696
1.247387
1.263513
1.362933
1.408040
1.375978
1.045421
1.623917
1.690656
1.712539
1.993574
1.149779
1.440283
1.737087
1.721653
1.485276
1.935024
1.488949
1.938838
1.374748
1.719712
1.287720
1.440865
1.293067
1.846446
1.136780
0.946209
1.792037
1.702327
1.414308
1.564308
1.871382
1.333319
1.685114
1.520433
1.275614
1.560327
1.621494
1.420627
1.542238
1.343424
1.147608
0.895598
1.490899
1.456397
1.045914
1.969691
1.550593
1.154471
1.075959
1.731308
1.380654
1.932276
1.263341
1.239012
1.981849
1.195753
1.549624
1.920773
1.938690
1.395885
1.807840
1.869806
1.932290
1.768335
1.641533
1.989624
1.849222
1.284857
1.014108
1.263806
1.967916
1.983719
1.901456
1.227850
1.838530
1.855692
1.993483
1.695765
1.894615
1.585714
1.359462
1.556407
1.915117
1.650397
1.654913
1.884029
1.420785
1.450366
1.351133
1.830127
1.262612
0.915376
1.952305
1.174604
1.739204
1.889388
1.380376
1.395176
1.379908
1.740896
1.967998
1.941903
1.089333
1.151162
1.871350
1.909101
1.773046
1.973337
1.322931
1.895294
1.930796
1.917293
1.218436
1.126132
1.535793
1.911120
1.559381
1.608802
1.674674
1.533850
1.799919
1.754109
1.898326
1.429832
0.925796
1.322286
1.905786
1.223702
1.065451
1.844130
1.395964
1.305470
1.237731
1.484699
1.054009
1.812147
0.978218
1.188506
1.913305
1.824722
0.966577
1.849183
1.439178
1.377558
1.870742
1.769650
1.259762
1.768734
1.544427
1.714778
1.066335
1.140680
1.654810
1.829775
1.530808
1.689357
1.829227
1.665001
1.756741
1.768306
1.810537
1.021372
1.538913
1.562490
1.856478
1.304058
1.398180
1.186365
1.458938
1.307030
1.190276
1.836144
1.880103
1.133868
1.107662
1.342667
1.987830
1.862712
1.392813
0.814444
1.418762
1.805689
1.454890
1.583461
1.339621
1.487923
1.181196
1.654299
1.771802
0.888530
1.640055
1.955123
1.939503
1.574734
1.444185
1.321009
1.946483
1.505371
1.258035
1.356748
1.364303
1.504141
1.616947
1.093099
1.674145
1.411058
1.128224
1.822481
1.406402
1.177634
1.200013
0.916264
1.466557
1.876371
1.518263
1.565258
1.547270
1.850826
1.251368
1.639790
1.519057
1.789853
1.122753
1.356450
1.470561
1.791868
1.365203
1.306790
1.574119
1.689582
1.737647
1.752808
1.111852
1.419974
1.127641
1.417791
0.848453
1.327751
0.944061
1.158908
1.966139
1.159074
1.856819
1.812780
1.819977
1.864577
1.342807
1.166546
0.909557
1.866622
1.819074
1.762848
1.949286
1.028929
1.737880
1.989311
1.002435
1.846941
1.941597
1.941114
1.626413
1.562774
1.972613
1.531809
1.667888
1.848048
1.065395
1.424327
1.046176
1.411953
1.032830
1.381545
1.683664
1.179646
1.718688
1.455710
1.388520
1.860086
1.440110
0.914149
1.991439
1.313893
1.708079
1.954047
1.017289
1.202681
1.808131
1.418984
1.104922
1.330318
1.992335
1.288326
1.159230
1.215565
0.964962
1.950723
0.808874
1.776423
1.880549
1.442122
1.501402
1.872372
1.933199
1.187316
1.827201
1.957792
1.986579
1.894947
1.603813
1.930262
0.929443
1.056894
1.466915
1.744996
1.139758
1.953189
1.104042
1.208131
1.303863
1.256925
1.058500
1.240650
1.679720
1.648523
0.827908
1.309252
1.810330
1.760382
1.591315
1.141919
1.747384
