1.436415
1.673480
1.866969
1.789206
1.739535
1.866690
1.758910
1.349276
1.880229
1.561581
1.653384
1.958403
1.814062
1.842333
1.682688
1.589027
1.725016
1.756885
1.714649
1.546884
1.696148
1.847061
1.779439
1.826497
1.635581
1.619630
1.369448
1.460875
1.832932
1.695958
1.979319
1.606799
1.822959
1.514108
1.723152
1.847148
1.797340
1.363010
1.937024
1.795116
1.272546
1.446559
1.584193
1.530227
1.387276
1.358554
1.954565
1.726064
1.817549
1.787341
1.155272
1.556361
1.730408
1.909064
1.875476
1.540279
1.469245
1.752101
1.909167
1.915101
1.759786
1.449165
1.565512
1.520609
1.998675
1.391657
1.984585
1.181740
1.825057
1.565626
1.807595
1.936868
1.148317
1.969521
1.408187
1.549533
1.691473
1.955694
1.353792
1.556643
1.854080
1.688420
1.633192
1.660534
1.763153
1.519051
1.435706
1.955826
1.629883
1.728472
1.429937
1.986480
1.908689
1.701852
1.417597
1.299981
1.961874
1.761064
1.675122
1.530340
1.207368
1.426351
1.971189
1.748261
1.847252
1.858775
1.358808
1.893577
1.926764
1.348184
1.347458
1.947758
1.128978
1.353461
1.674787
1.993395
1.612735
1.943429
1.200770
1.995817
1.546132
1.892443
1.697969
1.880188
1.451136
1.546656
1.684304
1.363822
1.559550
1.803228
1.557634
1.638094
1.618600
1.816781
1.694585
1.861655
1.872016
1.455156
1.152230
1.810514
1.991941
1.631618
1.465725
1.923805
1.967015
1.929413
1.784993
1.298872
1.257242
1.596976
1.998662
1.979867
1.819471
1.471584
1.907263
1.868020
1.865113
1.536790
1.159058
1.741423
1.689618
1.951040
1.885156
1.873517
1.681862
1.974366
1.941215
1.260835
1.973077
1.126116
1.940429
1.944989
1.342959
1.635095
1.579129
1.685081
1.230627
1.460701
1.880810
0.997609
1.639173
1.480198
1.314314
1.924551
1.768437
1.641330
1.027298
1.843690
1.543651
1.726088
1.825851
1.852248
1.573278
1.535612
1.849585
1.307594
1.655235
1.041971
1.811212
1.874701
1.059467
1.929211
1.830585
1.843543
1.429964
1.484020
1.390362
1.662898
1.544964
1.922232
1.621047
1.232712
1.908599
1.381444
1.631895
1.728910
1.809385
1.802859
1.330801
1.522278
1.605056
1.366063
1.554610
1.481681
1.973530
1.644469
1.582681
1.306349
1.798053
1.481958
1.863292
1.620961
1.481814
1.466355
1.947589
1.693016
1.907859
1.619774
1.640732
1.433076
1.366808
1.145388
1.658220
1.487476
1.741312
1.433341
1.920579
1.133544
1.052995
1.446300
1.668925
1.506182
1.862428
1.795758
1.963881
1.527061
1.466533
1.972440
1.555572
1.368894
1.872436
1.621144
1.532764
1.464405
1.693701
1.696558
1.467067
1.352724
1.409701
1.659943
1.407383
1.152882
1.988145
1.483586
1.997588
1.281415
1.752613
1.238911
1.939054
1.778063
1.467382
1.434085
1.586851
1.101836
1.405872
1.869856
1.594681
1.623580
1.851225
1.540462
1.513261
1.935547
1.452361
1.309393
1.078424
1.578272
1.940494
1.806628
1.502613
1.699806
1.897400
1.624209
1.973930
1.978713
1.333785
1.802658
1.973494
1.690016
1.694944
1.821547
1.262576
1.638802
1.944941
1.228697
1.797572
1.169806
1.764348
1.212536
1.212516
1.668195
1.530638
1.838185
1.909990
1.301725
1.311285
1.757597
1.463450
1.791258
1.573882
1.420224
1.779270
1.950738
1.310923
1.083290
1.640245
1.489560
1.587287
1.617411
1.444404
1.385136
1.545870
1.408559
1.914609
1.957645
1.995265
1.354281
1.996455
1.715438
1.630577
1.390215
1.450544
1.245644
1.953377
1.116381
1.713443
1.943723
1.254163
1.550478
1.527498
1.891993
1.934471
1.534055
1.178104
1.863081
1.187329
1.841516
1.467582
1.947377
0.938798
1.969661
1.594547
1.247553
1.977372
1.480384
1.952188
1.875896
1.479405
1.265729
1.025393
1.834010
1.162293
1.649471
1.549402
1.474926
1.934206
1.778666
1.997949
1.333497
1.831170
1.469694
1.517147
1.958219
1.364073
1.702031
1.423120
1.966792
1.618307
1.960115
1.116276
1.097662
1.204373
1.482388
1.373868
1.527939
1.378082
1.336888
1.820205
1.936186
1.722854
1.179012
1.852246
1.401158
1.976360
1.277011
1.156323
1.312277
1.462758
1.188329
1.254480
1.813934
1.242695
1.369714
1.017880
1.467940
1.908332
1.058309
1.317250
1.516379
1.326892
1.935641
1.971004
1.532120
1.271076
1.936578
1.874730
1.844106
1.138998
1.718902
1.988709
1.627468
1.195631
1.907326
1.895866
1.958249
1.941713
1.994588
1.569244
1.561744
1.147186
1.822646
1.695160
1.199115
1.377088
1.403139
1.724753
1.530303
1.333933
1.872418
1.257156
1.467032
1.302910
1.484005
1.752155
1.971655
1.784855
1.899824
1.899949
1.585997
1.817165
1.491014
1.357199
1.394548
1.387995
1.536336
1.151137
1.467142
1.842292
1.745192
1.737076
1.519346
1.421448
1.715039
1.886150
1.506245
1.838446
1.690843
1.681906
1.179351
1.740497
1.930213
1.991932
1.410788
1.959907
1.377209
1.745397
1.915314
1.366788
1.826763
1.552987
1.162801
1.496948
1.089486
1.263740
1.583808
0.979448
1.800476
1.821856
1.374174
1.399004
1.367325
1.924541
1.801520
1.809680
1.535522
1.744110
1.268194
1.860925
1.920850
1.910428
1.616831
1.974677
1.260993
1.455806
1.708250
0.975692
1.570938
1.572226
1.535888
1.169445
1.112949
1.306867
1.914729
1.896902
1.395016
1.879125
1.373765
1.269531
1.551225
1.738572
1.197664
1.219272
1.846617
1.357431
1.014477
1.591833
1.935368
1.033202
1.905881
1.618789
1.788758
1.470933
1.211479
1.952043
1.430149
1.518849
1.755322
1.826244
1.497777
1.693607
1.671811
1.715773
1.382943
1.456055
1.198367
1.991258
1.203954
1.406923
1.410329
1.147843
1.216856
1.974001
1.897776
1.066378
1.480639
1.079216
1.234080
1.707705
1.263053
1.735308
1.287216
1.778858
1.550341
1.443932
1.669645
1.360033
1.060829
1.450659
1.615297
1.751248
1.721142
1.076988
1.829019
0.993368
1.820888
1.729299
1.525192
1.563994
1.957263
1.032780
1.605934
1.552735
1.026318
1.929683
1.062254
1.879985
1.582028
1.890615
1.994922
1.668597
1.051250
1.710481
1.636003
1.814527
1.607984
1.508529
1.706105
1.166621
1.878298
1.729505
1.505027
1.663565
1.953029
1.885635
1.123901
1.293795
1.994449
1.565523
1.348989
1.193491
1.818098
1.090408
1.877258
1.993125
1.318197
1.279432
1.422338
1.720651
1.787047
1.189578
1.872350
1.610413
0.805210
1.971545
1.690973
1.185343
1.317024
1.364812
1.792096
1.879345
1.391340
1.707773
1.998680
1.588041
1.665444
1.623578
1.087747
1.179415
1.983100
0.994585
1.581564
1.378888
1.859089
1.885284
1.420349
1.408436
0.968073
1.319763
1.603677
1.614077
1.570765
1.468321
1.706307
1.795788
1.991542
1.260708
1.806329
1.346808
1.444820
1.367856
1.344697
1.774446
1.814465
1.085787
1.247740
1.615820
1.859458
1.362120
1.257110
1.592764
1.905375
1.844409
1.270413
1.311887
0.985424
1.274073
1.284957
1.196634
1.003412
1.443048
1.715042
1.953769
1.761233
1.484037
1.411468
1.399486
1.942418
1.479761
1.804281
1.898294
1.519245
1.598749
1.228358
1.822867
1.220866
1.809973
1.097059
1.592592
1.589223
1.493486
1.254786
1.313744
1.362137
1.255110
1.677883
1.946803
1.866206
1.976786
1.681762
1.138894
1.535312
1.739282
1.968525
0.994780
1.832608
1.320129
0.907486
1.892557
1.028577
1.515078
1.472341
1.277529
1.897838
1.000740
1.242531
1.788917
1.781299
1.357394
1.728243
0.872810
1.822225
1.904794
1.534492
1.667396
1.195322
1.570859
1.560786
1.683886
1.580354
1.670585
1.771990
1.420596
1.050279
1.281740
1.710013
1.441573
1.669143
1.430043
1.508290
1.652518
1.190275
1.950601
0.979746
1.152071
0.956961
1.617298
1.318825
1.919749
1.534711
1.490514
1.412251
1.138889
1.613945
1.528256
1.441601
1.539646
1.200831
1.993003
1.658133
1.359882
1.974984
1.471854
1.739706
1.137875
1.097529
1.968318
1.920743
1.659172
1.639349
1.520680
1.385865
0.898262
1.003284
1.673378
1.406520
1.152009
1.926848
0.823532
1.780726
1.194270
1.957415
1.348460
1.861125
1.607438
1.087963
1.572323
0.967027
1.152884
1.246132
1.984553
1.357209
1.852108
1.418056
1.928013
1.702403
1.117126
0.779735
1.720938
1.092927
