1.878563
1.899126
1.981669
1.914063
1.994544
1.889014
1.899325
1.941430
1.756626
1.947148
1.834706
1.907382
1.669255
1.732030
1.641496
1.999793
1.978392
1.604220
1.672030
1.670230
1.614337
1.872953
1.631792
1.819114
1.750687
1.516044
1.974251
1.764303
1.820835
1.998987
1.815062
1.815061
1.819123
1.524541
1.994780
1.898022
1.749998
1.984507
1.908600
1.615868
1.305556
1.817718
1.680595
1.357686
1.935944
1.761429
1.971322
1.618123
1.865773
1.927132
1.685511
1.476735
1.419358
1.890987
1.551283
1.940624
1.758200
1.919508
1.712106
1.913175
1.498678
1.808904
1.799382
1.998451
1.545122
1.561587
1.619859
1.517765
1.822451
1.524333
1.501288
1.892688
1.758589
1.927269
1.942433
1.899600
1.717473
1.907829
1.394166
1.730512
1.441765
1.534031
