1.871939
1.980449
1.993440
1.840510
1.935982
1.996600
1.921272
1.828930
1.985881
1.977436
1.982771
1.913307
1.921606
1.774295
1.881112
1.995838
1.857915
1.821944
1.928737
1.960905
1.922454
1.886987
1.872384
1.761245
1.986405
1.692759
1.861335
1.652996
1.922082
1.762397
1.833623
1.873818
1.779400
1.930626
1.749631
1.747894
1.903620
1.877342
1.771542
1.871537
1.722662
1.719467
1.728592
1.715676
1.953875
1.873320
1.794184
1.632277
1.988375
1.834684
1.925206
1.625733
1.902811
1.631806
1.736644
1.888533
1.988536
1.982482
1.984518
1.853406
1.992430
1.981961
1.650692
1.959692
1.917643
1.783643
1.750007
1.508086
1.969800
1.930529
1.827312
1.909754
1.903023
1.818328
1.977972
1.331792
1.787409
1.987133
1.998419
1.903156
1.869558
1.756542
1.851117
1.599916
1.776270
1.900741
1.533905
1.949828
1.897747
1.910929
1.528402
1.544898
1.395491
1.874381
1.704230
1.936869
1.664280
1.900184
1.370095
1.464821
1.450755
1.801812
1.727834
1.821759
1.629222
1.590328
1.922183
1.797315
1.942795
1.932864
1.448041
1.475941
1.660485
1.792515
1.856672
1.416662
1.965271
1.643580
1.977636
1.938570
1.518988
1.808828
1.582960
1.689298
1.488558
1.935702
1.817661
1.741279
1.351187
1.566046
1.716502
1.545829
1.758227
1.893127
1.984886
1.367610
1.645146
1.570831
1.360003
1.676984
1.933099
1.588134
1.767142
