1.997648
1.709800
1.658489
1.750943
1.879584
1.328983
1.713160
1.509133
1.257296
1.873277
1.390529
1.818736
1.794023
1.095902
1.997472
1.844426
1.536849
1.954507
1.497275
1.941229
1.314123
1.514637
1.982393
1.372564
1.851395
1.916091
1.811680
1.774004
1.556142
1.455240
1.977054
1.556495
1.909593
1.915469
1.926022
1.771710
1.610012
1.549013
1.864528
1.450174
1.484885
1.347925
1.992643
1.680447
1.548190
1.732480
1.926055
1.936981
1.678949
1.711212
1.516873
1.785071
1.810987
1.558063
0.995601
1.848201
1.737205
1.990340
1.378356
1.777739
1.380887
1.593139
1.852619
1.687688
1.572344
1.942319
1.987999
1.498871
1.982199
1.130208
1.398283
1.685977
1.961816
1.152051
1.826812
1.643879
1.996074
1.934965
1.554041
1.445810
1.827884
1.849018
1.582630
1.605947
1.170462
1.663250
1.482392
1.884528
1.951922
1.408478
1.518907
1.719953
1.486939
1.591127
1.474157
1.760597
1.523920
1.633687
1.889756
1.881281
1.681575
1.109619
1.722307
1.752308
1.463966
1.275626
1.671252
1.980686
1.940668
1.937663
1.120026
1.788245
1.497625
1.698979
1.834202
1.677601
0.920377
1.821800
1.529851
1.670687
1.659047
1.495722
1.371159
1.801201
1.893737
1.574502
1.298121
1.649951
1.886120
1.334400
1.419283
1.804848
1.801453
1.399357
1.590096
1.530304
1.838315
1.835940
1.805938
1.851369
1.557261
1.798946
1.058932
1.713694
1.581926
1.969786
0.988249
1.966039
1.838565
1.590879
1.492203
1.431407
1.422458
1.799216
1.356643
1.298326
1.958075
1.447222
1.514569
1.651319
1.666556
1.074011
1.844286
1.348477
1.804977
1.449867
1.575164
1.777815
1.230632
1.327044
1.895421
1.239771
1.327142
1.882004
1.909091
1.909874
1.982209
1.771334
1.672983
1.847362
1.335324
1.798632
1.386300
1.521498
1.602630
1.713715
1.537705
1.970378
1.794536
1.722888
1.891509
1.011250
1.206023
1.271678
1.528080
1.406385
1.372836
1.245027
1.666177
1.814471
1.537728
1.841112
1.523399
1.831247
1.197000
1.776126
1.171561
1.348786
1.337786
1.879211
1.335494
1.674604
1.602956
1.836666
1.928422
1.960016
1.347236
1.488690
1.117283
1.969518
1.721326
1.766715
1.408743
1.923214
1.770269
1.966203
1.694424
1.814996
1.642766
1.460419
1.210440
1.225771
1.513696
1.713077
1.908104
1.930754
1.747850
1.508871
1.273694
1.588903
1.418543
1.713256
1.058823
1.891105
1.840968
1.872801
1.189564
1.606002
1.595133
1.795138
1.643217
1.191637
1.763733
1.630825
1.393285
1.525523
1.428757
1.335370
1.105131
1.675029
1.583972
1.794083
1.949104
1.382541
1.857652
1.499072
1.370225
1.223857
1.697190
1.754541
1.832236
1.368295
1.878755
1.544344
1.545342
1.116178
1.754446
1.366393
1.758970
1.806931
1.117080
1.748814
1.690601
1.729695
1.308302
1.008811
1.162890
1.815718
1.083391
1.300422
1.787284
1.264214
1.704501
1.223469
1.468782
1.707543
1.649011
1.811178
0.886922
1.672605
1.126016
1.148012
1.853765
1.119775
1.781934
1.661739
1.345889
1.855134
1.950519
1.420680
1.733039
1.521092
1.853870
1.674087
1.930440
1.350401
1.899309
1.655396
1.471770
1.476596
0.968648
1.227690
1.796688
1.893905
1.509919
1.451943
1.516792
1.699747
1.831206
1.895418
1.575837
0.949438
1.951721
1.578988
1.534689
1.820078
1.072404
1.618530
1.451749
1.518605
1.419697
1.792924
1.859404
1.241175
1.331382
1.363369
1.853105
1.066868
1.696511
1.785870
1.879775
1.434603
1.697196
1.337903
1.003272
1.215894
1.853927
1.627772
1.728047
1.827909
1.928497
1.656241
1.866978
1.126857
1.980664
1.455238
1.724753
1.812739
1.371361
1.596740
1.113775
1.709059
1.602988
1.438297
1.433932
1.502798
1.812649
1.802186
1.447464
1.470338
1.970386
1.452817
0.872868
1.340695
1.782222
1.309373
1.937882
1.434718
1.760067
1.105084
1.939121
1.459025
1.288835
1.812049
1.652149
1.978550
1.401139
1.288374
1.379877
1.884628
1.908577
1.491323
1.383092
1.755726
1.370239
1.783042
1.245759
1.682359
1.963993
1.787136
1.179972
1.979504
1.300080
1.900021
1.592708
1.916923
1.547750
1.865482
1.671934
1.892168
1.404288
0.868581
1.570556
1.467313
1.662801
1.834337
1.113272
1.444855
1.394327
1.392262
1.588080
1.504609
1.499056
1.730803
1.073977
1.547823
1.262651
1.954312
1.858086
1.856251
1.275480
1.121123
1.099622
1.180650
1.935938
1.312343
1.801730
1.658656
1.078047
1.101848
1.412593
1.093930
1.345293
0.842188
1.834717
1.078371
1.441449
1.869383
1.967109
1.268185
1.053384
0.983135
1.718728
1.918100
1.130822
1.766812
0.947069
0.975795
1.615036
1.679587
0.936291
1.049121
1.180198
1.537525
1.283035
1.638595
0.921757
1.309685
1.508248
1.875372
1.816506
1.789235
1.987613
1.169382
1.524906
1.220461
1.323936
1.870866
1.876944
1.707008
0.872158
1.673769
1.443471
1.197669
1.435597
1.000869
1.682513
1.539584
1.233526
1.397564
1.319721
1.952303
1.864854
1.989269
1.107484
1.760500
0.932070
1.899973
1.409390
1.396148
1.918863
1.826301
1.760537
1.835907
1.438729
1.052861
1.674957
1.298462
1.678773
1.362321
1.977948
0.844190
1.310161
1.425308
1.629889
1.809852
1.458458
1.498226
1.785260
0.977679
1.687676
1.760585
1.998161
1.454144
1.853216
1.976667
1.726552
1.790257
1.505980
1.621950
1.469359
1.303950
1.933240
1.734778
1.024974
1.914347
1.883728
1.275254
1.685909
1.947906
1.929144
0.992890
1.885107
1.238147
0.858174
1.835017
1.140603
1.603698
0.762782
1.680623
1.794561
1.627313
1.264946
0.892536
1.570464
1.360937
1.353678
1.559838
1.251316
1.293557
1.746640
1.402562
1.772731
1.319792
1.114565
1.900251
0.880630
1.620418
1.000565
1.878624
1.331288
1.473591
1.294689
0.843100
1.673656
1.520275
1.338884
1.434267
1.435781
1.365323
1.229162
1.330262
1.368045
1.234248
1.579330
1.589952
1.123931
1.000741
1.320673
1.176081
1.981224
1.712282
1.806774
0.837067
1.835772
1.898985
0.843293
0.926027
1.487393
1.572479
1.233318
1.719022
1.190498
1.041683
