1.809130
1.925059
1.673610
1.474305
1.741535
1.709380
1.984298
1.987808
1.849637
1.626580
1.459931
1.672007
1.518647
1.921226
1.741843
1.727598
1.732344
1.880837
1.362120
1.743910
1.898970
1.973879
1.587045
1.699371
1.982114
1.735275
1.846192
1.840562
1.648270
1.334336
1.925742
1.747367
1.891669
1.892023
1.965202
1.547729
1.572196
1.321795
1.150288
1.373015
1.392394
1.587518
1.532810
1.438006
1.314011
1.070432
1.704662
1.975796
1.553505
1.916163
1.368606
1.680533
1.367652
1.157099
1.997149
1.345363
1.818697
1.677675
1.850063
1.564598
1.764988
1.317602
1.535477
1.648285
1.575239
1.306157
1.984907
1.944801
1.902030
1.544469
1.447566
1.988805
1.954974
1.789367
1.626888
1.273787
1.606536
1.598745
1.683117
1.207967
1.979199
1.234717
1.956728
1.267526
1.616613
1.548643
1.464708
1.677140
1.815875
1.155225
1.344355
1.502851
1.333254
1.553315
1.730377
1.714208
1.488062
1.837917
1.982657
1.673900
1.879103
1.741163
1.984555
1.878647
1.738768
1.188418
1.666908
1.552098
1.398686
1.280115
1.766572
1.280643
1.499152
1.317186
1.813444
1.157392
1.033401
1.812353
1.569691
1.205810
1.520461
1.929061
1.826272
1.560709
1.874352
1.426797
1.227249
1.219232
1.209746
1.810058
1.739278
1.482598
1.426351
1.889629
1.890979
1.735167
1.937798
1.968319
1.990994
1.676693
1.438302
1.959997
1.553190
1.001522
1.421937
1.287566
1.119545
1.563903
1.710901
1.577075
1.454467
1.137977
1.276344
1.588599
1.814667
1.121517
1.442761
1.785633
1.088607
1.675464
1.958256
1.898879
1.762933
1.758399
1.137832
1.579554
1.510230
1.211620
1.407396
1.778501
1.035350
1.880304
1.740262
1.555003
1.477099
1.557736
1.678209
1.377475
1.101948
1.869236
1.699562
1.495506
1.326719
1.352575
1.268103
1.584027
1.587700
1.062937
1.519213
1.477716
1.881658
1.680542
1.721956
1.185912
1.604448
1.695851
1.843831
1.211334
1.741447
1.413087
0.948821
1.355500
1.484005
1.681025
1.984991
1.748734
1.820598
1.197741
1.813902
1.886717
1.151798
0.958120
1.899919
1.815255
1.486195
1.223973
1.238992
1.472846
1.136295
0.967436
1.736261
1.073988
1.072103
1.713019
1.662668
1.669532
1.790143
1.741633
1.908252
1.414051
1.981550
1.625056
1.688038
1.427327
1.554915
1.432201
1.418338
0.958887
1.869596
1.854363
1.448486
1.125554
1.257313
1.451718
1.895728
1.203618
1.094732
1.823106
1.716295
1.480389
0.995251
1.161066
1.260426
1.832242
1.119785
1.224420
1.745437
0.885002
1.469667
1.899092
1.811587
1.906657
1.898155
1.022504
1.632223
1.907899
1.777258
1.790234
1.891733
1.601060
1.987899
1.318169
1.871484
1.608743
1.372303
1.771493
1.186007
1.799574
1.194520
1.400805
1.399445
1.857071
1.146693
1.127782
1.418075
1.843641
1.986010
1.540463
1.350319
0.990323
1.837095
1.923396
1.285198
1.770080
1.645763
1.453429
1.100636
1.923254
1.754234
1.983141
1.231412
1.946977
1.351386
1.785229
1.109204
0.864738
1.044845
1.315134
1.268043
1.570855
0.899829
1.647386
1.161330
1.101525
1.814520
0.811480
1.244723
1.907188
1.839660
0.758660
1.324259
1.580644
1.630143
1.489787
1.226652
1.972358
1.743269
1.441031
1.782356
0.863310
