1.930186
1.663416
1.988126
1.996874
1.935640
1.885687
1.775484
1.961177
1.909724
1.947486
1.941213
1.825897
1.726499
1.953450
1.773699
1.924307
1.874593
1.808820
1.751639
1.699003
1.861241
1.786467
1.951200
1.981723
1.866667
1.886101
1.907042
1.977587
1.849864
1.982977
1.916467
1.966096
1.929019
1.897172
1.903915
1.735692
1.763927
1.893182
1.713279
1.696787
1.633651
1.836600
1.752454
1.976128
1.668005
1.870785
1.728491
1.646074
1.982173
1.692935
1.676035
1.922563
1.937519
1.876183
1.774827
1.864292
1.436995
1.676299
1.915108
1.782093
1.693108
1.679594
1.716633
1.693282
1.811571
1.954473
1.664814
1.899838
1.521558
1.802095
1.850323
1.767316
1.802505
1.858688
1.599810
1.760785
1.489690
1.644061
1.691521
1.731876
1.449037
1.746350
1.796446
1.658170
1.288829
1.382796
1.377951
1.714368
1.881647
1.652606
1.713610
