1.829800
1.894703
1.931822
1.846050
1.927822
1.979985
1.907636
1.874145
1.862242
1.888353
1.887392
1.941313
1.948617
1.786605
1.984787
1.989068
1.953392
1.837082
1.780140
1.915540
1.835759
1.890962
1.977804
1.660956
1.822700
1.867230
1.947615
1.987141
1.914021
1.864895
1.999356
1.613122
1.978044
1.984645
1.700411
1.859010
1.934215
1.905957
1.896499
1.962329
1.821678
1.807732
1.815294
1.664359
1.806426
1.907472
1.763160
1.728609
1.990670
1.908231
1.759397
1.963713
1.928008
1.915161
1.814872
1.702812
1.830431
1.667084
1.819177
1.824703
1.866696
1.911095
1.903560
1.619563
1.714016
1.612728
1.547219
1.804399
1.494093
1.839684
1.426290
1.886966
1.360590
1.652915
1.618122
1.660343
1.997260
1.755019
1.967328
1.462472
1.522774
1.966626
1.556489
1.502719
1.905959
1.876166
1.895622
1.777255
1.759296
1.962044
1.718625
1.554200
1.870082
1.899264
1.611977
1.655393
1.539764
1.731353
1.745872
1.956723
1.981406
1.513870
1.874623
1.681455
1.972280
1.919864
1.814823
1.786474
1.534593
1.546913
1.808983
1.597826
1.989363
1.813361
1.544448
1.709012
1.706341
1.753996
1.834182
1.867245
1.706440
1.993723
1.362847
1.778119
1.563061
1.783600
1.684717
1.628145
1.771706
1.837593
1.717581
1.796908
1.727841
1.584363
1.713880
1.862220
1.584602
1.958639
1.873092
1.798831
1.998262
1.392341
1.526342
1.818148
1.749723
1.775783
1.935877
1.352315
1.506654
1.768856
1.447307
1.833686
1.996477
1.734915
1.916711
1.669713
1.498807
1.400190
1.480349
1.951358
1.381186
1.625796
1.920462
1.860615
1.597700
1.932160
1.514723
1.466737
1.705302
1.978226
1.761772
1.747135
1.558139
1.701910
1.411541
1.738060
1.596672
1.366890
1.648392
1.783982
