1.940958
1.775196
1.750382
1.992367
1.670421
1.873170
1.702185
1.566318
1.578072
1.483833
1.465651
1.628992
1.641691
1.165972
1.802159
1.964673
1.547562
1.131669
1.833453
1.706477
1.619546
1.769786
1.416067
1.161944
1.490915
1.906478
1.713365
1.366537
1.870894
1.974510
1.665004
1.960630
1.876843
1.856921
1.710770
1.832664
1.948624
1.639338
1.752416
1.114596
1.509506
1.598885
1.260413
1.884641
1.327686
1.208506
1.599331
1.696949
1.982756
1.987026
1.933194
1.512957
1.669782
1.158824
1.911848
1.861201
1.415713
1.545774
1.970532
1.155437
1.885149
1.590272
1.378234
1.968888
1.940935
1.177771
1.785358
1.847879
1.696802
1.398463
1.553176
1.987834
1.707454
1.438158
1.299825
1.606570
1.939498
1.655242
1.740868
1.851555
1.269955
1.593695
1.912618
1.466071
1.950113
1.937350
1.722654
1.811393
1.320640
1.204139
1.739726
1.328320
1.934387
1.999213
1.492808
1.787544
1.370847
1.786991
1.179773
1.949691
1.740967
1.560717
1.625442
1.408623
1.756437
1.996504
1.466630
1.535347
1.670946
1.892966
1.462281
1.191283
1.490375
1.514410
1.346935
1.826120
1.981238
1.781536
1.348686
1.365430
1.679266
1.274130
1.388356
1.933461
1.996326
1.412684
1.868864
1.605704
1.560029
1.623685
1.558573
1.939693
1.456047
1.364762
1.502173
1.352531
1.251658
1.910792
1.929488
1.011969
1.981925
1.609442
1.774842
1.991791
1.118434
1.021083
1.878260
1.439819
1.076792
1.493439
1.449651
1.499413
1.508060
1.762956
1.914687
1.995534
1.877869
1.774264
1.288596
1.504144
1.651802
1.783544
1.715057
1.560905
1.964120
1.941043
1.901081
1.759866
1.732852
1.323765
1.424326
1.519616
1.453074
1.881864
1.789894
1.626654
1.460695
1.507510
1.589737
1.116215
1.643894
1.795047
1.186967
0.996401
1.379999
1.632683
1.788237
1.816118
1.137067
1.648949
1.592272
1.270429
1.305518
1.990583
1.508876
1.531852
1.636900
1.928306
1.946835
1.074576
1.902955
1.863885
1.345534
1.060461
1.499540
1.925437
1.458509
0.997466
1.977294
1.132565
1.734966
1.022889
1.694905
0.893714
0.915096
1.739883
1.935925
1.619014
1.314490
1.465845
1.620329
1.479209
1.325100
1.263127
1.884939
1.303694
1.010851
1.900072
1.020471
1.428496
1.295043
1.351129
1.614017
1.125661
1.054137
1.492331
1.063634
1.870917
1.953362
1.156153
1.387697
1.342441
1.587927
1.245311
1.770366
1.493890
1.700101
1.589142
1.313290
0.915940
1.733099
1.777708
1.513978
1.684233
1.750751
1.875752
1.818060
1.466353
1.572931
1.763322
1.877140
1.316258
1.325356
1.802544
0.837201
1.287721
1.233676
1.132859
1.691784
1.790138
1.682458
1.311572
1.324959
1.606210
1.640559
1.538772
0.936881
1.725762
1.458753
1.883052
1.466826
1.850151
1.559864
0.919377
1.829327
1.743804
1.624344
1.256459
1.414457
1.609063
1.801458
1.052353
0.857257
1.973986
1.979148
1.970637
1.841261
1.460610
1.924384
1.557987
1.878110
1.748658
1.808993
1.476720
1.897874
1.067854
1.248903
0.922121
1.455795
1.849384
1.546516
1.201518
1.106736
1.570011
1.546315
1.609058
1.894564
1.978869
1.897732
1.097981
1.245308
1.208430
1.581145
1.409576
1.649875
1.938465
1.469292
1.636930
1.809589
1.043013
1.521886
1.802151
1.183664
1.221943
1.750998
1.419933
1.367137
1.950919
1.783220
1.317681
1.926261
1.088188
1.332520
1.887361
0.803984
1.569405
1.083309
1.057224
1.513217
0.979527
1.634683
1.885319
1.310936
1.993133
1.763237
1.242898
0.999976
1.186269
1.965590
1.639108
