1.985490
1.838774
1.984162
1.948870
1.965786
1.900918
1.963256
1.918112
1.975778
1.790156
1.998015
1.880517
1.994265
1.850049
1.955996
1.855350
1.964739
1.934525
1.939044
1.925436
1.873090
1.578688
1.706422
1.923609
1.772150
1.904219
1.989704
1.999025
1.852760
1.859490
1.863520
1.780385
1.989272
1.944059
1.981962
1.685745
1.777215
1.791456
1.627422
1.864674
1.812383
1.693721
1.809529
1.768552
1.995765
1.932186
1.935094
1.838724
1.613053
1.906186
1.975946
1.959305
1.983208
1.809156
1.477421
1.628575
1.624207
1.669554
1.570025
1.816572
1.988285
1.928141
1.783072
1.770219
1.992248
1.811973
1.886734
1.855552
1.917702
1.744983
1.916856
1.927739
1.949444
1.917839
1.978841
1.815893
1.912006
1.851494
1.800328
1.766088
1.792091
1.971310
1.598975
1.945722
1.631311
1.863643
1.804004
1.980967
1.828640
1.667773
1.893455
1.673422
1.863782
1.694548
1.959442
1.497997
1.849178
1.834933
1.725081
1.587466
1.908251
1.423725
1.805993
1.579349
1.688197
1.979947
1.678701
1.761771
1.765854
1.696409
1.822027
1.599180
1.747311
1.916514
1.430208
1.929550
1.696416
1.635116
1.524099
1.829444
1.914381
1.689107
1.939056
1.337140
1.408643
1.538269
1.762872
1.510430
1.869583
1.846352
1.475842
1.907348
1.443806
1.614645
1.562711
1.531255
1.769813
1.851732
1.787151
1.308114
1.400299
1.463205
1.608414
1.554188
1.896582
1.854107
1.652102
1.287300
1.354790
