1.882178
1.831338
1.955724
1.939991
1.880318
1.898234
1.964657
1.910568
1.975734
1.966852
1.905700
1.922305
1.765872
1.785541
1.933846
1.855552
1.910360
1.853896
1.814090
1.999120
1.795789
1.989609
1.837703
1.956097
1.795352
1.867543
1.790925
1.986772
1.972219
1.929049
1.815315
1.665362
1.806553
1.991728
1.868494
1.738286
1.720153
1.988397
1.827373
1.792411
1.943338
1.985347
1.769079
1.864348
1.916562
1.815995
1.607067
1.936743
1.945823
1.854158
1.887126
1.847276
1.978669
1.904658
1.786933
1.847605
1.774443
1.885182
1.768775
1.862088
1.592460
1.725750
1.477062
1.781596
1.859131
1.918053
1.647529
1.693547
1.672924
1.881478
1.803114
1.959478
1.751420
1.703702
1.987169
1.893019
1.799485
1.793069
1.769540
1.681173
1.870167
1.872498
1.985395
1.911637
1.852490
1.684403
1.994543
1.800374
1.623701
1.975681
1.809169
1.697592
1.975251
1.818490
1.885755
1.920541
1.733610
1.739288
1.859756
1.605147
1.874468
1.914990
1.822405
1.711070
1.969017
1.777400
1.712045
1.638669
1.882408
1.892024
1.685262
1.901994
1.866523
1.981259
1.803945
1.550686
1.993494
1.502179
1.738419
1.799484
1.900901
1.784142
1.753888
1.899851
1.763590
1.790200
1.873512
1.808575
1.460305
1.763288
1.946269
1.820122
1.608672
1.909907
1.570482
1.825795
1.861880
1.562525
1.711642
1.749335
1.972849
1.967322
1.580932
1.727885
1.728869
1.598250
1.732348
1.915958
1.732784
1.949765
1.682470
1.937521
1.468584
1.415389
1.726058
1.502471
1.812691
1.872145
1.486246
1.392709
1.888779
1.776061
1.396263
1.776969
1.940932
1.999419
1.793602
1.607014
1.849757
1.799477
1.524540
1.635979
1.881167
1.537710
1.357006
1.794452
1.945764
1.746600
1.840135
1.852118
1.530694
1.458368
1.992404
1.506891
