1.986470
1.992718
1.936718
1.772279
1.935019
1.842028
1.814052
1.862997
1.688849
1.875937
1.822576
1.749868
1.814132
1.994819
1.933971
1.845816
1.605196
1.817806
1.844892
1.577185
1.792145
1.818417
1.936284
1.811584
1.916554
1.793586
1.527936
1.684774
1.745187
1.586013
1.667930
1.861914
1.985017
1.694993
1.761342
1.985576
1.642657
1.927138
1.701063
1.715353
1.498618
1.823547
1.838810
1.983635
1.853767
1.580742
1.465552
1.567188
1.941464
1.800609
1.952194
1.917220
1.701385
1.653214
1.962498
1.504964
1.875330
1.763166
1.783543
1.621578
1.964920
1.835321
1.393480
1.218487
1.958386
