1.321350
1.887590
1.543549
1.442477
1.988810
1.758052
1.686012
1.711201
1.671632
1.828524
1.172068
1.522445
1.516738
1.544211
1.268710
1.512078
1.972977
1.803469
1.889820
1.969842
1.892436
1.887749
1.750163
1.757087
1.989869
1.728939
1.616076
1.806075
1.801392
1.350237
1.664678
1.818993
1.619789
1.877571
1.751267
1.558478
1.683295
1.376914
1.874645
1.474484
1.598989
1.710788
1.485702
1.807905
1.942740
1.374742
1.320864
1.639763
1.887650
1.831492
1.996442
1.871642
1.943127
1.815437
1.418757
1.948790
1.698186
1.523767
1.896598
1.593529
1.633564
1.307645
1.215896
1.509215
1.069803
1.999089
1.781167
1.869979
1.676114
1.719425
1.712320
1.840880
1.992250
1.411397
1.773287
1.445667
1.881257
1.201287
1.923099
1.916575
1.824622
1.819723
1.488092
1.845305
1.916253
1.101672
1.614228
1.750527
1.920276
1.357475
1.921858
1.556348
1.765397
1.455698
1.596900
1.917748
1.477463
1.861294
1.608216
1.472004
1.919958
1.796867
1.675844
1.591955
1.347946
1.363541
1.900579
1.989103
1.704038
1.833281
1.213138
1.687075
1.557884
1.711318
1.478743
1.323418
1.905903
1.289004
1.973613
1.634653
1.199743
1.317786
1.639685
1.930960
1.472656
1.788065
1.841734
1.483576
1.666925
1.992566
1.313748
1.978913
1.210075
1.119801
1.849022
1.891911
1.566067
1.572961
1.580135
1.346740
1.298205
1.803630
1.243979
1.349318
1.016086
1.878895
1.728617
1.405934
1.447862
1.561645
1.951843
1.820368
1.364228
1.697396
1.384052
1.945389
1.745520
1.432737
1.378530
1.816022
1.517726
1.989584
1.895359
1.176986
1.804965
1.601895
1.539569
1.665897
1.339273
1.267634
1.396429
1.829345
1.756318
1.321058
1.939077
1.341555
1.543280
1.874492
1.726425
1.733214
1.462353
1.769822
1.451054
1.326387
1.586076
1.610812
1.713256
1.741049
1.514454
1.701556
1.995631
1.609113
1.985565
1.279753
1.780290
1.532219
1.670712
1.420558
1.459722
1.916040
1.410819
1.211605
1.621509
1.855772
1.179129
1.899445
1.994732
1.446061
1.444188
1.824454
1.804397
1.820991
1.676052
1.640025
1.580137
1.779938
1.975168
1.196289
1.852967
1.868007
1.625026
1.463662
1.991806
1.381177
1.929416
1.274242
1.943024
1.640035
1.515828
1.688625
1.975779
1.854195
1.342153
1.761080
1.617086
1.880831
1.780253
1.704886
1.844760
1.612978
1.617599
1.857867
1.665199
1.675843
1.011997
1.205750
1.106543
1.575645
1.413015
1.166220
1.679105
1.401973
1.820270
1.741102
1.532208
1.906581
1.866618
1.212814
1.819006
1.203763
1.947549
1.229626
1.522643
1.562435
1.469861
1.648972
1.707014
1.894251
1.414609
1.910365
1.277707
1.576381
1.216525
1.143688
1.621881
1.415142
1.293098
1.847689
1.242969
1.674560
1.984018
1.927410
1.539742
1.257708
1.922660
1.455074
1.962433
1.288387
1.574083
1.646275
1.776074
1.220751
1.596066
1.759136
1.463229
1.681566
1.732543
1.279525
1.448116
1.944251
1.955418
1.640619
1.344645
1.229102
1.949836
1.063727
1.597739
1.217476
1.999817
1.169069
1.705367
1.963657
1.161014
1.669063
1.765688
1.157043
1.789342
1.721210
1.431962
1.162291
1.579988
1.606008
1.785047
1.361111
1.642605
1.488637
1.911455
1.432778
1.574598
1.975582
1.271985
0.989932
1.695152
1.102627
1.795862
1.562439
1.840309
1.988181
1.767528
1.621363
1.406217
1.298023
1.479146
1.743606
1.873734
1.664139
1.427304
1.535083
1.794034
1.975572
1.406636
1.383707
1.031454
1.182272
1.734749
1.161644
1.799110
1.473096
1.679970
1.492067
1.951090
1.663833
0.968679
1.251829
1.287054
1.370819
1.879655
1.172366
1.584371
1.736316
1.757927
1.891093
1.769176
1.332599
1.480848
1.785459
1.162685
1.985369
1.323244
1.753704
1.204741
1.074568
1.289655
0.986886
1.109607
1.039445
1.424476
1.975801
1.556403
1.208157
1.221439
1.743270
1.920459
1.659090
1.885626
1.025432
1.065409
1.548325
1.387324
1.406779
1.986349
1.255817
1.390061
1.417273
1.668394
1.954920
1.988363
1.554413
1.568973
1.305011
1.089298
1.851484
1.559939
1.970820
1.968782
1.367575
1.093480
1.787876
1.776213
1.607938
1.484498
1.021260
1.735831
1.289787
1.865596
1.963598
1.712722
1.331162
1.659241
1.817250
1.236371
1.932530
1.948531
1.442726
1.330241
1.932924
1.602536
1.845918
1.656740
1.384569
1.728925
1.718511
1.551252
1.206967
1.955037
1.755472
1.149561
1.427807
1.367884
1.507132
1.652735
1.982314
1.425078
1.739741
1.949517
1.851548
1.661915
1.500212
1.513852
1.827751
1.415877
1.830387
1.722060
1.868530
1.564547
1.871896
1.792704
1.493963
1.665412
1.242664
1.798812
1.084042
1.533712
1.826396
1.941574
1.226735
1.770863
1.839506
1.872139
1.105770
1.154087
1.133941
1.193757
1.362496
1.245368
1.798408
1.931066
1.408245
1.491562
1.181730
1.266029
1.749576
1.570238
1.960482
1.464043
1.175372
1.554023
1.808411
1.165171
1.290139
0.881025
1.915249
1.118433
1.834985
1.610032
1.845910
0.914478
1.903464
1.605206
1.451388
1.414753
1.679304
1.548451
1.842971
1.993078
1.669441
1.994013
1.740249
1.406387
1.117388
1.386823
1.747361
1.122334
0.979681
1.873005
1.610273
1.908205
1.650355
1.142302
1.236558
1.329163
1.797054
1.100998
0.973754
1.836635
1.463473
1.199072
1.201758
1.577781
1.906464
1.911629
1.225729
1.536253
1.290547
1.375074
1.908564
1.465507
1.434723
1.729822
1.647445
1.505706
1.827910
1.551023
1.599959
1.911015
0.920427
1.998331
1.923473
1.596677
1.157012
1.674271
1.439652
1.378500
1.884574
1.585566
1.697422
1.880872
1.021136
1.670605
1.808852
1.885328
1.733987
1.589350
1.252292
0.984088
1.523650
1.015142
1.069199
1.803435
0.984502
1.649987
1.429832
1.953521
1.678307
1.837058
1.465057
1.392720
1.192630
1.477289
0.995177
1.744973
1.371451
1.951490
1.884105
1.953601
1.477663
1.923149
1.329843
1.856276
1.884945
0.994380
1.902216
1.936632
1.767025
1.101539
1.815584
1.639950
1.096955
1.673430
1.126951
1.218570
1.970135
1.576091
1.940319
1.818247
1.680768
1.801444
1.460454
1.648565
1.823007
1.669983
1.822756
1.813447
1.992635
1.907865
0.948206
1.371290
0.862757
1.960233
1.092160
1.616231
1.021257
1.462096
1.622282
1.646458
1.849260
1.616044
1.110939
1.837562
1.542241
1.769337
1.500230
1.012556
0.982581
1.919202
1.572716
1.053978
1.199088
1.830056
1.363882
1.192226
1.893133
1.938760
0.912150
1.467917
1.412332
1.221109
1.321374
1.323601
1.793251
1.084559
1.392786
1.800376
1.715091
1.208642
1.876527
1.856664
1.189784
1.838507
1.894940
1.212903
1.047453
1.225383
1.940401
1.390026
1.323887
1.369901
1.584891
1.665787
1.865403
1.205568
1.494849
1.140896
1.666072
1.294193
1.600270
1.607834
1.692749
1.212697
1.654134
1.689850
1.637608
1.243013
1.266922
0.947237
1.291288
1.306796
1.818719
1.939045
1.423905
1.772533
1.441362
1.500830
1.788066
1.015584
1.197807
1.947848
1.996318
0.902950
1.830005
1.940489
1.693209
1.871303
1.477302
1.631979
1.795903
1.870783
1.507746
1.413241
1.614646
1.687437
1.098382
1.988802
1.739728
1.112747
1.178398
1.597613
1.098501
1.541030
1.794086
1.328712
1.292210
1.489414
1.360013
1.285046
1.525213
1.864067
1.374883
1.116418
1.366232
1.694147
1.956751
1.590818
1.426836
1.570161
1.301726
1.797787
0.895065
0.950731
1.270209
1.191721
1.284324
1.195112
1.034776
1.561683
1.274692
1.582590
1.807532
1.762360
1.786329
1.101386
1.427881
1.069930
1.579531
1.208517
1.838592
1.295863
0.986846
1.434986
1.394556
1.676047
1.376452
1.820096
1.478448
1.836984
1.292434
1.834677
1.648502
1.273583
1.287048
1.274093
1.142542
1.939701
1.581424
1.956437
0.787747
1.902698
1.866831
1.775244
1.569098
0.922085
1.870543
1.031345
1.906378
1.421542
1.186123
1.731090
1.352064
1.880950
1.821475
1.331112
1.942601
1.847912
1.780121
1.760059
1.591695
1.839386
1.802241
1.457786
1.612061
1.068379
1.181994
1.697344
1.364137
1.404244
1.275285
1.024139
1.207997
1.406416
1.388425
0.932235
1.358339
1.926926
1.682670
1.592552
1.813732
1.446318
1.189075
