1.868352
1.727738
1.879034
1.810468
1.799238
1.989021
1.916215
1.893615
1.966636
1.941547
1.786073
1.749385
1.886564
1.919307
1.856717
1.656568
1.981742
1.959773
1.941218
1.948172
1.750358
1.700483
1.856035
1.641219
1.661471
1.899019
1.973337
1.997450
1.861831
1.858672
1.867158
1.799284
1.891338
1.916279
1.745437
1.663682
1.912297
1.760497
1.767560
1.798962
1.856462
1.583102
1.826370
1.811385
1.625523
1.668910
1.614962
1.820268
1.842222
1.906419
1.698986
1.987060
1.953462
1.887029
1.881692
1.844591
1.771574
1.987800
1.918864
1.894501
1.869200
1.626612
1.930659
1.823866
1.849219
1.848061
1.850129
1.609073
1.882057
1.661485
1.754628
1.749563
1.702723
1.633613
1.882416
1.808221
1.821098
1.515276
1.784120
1.700351
1.745807
1.923384
1.896560
1.772215
1.964440
1.982059
1.738220
1.979795
1.730186
1.730256
1.424359
1.538935
1.569490
1.544501
1.915936
1.629147
1.497760
1.831731
1.741198
1.715670
1.673792
1.758016
1.700375
1.844168
1.984484
1.966879
1.965852
1.992872
1.645422
1.626825
1.538747
1.874750
1.867092
1.876744
1.739569
1.909716
1.870595
1.572120
1.963012
1.854157
1.492570
1.876858
1.993462
1.764742
1.965475
1.802867
1.987135
1.644225
1.826701
1.942230
1.913761
1.843098
1.967846
1.428049
1.928016
1.414844
1.718606
1.883916
1.433472
1.918491
1.801089
1.724908
1.830076
1.486126
1.452678
1.868019
1.631932
1.971825
1.904327
1.680554
1.778438
1.549614
1.835067
1.445244
1.976775
1.967925
1.766799
1.609427
1.630061
1.541328
1.850799
1.488982
1.950437
1.396677
1.779182
1.824296
1.502416
1.656561
1.950391
1.855842
1.900096
1.951814
1.764903
1.714113
1.962897
1.738606
1.549661
1.291391
1.815781
1.934960
1.593696
1.945664
1.299180
1.561230
1.788284
1.640643
1.695171
1.425634
1.605479
1.180489
1.572749
1.602782
