1.983768
1.988847
1.964824
1.775759
1.799841
1.963371
1.985000
1.805342
1.907272
1.981679
1.823225
1.863733
1.897666
1.711839
1.961750
1.824533
1.874065
1.755348
1.759228
1.785494
1.923046
1.785776
1.884785
1.920082
1.851901
1.927838
1.784328
1.750571
1.854900
1.938032
1.904745
1.902550
1.612471
1.908148
1.826510
1.535336
1.716231
1.754623
1.748390
1.894018
1.620959
1.910587
1.966257
1.598980
1.760180
1.711489
1.667327
1.998614
1.640511
1.788066
1.604625
1.740734
1.851581
1.829836
1.927978
1.746055
1.762332
1.835229
1.919033
1.672738
1.880573
1.879356
1.945781
1.662331
1.643273
1.944799
1.964136
1.831585
1.902058
1.852332
1.852930
1.873453
1.548730
1.528236
1.586882
1.414174
1.784452
1.728121
1.566471
1.880003
1.705674
1.805140
1.879048
1.788988
1.646984
1.874617
1.686124
1.464799
1.788069
1.884998
1.876855
1.738673
1.906272
1.736207
1.798596
1.596910
1.956852
1.797713
1.434743
1.831214
1.576794
1.470454
1.818034
1.702598
1.971238
1.462644
1.647454
1.620011
1.925531
1.987156
1.945612
1.328669
1.992847
1.850516
1.836100
1.478697
1.847493
1.983766
1.621586
1.524456
1.538054
1.559140
1.613991
1.402550
1.834062
1.403466
1.503566
1.717966
1.694752
1.802645
1.700457
1.493643
1.568244
1.435041
1.960901
1.940635
1.902191
1.586175
1.745309
1.627962
1.801320
1.472844
1.507907
1.832106
1.419585
1.578137
1.297783
1.493595
1.688068
1.533548
1.441926
1.745435
1.504506
1.730913
1.535099
1.830526
1.975827
1.868905
1.680091
1.287877
1.685342
1.763998
