1.977784
1.939095
1.899582
1.920514
1.947533
1.979155
1.912662
1.966077
1.852241
1.956026
1.982992
1.890196
1.965746
1.825096
1.937053
1.786328
1.833350
1.941890
1.839994
1.957196
1.877998
1.989594
1.924946
1.918124
1.892353
1.678601
1.697887
1.788531
1.678979
1.920503
1.864343
1.917671
1.723391
1.929193
1.959794
1.923965
1.623810
1.894477
1.637962
1.598350
1.914209
1.815981
1.800845
1.932741
1.747798
1.646909
1.842360
1.513863
1.691208
1.888842
1.607143
1.980629
1.674532
1.916248
1.615488
1.455893
1.572324
1.843143
1.638047
1.780100
1.913636
1.979679
1.742909
1.876608
1.701789
1.703217
1.610943
1.796954
1.951989
1.523401
1.923629
1.668807
1.748845
1.568994
1.873393
1.994978
1.985839
1.894513
1.852412
1.369429
1.913214
1.797883
1.511446
1.616147
1.543222
1.786352
1.820859
1.990645
1.687678
1.668123
1.780372
1.665153
1.611580
1.777638
1.743991
1.575376
1.829461
1.451789
1.602646
1.622196
1.739030
1.476384
1.738513
1.417455
1.827121
1.648090
1.751478
1.531756
1.941907
1.789554
1.804071
1.440172
1.815009
1.761829
1.364876
1.676613
1.853810
1.290721
1.505114
1.548888
1.947584
1.501032
1.875156
1.539625
1.439235
1.908749
1.948438
1.700896
1.576541
1.250201
1.728868
1.578404
1.460317
1.496623
1.966406
1.529676
1.871010
1.649746
