1.993249
1.806127
1.975938
1.986698
1.659427
1.865016
1.794267
1.970351
1.643225
1.925132
1.715640
1.847056
1.958786
1.799969
1.986814
1.342059
1.986074
1.526756
1.972917
1.696714
1.737728
1.737751
1.904668
1.774263
1.960589
1.991037
1.437515
1.671271
1.827107
1.974716
1.667646
1.602228
1.972917
1.614071
1.560627
1.915100
1.766782
1.649929
1.604920
1.951132
1.702844
1.528273
1.839206
1.676216
1.861518
1.988537
1.551428
1.871223
1.975257
1.781052
1.604448
1.769872
1.695792
1.922921
1.905293
1.770617
1.741485
1.728726
1.591597
1.565040
1.963561
1.400585
1.492812
1.441713
1.622329
1.801747
1.513455
1.828555
1.897674
1.633091
1.705632
1.693842
1.656390
1.627998
1.867900
1.596778
1.971248
1.494219
1.978916
1.806769
1.863310
1.338504
1.585714
1.825917
