1.883102
1.913562
1.983911
1.800179
1.982064
1.835331
1.802381
1.797944
1.936192
1.717294
1.929795
1.818894
1.989211
1.886178
1.815382
1.851554
1.862122
1.700341
1.709761
1.980522
1.591137
1.974654
1.593968
1.985083
1.879487
1.780116
1.676757
1.806296
1.844910
1.907027
1.950898
1.982680
1.917088
1.884252
1.806529
1.908936
1.686033
1.917584
1.978098
1.742522
1.946304
1.755700
1.672311
1.926589
1.841588
1.748639
1.708160
1.838508
1.685091
1.965702
1.920141
1.704128
1.767381
1.708062
1.821622
1.896224
1.837582
1.527638
1.975801
1.573289
1.619598
1.921039
1.883929
1.904860
1.781112
1.519658
1.873230
1.662206
1.774135
1.957059
1.759504
1.772314
1.548836
1.726604
1.629467
1.685270
1.886364
1.742729
1.336260
1.707930
1.581127
1.996619
1.998534
1.657648
1.657292
1.610318
1.620255
1.795805
1.941547
1.776147
1.587147
1.734692
1.668185
1.747160
1.852344
1.908124
1.666569
1.634145
1.474758
1.805759
1.682765
1.859008
1.872555
1.566962
1.941640
1.909075
1.759383
1.621686
1.852497
1.541462
1.934019
1.372833
1.839863
1.579499
1.693079
1.636971
1.999622
1.684182
1.398606
1.883923
1.507495
1.881923
1.449011
1.939557
1.500643
1.901898
1.857418
1.917805
1.974336
1.460138
1.456828
1.468205
1.794139
1.880264
1.418935
1.464098
1.922367
1.822662
1.542804
1.689268
1.397202
1.701582
1.526108
1.963195
1.757708
1.708220
1.903062
1.811560
1.231580
1.864254
1.937144
1.759961
1.538140
1.931282
1.502122
1.694187
1.900849
1.199569
1.599209
1.920582
