1.763674
1.861518
1.857578
1.619985
1.491639
1.445235
1.776881
1.855378
1.798987
1.721686
1.829337
1.966581
1.703646
1.662613
1.679561
1.943767
1.964474
1.897970
1.507004
1.950729
1.820870
1.742368
1.690477
1.089591
1.845087
1.786738
1.146751
1.636043
1.803854
1.903193
1.432214
1.524774
1.310830
1.317126
1.123461
1.776788
1.217654
1.598636
1.713359
1.630548
1.538566
1.078588
1.871353
1.893792
1.767996
1.765787
1.803763
1.559456
1.929692
1.905206
1.462039
1.593929
1.881224
1.784900
1.581863
1.422267
1.549360
1.433014
1.085293
1.606695
1.627579
0.976519
1.514831
1.606333
1.099767
1.442511
1.377309
1.889469
1.783483
1.647614
1.950985
1.815930
1.545014
1.911796
1.596932
1.133395
1.018360
1.677786
1.442046
1.753735
1.579436
1.968906
1.526990
1.934918
1.484233
1.927361
1.693219
1.753130
1.191501
1.916516
1.836242
1.485022
1.094581
1.954004
1.896765
1.687838
1.153372
1.555975
1.707051
1.970440
1.715428
1.482285
1.605731
1.420435
1.853367
1.725564
1.984639
1.621377
1.629682
1.289538
1.555673
1.391442
1.910123
1.635439
1.259509
1.958520
1.687822
1.762065
1.134826
1.884076
1.445564
1.183489
1.440961
1.386050
1.659805
0.979753
1.889862
1.852976
1.483626
1.209309
1.003459
1.651334
1.921091
1.146836
1.201799
1.347233
1.633821
1.736132
1.530494
1.983539
1.487799
1.721101
1.650936
1.980591
1.320394
1.911071
1.171788
1.592218
1.832041
1.462954
1.350704
1.605043
1.667293
1.621493
1.640946
1.488035
1.978745
1.720532
1.899444
1.470840
1.694976
1.526229
1.346047
1.455055
1.319680
1.954437
1.429566
1.318759
1.781089
1.773980
1.546550
1.833683
1.333725
1.520703
1.159353
1.623623
1.330490
1.991551
1.688488
1.644717
1.900820
1.087438
1.882460
1.004088
1.471891
0.962177
1.170768
1.838109
1.850545
0.953637
1.679122
1.405865
1.658400
1.547973
1.454940
1.724398
0.926301
1.412702
1.958762
1.723896
1.801580
1.147786
1.626663
1.942173
1.462914
0.943007
1.919072
1.458639
1.138526
1.448571
1.326984
1.497238
1.830587
1.294178
1.806599
1.465173
1.775034
1.400818
1.762043
1.719652
1.744787
1.970479
1.751724
1.548459
1.587289
1.067412
1.954187
1.492161
1.529568
1.911870
1.124200
1.030149
1.906895
1.315002
1.872625
1.824864
1.653153
1.320775
1.148033
1.559874
1.270260
1.322534
1.755779
1.133133
1.521919
1.555239
1.266386
1.029022
1.982116
1.136971
1.562943
1.634922
1.569866
1.874296
1.860020
1.925276
1.866342
1.808778
1.787829
1.764329
1.959666
1.892117
1.835892
1.264514
1.328612
1.065891
1.739685
1.142564
1.431928
1.100716
1.602753
1.466684
1.714157
1.457806
1.839463
1.923850
1.691741
1.734686
1.585658
1.993370
1.029066
1.230906
1.820571
1.076085
1.372690
1.246556
1.332742
1.566905
1.125122
1.384608
1.329695
1.466932
1.081163
1.259226
1.814368
1.785582
1.199445
1.495181
1.574506
0.952316
1.313723
1.739882
1.896818
1.173779
0.916723
1.785890
1.605075
