1.973681
1.985994
1.930059
1.989517
1.878863
1.975283
1.761064
1.879148
1.862219
1.987203
1.844152
1.791419
1.761652
1.933231
1.950200
1.932282
1.813855
1.918570
1.940795
1.856535
1.985566
1.989197
1.691257
1.875975
1.825951
1.661478
1.912315
1.929582
1.737282
1.800206
1.905935
1.956157
1.876477
1.712971
1.958882
1.793758
1.830220
1.788319
1.564202
1.768306
1.735977
1.745820
1.714027
1.929287
1.909887
1.812603
1.794031
1.852769
1.776627
1.621135
1.973997
1.917098
1.704351
1.580534
1.770566
1.914790
1.949708
1.636151
1.839282
1.712567
1.895890
1.729726
1.930650
1.468667
1.813156
1.694867
1.443463
1.846384
1.851259
1.762397
1.919627
1.871833
1.843949
1.636789
1.943462
1.716899
1.585612
1.898548
1.964377
1.533950
1.854705
1.652372
1.576215
1.734847
1.868411
1.831146
1.927686
1.518917
1.780625
1.490818
1.705057
1.787140
1.508658
1.618544
1.924979
1.864712
1.528239
1.809742
1.614770
1.471288
1.728512
1.722239
1.794512
1.920787
1.649897
1.540827
1.935130
1.801856
1.931249
1.801924
1.568424
1.439860
1.793792
1.810901
1.875293
1.861483
1.780402
1.926026
1.856939
1.489907
1.855763
1.540116
1.895449
1.750093
1.345294
1.677553
1.696484
1.594369
1.560822
1.796626
1.933707
1.550755
1.743783
1.874715
1.932137
1.822878
1.985637
1.763930
1.732296
1.888125
1.775053
1.432012
1.865403
1.604949
1.727553
1.622106
1.848211
1.867399
1.409185
1.413726
1.472025
1.640565
1.443396
1.810066
1.552363
1.751323
1.627530
1.632982
1.505199
1.737444
1.342503
1.931966
1.656671
1.280642
1.511316
1.603819
1.120986
