1.777745
1.951776
1.779469
1.919761
1.980256
1.722856
1.730577
1.952573
1.874095
1.644666
1.511456
1.862229
1.783168
1.770525
1.977138
1.807581
1.896539
1.909652
1.859031
1.813039
1.982000
1.960148
1.758653
1.688352
1.828758
1.707448
1.974325
1.814745
1.869699
1.889761
1.760749
1.893528
1.791994
1.878895
1.889772
1.657138
1.698213
1.998949
1.964294
1.599383
1.924618
1.948974
1.949947
1.660687
1.982892
1.869702
1.996956
1.556516
1.908413
1.991253
1.703742
1.853505
1.655228
1.619519
1.668612
1.886267
1.950830
1.702451
1.814458
1.959063
1.950399
1.663688
1.613839
1.856887
1.866451
1.943788
1.375028
1.969253
1.979039
1.354017
1.905298
1.604803
1.875130
1.454483
1.963441
1.656966
1.690394
1.869398
1.928277
1.983223
1.540086
1.673287
1.849246
1.332163
1.855597
1.971509
1.890573
1.966706
1.838278
