1.662517
1.803768
1.678363
1.782819
1.457666
1.656899
1.770181
1.911182
1.938999
1.977726
1.151830
1.982111
1.969204
1.248092
1.874518
1.415841
1.758839
1.882352
1.567358
1.736510
1.679134
1.839111
1.752000
1.882469
1.526910
1.548544
1.911541
1.480792
1.833351
1.556853
1.512210
1.613286
1.841425
1.619329
1.657008
1.403198
1.228710
1.981726
1.618024
1.604329
1.371249
1.649312
1.714306
1.690826
1.905912
1.551741
1.962386
1.578005
1.956522
1.868562
1.426145
1.982064
1.570823
1.921851
1.182635
1.942912
1.291255
1.911107
1.869449
1.605564
1.721134
1.843468
1.925095
1.799007
1.818162
1.590114
1.631256
1.966893
1.648755
1.419779
1.764454
1.419965
1.898801
1.799686
1.673022
1.927235
1.955704
1.962700
1.965657
1.669415
1.798349
1.929267
1.634652
1.886275
1.923045
1.761564
1.833165
1.798602
1.582001
1.411584
1.959748
1.852096
1.600419
1.798692
1.612286
1.649048
1.167470
1.813412
1.826000
1.344597
1.510634
1.881830
1.757289
1.879157
1.123104
1.092167
1.744890
1.592366
1.775818
1.537043
1.147562
1.803950
1.768411
1.578502
1.761256
1.699528
1.418238
1.464393
1.161898
1.861587
1.837366
1.109334
1.500996
1.483437
1.326075
1.370996
1.033294
1.505875
1.393701
1.646010
1.887781
1.392079
1.897119
1.732719
1.711294
1.995590
1.793820
1.647423
1.705265
1.355491
1.653171
1.569410
1.975296
1.717674
1.342355
1.495714
1.796426
1.970243
1.642414
1.677099
1.592047
1.949097
0.986486
1.618489
1.978973
1.631797
1.630460
1.732635
1.908107
1.107411
1.450934
1.109289
1.306182
1.661347
1.881955
1.730279
1.317273
1.981805
1.577563
1.409021
1.928358
1.371706
1.232440
1.342314
1.455306
1.256456
1.904972
1.889846
1.732142
1.329246
1.900172
1.406052
1.838087
1.620265
1.910523
1.749988
1.005702
1.617647
1.022306
1.865089
1.902642
1.904734
1.322316
1.985749
1.421590
1.788288
1.479033
1.480352
1.786296
1.891076
1.905653
1.233849
1.962890
1.832086
1.214633
1.812599
1.568243
1.752980
1.823967
1.502141
1.233189
1.159084
1.457898
1.241883
1.933861
1.859201
1.933936
1.189430
1.893960
1.854310
1.465413
1.687217
1.443701
1.424247
1.192265
1.705695
1.127814
1.451796
1.813635
1.682960
1.655098
1.568375
1.459477
1.925369
1.770831
1.740942
1.334905
1.278798
1.579872
1.270834
1.979671
1.524338
1.807910
1.344738
1.497704
1.845041
0.797545
1.494849
1.806304
1.659058
1.994115
1.674176
1.786825
1.825458
1.244023
1.526759
1.999550
1.045704
0.933626
1.458312
1.968034
1.511836
1.679722
1.125813
1.343563
1.474206
1.954910
1.170528
1.348009
1.968389
1.921415
1.948435
1.625249
1.525532
1.925626
1.948917
1.891664
1.600561
1.860653
1.968341
1.922379
1.873479
1.580042
1.396220
1.106167
1.471204
1.942428
1.072134
0.848842
1.363125
1.929199
1.687959
1.389478
1.862371
1.666504
1.648185
1.890873
1.192967
1.147402
1.835589
0.938784
1.906371
1.078664
1.947559
1.223356
1.190360
1.763187
1.961332
1.239961
1.490169
1.284075
1.866731
1.001779
1.870133
1.763432
1.813148
1.486627
1.815550
1.832796
1.316035
1.747269
1.555863
0.887715
1.632724
1.239248
1.627950
1.984173
1.232073
1.320248
1.397484
1.075750
1.598095
1.685411
1.804890
1.656039
1.384514
1.327728
1.931729
1.989464
1.898334
1.846824
1.807597
1.978250
1.737993
1.762163
1.285746
1.624183
1.682948
1.359603
1.088826
1.842225
1.695281
1.433727
1.258008
1.476673
1.216813
0.856486
0.849346
1.703656
1.239734
1.819001
1.275660
0.919234
0.804913
0.909106
1.228833
1.674870
1.535273
1.236475
1.583486
1.615946
1.094407
1.817342
1.541019
1.020797
1.322625
1.068220
1.827145
1.498973
1.092905
1.666492
1.924824
1.739481
