1.870151
1.841700
1.880851
1.891631
1.976967
1.813925
1.745363
1.995317
1.801731
1.806785
1.909113
1.813997
1.893274
1.884453
1.883725
1.976080
1.982214
1.733607
1.953255
1.681594
1.889110
1.762741
1.905672
1.911689
1.686545
1.904933
1.938682
1.617285
1.854609
1.659674
1.894212
1.713637
1.993550
1.813411
1.988183
1.950578
1.935057
1.587175
1.933926
1.967174
1.853221
1.480098
1.803706
1.708225
1.877947
1.395613
1.901618
1.799079
1.730298
1.650479
1.745873
1.700442
1.716014
1.606991
1.614890
1.717083
1.908527
1.828596
1.698069
1.811185
1.945988
1.522078
1.815609
1.937486
1.616624
1.751386
1.444698
1.995742
1.751460
1.578804
1.944233
1.575220
1.707069
1.434476
1.825292
1.498140
1.540592
1.408380
1.389489
1.650762
1.754157
1.828810
1.432896
1.773189
1.826796
1.985272
1.702973
1.577655
1.814342
1.908374
1.612334
1.711236
1.910145
1.765715
1.345643
1.427112
1.837033
1.448661
1.691416
1.545523
1.652165
1.743112
1.850553
1.432350
1.532984
1.401852
1.568524
1.789704
1.715494
1.850981
1.814281
1.327428
1.697715
1.626223
1.465237
1.712897
1.517843
1.654163
1.854213
1.949614
1.453740
1.313721
1.902067
1.197622
1.434510
1.967096
