1.448868
1.786086
1.618822
1.848651
1.995717
1.764933
1.611606
1.960481
1.884686
1.964738
1.746386
1.968658
1.720723
1.950692
1.647428
1.834447
1.215837
1.655981
1.274623
1.995196
1.426627
1.730802
1.794996
1.566934
1.941661
1.952036
1.935298
1.269315
1.686869
1.887932
1.968397
1.910757
1.848080
1.675117
1.757355
1.801321
1.700428
1.084518
1.782344
1.599546
1.611650
1.946100
1.842413
1.743794
1.658957
1.777382
1.380666
1.692511
1.413841
1.642179
1.421817
1.114682
1.955668
1.623202
1.448706
1.734368
1.816967
1.630671
1.242680
1.747574
1.879854
1.975397
1.863539
1.760141
1.144660
1.847019
1.609389
1.749120
1.781299
1.393879
1.718994
1.931169
1.856133
1.302285
1.785449
1.867647
1.447260
1.821777
1.384231
1.904355
1.940137
1.568629
1.247374
1.574237
1.695216
1.513338
1.699060
1.499217
1.983422
1.320628
1.480991
1.854289
1.092971
1.363841
1.703589
1.948073
1.431962
1.808171
1.905329
1.788600
1.978681
1.786957
1.845087
1.970490
1.312738
1.776650
1.682559
1.904653
1.081045
1.994873
1.191259
1.913859
1.401521
1.935135
1.989784
1.972483
1.636732
1.739565
0.980209
1.918579
1.781978
1.965057
1.981014
1.287411
1.771381
1.292484
1.615596
1.977878
1.697210
1.396870
1.837619
1.894487
1.663322
1.407746
1.528535
1.769698
1.841226
1.826183
1.229962
1.745009
1.767422
1.546413
1.854594
1.919690
1.728183
1.571099
1.918241
1.154810
1.694148
1.310569
1.719404
1.944739
1.142488
1.628640
1.587189
1.945438
1.679035
1.568991
1.616376
1.183070
1.458615
1.599641
1.980511
1.383514
1.804823
1.764415
1.746680
1.561568
1.829049
1.256091
1.122550
1.384254
1.886448
1.885749
1.592175
1.737037
1.627449
0.972152
1.389733
1.554397
1.889212
1.164020
1.193006
1.673400
1.097876
1.902877
1.967142
1.362774
1.397387
1.540991
1.496577
1.988214
1.987751
1.381395
1.916168
1.813660
1.947855
1.144245
1.267580
1.313216
1.756056
1.251540
1.622081
1.760876
1.943307
1.925806
1.915742
1.979001
1.885182
1.111433
1.311393
1.180371
1.812447
1.462690
1.433439
1.881126
1.645467
1.784528
1.668776
1.465824
1.921978
1.793528
1.298056
1.704326
1.513681
1.419597
1.612361
1.194359
1.520547
1.918028
1.920504
1.185317
1.119100
1.990444
1.776546
1.584603
1.108289
1.918221
1.119292
1.198428
1.800378
1.652227
1.166668
1.110842
1.781674
0.947989
1.597350
1.804371
1.358662
1.437021
1.973271
1.372908
1.523555
1.636344
1.986739
1.321107
1.988989
1.619487
1.615782
1.603300
1.789841
1.732109
1.954436
1.614613
1.304794
1.800697
1.558442
1.007518
1.880282
1.872696
1.265404
1.560062
1.533630
1.758800
1.937839
1.563371
1.500374
1.739980
1.524764
1.518227
1.752241
1.391622
1.868830
1.967520
1.627248
0.998883
1.424186
1.563527
1.721337
1.631451
1.604055
1.356438
1.563898
1.707660
1.455978
1.671325
1.916336
1.678677
1.689268
1.418860
1.907094
1.343264
1.387268
1.931929
1.982452
1.431342
1.911915
1.636625
1.590423
1.608956
1.441920
1.942391
1.970979
1.311744
1.715786
1.129191
1.697799
1.411592
1.439362
1.614516
1.804454
1.143480
1.869328
1.658723
1.527084
1.292730
1.366124
1.938869
0.956224
1.931877
1.570707
1.966398
1.838900
1.301171
1.527323
1.656722
1.726269
1.602784
1.427063
1.246035
1.734525
1.225357
1.807610
1.658181
1.369777
1.355339
1.546210
1.400917
1.021275
1.579677
1.511479
1.996243
1.155258
1.784297
1.423209
1.405067
1.297229
1.376173
1.449014
1.339738
1.465518
1.893879
1.971952
1.812590
1.764182
1.489264
1.388363
1.624551
1.405855
1.598674
1.847816
1.990955
1.300111
1.875945
1.438036
1.746037
1.323171
1.250283
1.168787
1.420199
1.658558
1.916482
1.967648
1.813778
1.538977
1.984265
1.111420
1.763957
1.579720
1.064834
1.857387
1.697395
1.819379
1.977989
1.836709
1.304692
1.492655
1.833505
1.828528
1.878110
1.176595
1.767088
1.753281
1.958650
1.023868
1.921261
1.725725
1.938837
1.937408
1.981985
1.366778
1.553126
1.689215
0.942448
1.381188
1.604078
1.280581
1.931621
1.899258
1.652912
1.851369
1.098854
1.756810
1.748296
1.750156
1.897902
1.414216
1.288190
1.939878
1.671628
1.842574
1.890466
1.212581
1.627783
1.322554
1.034246
1.564972
1.970558
1.759044
1.944708
1.915676
1.243141
1.768611
1.926328
1.975898
1.706165
1.538884
1.717394
1.950619
1.791715
1.977133
1.476888
1.506427
1.527741
1.403070
1.301523
1.197645
1.656388
1.498010
1.294144
1.646276
1.147116
1.848160
1.687938
1.904667
1.801098
1.734335
1.248281
1.768233
1.770175
1.611955
1.334773
1.790782
1.550332
1.491543
1.775516
1.096071
1.630752
1.300920
1.768706
1.768108
1.354481
1.681350
1.641248
1.499310
1.756195
1.336510
1.844610
1.847354
1.860840
1.743351
1.601328
1.952190
1.273930
1.565434
1.715939
1.569946
1.281992
1.050955
1.810035
1.740153
1.369869
1.981368
1.682405
1.788663
1.232680
1.528540
1.659205
1.925824
1.309171
1.451140
1.563750
1.678658
1.757906
1.026888
1.412169
1.779883
1.389864
1.970335
0.964396
1.365288
1.469337
1.328419
1.949507
1.821949
1.229245
1.750253
1.217617
1.706769
1.823842
1.712195
1.504378
1.652130
1.997354
1.782422
1.633993
1.413523
1.352170
1.246028
1.491109
1.465716
1.637291
1.753660
1.872811
1.676316
0.964374
1.918219
1.706597
1.645020
0.992306
1.585383
1.304421
1.657502
1.385203
1.851814
1.691387
1.995874
1.644890
1.947586
1.354389
1.482033
1.887313
1.475007
1.267602
1.220141
1.687354
1.399672
1.517739
1.570649
1.209817
1.122431
1.769308
1.527724
1.265827
1.615554
1.956350
1.664451
1.572033
1.740254
1.292850
1.542806
1.403425
1.160639
1.457990
1.683524
1.506028
1.517352
1.366606
1.100569
1.615912
1.761896
1.664712
1.417732
1.671793
1.502903
1.810631
1.852524
1.940255
1.768434
1.331674
1.409557
1.547991
1.707518
1.817956
1.940996
1.310914
1.543702
1.778130
1.133669
1.472182
1.753920
1.404142
1.467357
1.802217
1.502980
1.890339
1.426353
1.676955
1.335181
1.161687
1.459163
1.134580
1.146975
1.740415
1.935015
1.126940
1.252939
1.831910
1.979744
1.409921
1.437498
1.164320
1.473459
1.989758
1.125763
0.992845
1.817406
1.351559
1.584935
1.876560
1.037151
1.157016
1.485971
1.971533
1.700430
1.781661
1.970505
1.686553
1.738634
1.180227
1.837913
1.967666
0.817595
1.330020
1.977499
1.776217
1.782312
1.069420
1.608338
1.443412
1.226408
1.292743
1.776022
1.591386
1.858263
1.702718
1.722217
0.861904
1.829057
1.066581
1.905537
1.170025
1.800785
1.498191
1.799248
1.823585
1.423952
1.135595
1.354071
1.671222
1.131047
1.375577
1.381520
0.979226
1.531538
1.540636
1.904643
1.636971
1.888936
1.480717
1.195780
1.918065
0.824827
1.705077
1.921565
1.173613
1.771889
1.813649
1.486001
0.899944
1.487453
1.352420
1.862596
0.893467
0.978285
1.623281
1.870291
1.873809
1.014047
1.372648
1.774075
1.778045
1.610581
1.921907
1.762052
0.883182
1.274947
1.932206
1.754160
1.994629
1.666797
1.552891
1.495293
1.831518
1.001189
1.592805
1.135932
1.337728
1.642770
1.253003
1.181620
1.928064
1.740074
1.296998
1.806435
0.924704
1.909354
1.127482
1.386606
1.988100
1.499073
1.182409
1.656971
1.394126
1.519745
1.658102
1.702308
1.444507
1.478244
1.219096
1.344280
1.667502
1.922731
1.470201
1.874444
1.240440
1.410612
1.387101
1.814720
1.415152
1.164882
1.495828
1.341670
1.712676
1.102008
1.718516
0.793396
1.004374
1.959754
1.679402
1.663287
0.920011
1.692964
1.745418
1.201865
1.141346
1.925748
1.037634
1.066060
1.067509
1.332682
1.619705
1.778758
1.274674
0.999626
1.417467
1.862774
1.940337
1.314006
1.156059
1.459677
1.867945
1.840263
0.832164
1.033201
1.628658
1.698156
1.957517
1.451857
1.601518
1.467956
1.599481
1.886767
1.245055
1.645723
1.855571
1.374365
1.560037
1.908571
1.795323
1.671820
0.931019
1.702139
1.302879
1.459720
1.109495
1.039059
1.525877
1.190585
1.441363
1.688282
1.369088
1.850550
1.662681
1.363593
1.873276
1.142287
1.693591
1.687942
1.206168
1.690393
1.811612
1.030458
1.978432
1.061837
1.902906
1.482063
1.938237
1.597414
1.469984
1.735168
1.848240
1.590483
1.962773
1.729020
1.315566
1.502211
1.390380
1.524797
1.575830
1.943104
1.695571
1.990306
1.594936
1.590101
1.302169
0.931242
0.889621
0.991814
1.538619
1.704984
1.963035
1.883664
1.761581
1.467589
1.580510
1.970794
1.406641
1.658259
1.478880
1.654895
1.489186
1.259527
1.751971
1.456166
1.524449
1.739248
1.041268
1.886427
1.333411
0.992812
1.201193
0.935260
1.548088
1.618163
1.799946
1.755241
1.931760
1.378663
1.510859
1.615886
1.679400
1.334296
1.650463
1.190709
1.516894
1.907139
0.965282
1.858299
1.170884
1.082587
1.387199
0.920545
1.167996
1.261689
1.851124
1.160803
1.954687
0.758126
1.795294
1.483614
1.212966
1.782742
