1.960380
1.834884
1.464680
1.901391
1.939195
1.795500
1.965137
1.425757
1.976363
1.930448
1.513088
1.264684
1.772206
1.752715
1.993015
1.743458
1.400312
1.614506
0.970875
1.777990
1.466961
1.182652
1.657602
1.907109
1.750805
1.739069
1.705738
1.931692
1.941724
1.889760
1.626563
1.443884
1.342037
1.651236
1.923136
1.815497
1.914067
1.741553
1.387952
1.992873
1.362898
1.400940
1.823295
1.372390
1.934193
1.620557
1.636468
1.811168
1.596229
1.787491
1.570862
1.968283
1.487750
1.637726
1.673813
1.832011
1.474558
1.812434
1.887935
1.730093
0.988172
1.490177
1.882813
1.432498
1.330337
1.313858
1.836931
1.732402
1.048910
1.654862
1.711861
1.779074
1.458986
1.991136
1.592208
1.088471
1.736521
1.880763
1.332447
1.751498
1.579355
1.551771
1.697824
1.190803
1.152536
1.993294
1.459030
1.863821
1.447686
1.761200
1.768773
1.401950
1.821091
1.775233
1.781569
1.316509
1.685500
1.615003
1.630284
1.857267
1.369821
1.469963
1.824014
1.656481
1.798602
1.197771
1.446207
1.266846
1.520854
1.793204
1.838357
1.758939
1.904172
1.872202
1.170566
1.560096
1.752099
1.942115
1.775084
1.982395
1.801425
1.577583
1.964486
1.024976
1.438623
1.381539
1.617773
1.781873
1.972601
1.310913
1.932533
1.703303
1.628012
1.714540
1.885923
1.634238
1.383517
1.818094
1.580524
1.213839
1.212029
1.879372
1.648736
1.081719
1.354114
1.813361
1.732453
1.609458
1.632658
1.073269
1.416168
1.664209
1.338664
1.978175
1.773965
1.688031
1.330396
1.367889
1.565686
1.713880
1.660931
1.816158
1.061707
1.374708
1.290792
1.593200
1.993919
1.551554
1.563387
1.375055
1.611677
1.264144
1.570531
1.793367
1.811747
1.830121
1.847453
1.708414
1.799543
1.290079
1.557737
1.562535
1.577427
1.880846
1.987868
1.782760
1.786218
1.927890
1.542744
1.850817
1.531790
1.315452
1.852404
1.326252
1.332118
0.981362
1.869284
1.798926
1.360301
1.686064
1.990527
1.189450
1.978610
1.481050
1.413956
1.668590
1.352691
1.769411
1.890752
1.623484
1.349207
1.876534
1.565837
1.751946
1.975726
1.887156
1.563274
1.394716
1.522688
1.645261
1.932250
1.331189
1.747864
1.093063
1.869270
1.907070
1.714101
1.929924
1.391282
1.683299
1.855080
1.392828
1.913433
1.501820
1.850044
1.989165
1.872881
1.853930
1.814629
1.429205
1.163186
1.513108
1.607469
1.508102
1.128140
1.246908
1.431460
1.801236
1.908414
1.918683
1.005723
1.146892
1.864570
1.847740
1.212407
1.918270
1.328372
1.747298
1.432261
1.669875
1.579363
1.951088
1.817319
1.585932
1.360438
1.525275
1.999548
1.747825
1.762237
1.855536
1.243759
1.897326
1.836584
1.440172
1.629396
1.836687
1.410091
1.805007
1.434085
1.696152
1.808492
1.545555
1.140968
1.474174
1.617243
1.349357
1.172658
1.745631
1.068299
1.107516
1.997275
1.508184
1.839105
1.904681
1.423622
1.268533
1.390614
1.590396
1.266247
1.411149
1.818650
1.406544
1.528868
1.887664
1.580101
1.430230
1.209678
1.611625
1.632828
1.869666
1.246922
1.565955
1.888961
1.363686
1.631476
1.327202
1.947073
1.822339
1.979835
1.553792
1.750583
1.207762
1.898776
1.995118
1.335765
1.418378
1.830555
1.653339
1.570045
1.418157
1.829683
0.974401
1.610707
1.768548
1.756026
1.541203
1.376428
1.582566
1.991244
1.900180
1.055809
1.756250
1.649882
1.645728
1.652056
1.898519
1.793032
1.411334
1.798459
1.965058
1.054599
1.312474
1.559292
1.300067
1.870180
1.076957
1.030420
1.103778
1.624278
0.946495
1.814616
1.195731
1.139679
1.946162
1.398908
1.419379
1.829789
1.205035
1.180124
1.829570
1.385528
1.601607
1.675224
1.454344
1.887762
1.694139
1.888675
1.018634
1.242020
0.941343
1.554194
1.940666
1.940525
1.370004
1.415941
1.509566
1.296071
1.462921
1.196471
1.104783
1.269376
1.798254
1.487549
1.498434
1.680440
1.857924
1.080968
1.824801
1.674225
1.351860
1.672102
1.821801
1.721659
1.385380
1.529057
1.881651
1.645750
1.958630
1.300243
1.223119
1.475644
1.524850
1.093359
1.990095
1.327204
1.356073
1.710065
1.624457
1.594130
1.636618
1.283445
1.063464
1.547775
1.778988
1.021946
1.533369
1.034788
1.348273
1.191103
1.010938
1.539952
1.755558
1.820533
1.514586
1.018240
1.951162
1.689682
1.813277
1.546967
1.535254
1.800530
1.874055
1.441329
1.842732
1.357605
1.616892
1.150788
1.771050
1.605867
1.108044
1.900050
1.434232
1.535204
1.462944
1.250372
1.235049
1.425976
1.158352
1.154802
1.470052
1.243339
1.668501
1.205628
1.370944
1.881995
1.363949
1.569656
1.785799
1.078788
1.655880
1.842120
1.130907
1.518610
1.589520
1.775469
1.220504
1.679984
1.176404
1.550239
1.703241
1.126902
1.986890
1.544364
1.704053
1.706212
1.925389
1.787468
1.996257
1.443010
1.611092
1.153311
1.348229
1.359220
1.413418
1.124850
1.967088
1.954499
1.027445
1.624117
1.627263
1.824098
1.232219
1.130770
1.676833
1.937137
1.865031
1.585413
1.926738
1.652300
1.701169
1.423934
1.220446
1.073699
1.752987
1.316225
1.786537
1.069776
1.854332
1.465442
1.343706
1.686567
1.726192
1.942080
0.891531
1.484915
1.934271
1.314116
0.997232
1.201341
1.792040
1.248855
1.514563
1.672483
0.955252
1.751739
1.634303
0.990470
1.701649
1.908683
1.445783
1.635916
0.864888
1.935124
0.926516
1.120297
1.642564
1.603401
1.603047
1.727113
1.474751
1.067304
1.387724
1.682238
1.419013
1.130054
1.079636
0.859599
1.610521
1.544509
1.513099
1.111531
1.538066
1.734546
1.900940
1.953754
0.932904
1.614442
0.938990
1.590914
1.201733
0.980166
1.765262
1.858258
1.684140
1.571681
1.883000
1.733456
1.051546
1.173502
1.667114
