1.946200
1.907995
1.395161
1.593540
1.965225
1.763162
1.723210
1.206218
1.667510
1.868854
1.885177
1.931702
1.809735
1.508200
1.872497
1.682888
1.649115
1.938816
1.772149
1.130101
1.891363
1.964313
1.497665
1.853869
1.968110
1.814557
1.419478
1.636344
1.513953
1.065316
1.920195
1.752088
1.790993
1.180439
1.617204
1.444770
1.909667
1.616403
1.930846
1.936642
1.660658
1.551696
1.863856
1.935992
1.743649
1.557911
1.849440
1.748868
1.565224
1.244386
1.330225
1.492607
1.219729
1.605033
1.416487
1.939677
1.484326
1.701996
1.780740
1.839220
1.614752
1.650217
1.707546
1.312623
1.816854
1.345831
1.503375
1.712094
1.332719
1.985721
1.849533
1.346658
1.611897
1.515469
1.999379
1.261193
1.875674
1.715441
1.814290
1.596350
1.586200
1.372380
1.642058
1.057625
1.601380
1.642912
1.417059
1.220451
1.432267
1.844856
1.975159
1.654536
1.425771
1.555949
1.374497
1.897151
1.281280
1.349641
1.913534
1.796762
1.244953
1.794055
1.692690
1.679236
1.659109
1.848790
1.971665
1.837146
1.454290
1.826304
1.798117
1.636852
1.629980
1.496918
1.901116
1.106643
1.528455
1.956546
1.324793
1.965630
1.413447
1.047077
1.742444
1.885505
1.228398
1.989026
1.873142
1.586893
1.271841
1.992843
1.815199
1.936077
1.624122
1.802887
1.603445
1.398241
1.332042
1.927857
1.965080
1.521122
1.981346
1.616697
1.955151
1.317189
1.798483
1.742249
1.581336
1.720772
1.985847
1.982277
1.658800
1.539369
1.058361
1.835604
1.369268
1.388756
1.196510
1.648668
1.748247
1.603797
1.075332
1.703926
1.657026
1.569937
1.628233
1.667687
1.473300
1.320487
1.694866
1.902503
1.445214
1.765719
1.562153
1.380170
1.107366
1.652041
1.859997
1.354258
1.442773
1.573458
1.723384
1.667549
1.172393
1.950337
1.650018
1.168369
1.209600
1.374340
1.253161
1.270245
1.893606
1.951191
1.393131
1.735542
1.933722
1.418365
1.825127
1.579217
1.189354
1.973150
1.618039
1.733434
1.087293
1.877748
1.867869
1.835045
1.789780
1.467683
1.715656
0.917047
1.237154
1.381169
1.295925
1.519850
1.731936
1.909183
1.624415
1.769554
1.679335
1.141231
1.418112
1.890576
1.755084
1.813250
1.287431
1.617456
1.143072
1.473918
1.454857
1.574197
1.719676
1.877181
1.840045
1.474056
1.376606
1.139730
1.896757
0.802703
1.217400
1.853407
1.274499
1.632402
1.209849
1.690223
1.696914
1.722555
1.637153
1.702503
1.825273
1.529382
1.213209
1.739750
1.996596
1.605107
1.960812
1.881707
1.226028
1.544838
1.050995
1.406445
1.259986
1.908589
1.836504
1.186021
1.674600
1.493459
1.530423
1.395526
1.371747
1.127493
1.325871
1.957320
1.584604
1.700990
1.805354
1.089764
1.057590
1.234200
1.304615
1.182152
1.562745
1.282671
1.817425
1.350642
1.483473
1.842263
1.674945
1.292796
1.798537
1.987548
1.062023
1.447372
1.884680
1.431017
1.158555
1.408299
1.665163
1.916625
1.365610
1.758510
1.120905
1.565707
1.758102
1.592830
1.408173
1.804441
1.756390
1.491193
1.979655
1.440303
1.745246
1.166453
1.869478
1.932963
1.361941
1.828743
1.137044
1.919789
1.798236
1.876835
1.973048
0.940899
1.976412
1.050653
1.662658
1.681560
1.963349
1.727803
1.959865
1.084347
1.144045
1.781246
1.179323
1.737736
1.773740
1.012400
1.489737
1.292025
1.331414
1.277758
1.748403
0.966864
1.449820
1.668409
1.142437
1.783018
1.800690
1.337923
1.182463
1.976112
1.056174
1.714026
1.290872
0.918918
1.242795
1.751096
1.965442
1.380081
1.256598
1.635980
1.399922
1.877074
1.876372
1.168509
1.292995
1.388575
1.251309
1.992955
1.374341
0.963734
1.338173
1.188758
1.697960
1.699305
1.052404
1.142677
1.425899
1.666842
1.631592
1.425603
1.346822
1.867647
1.012141
1.524902
0.863850
1.446940
1.507448
1.480079
1.801420
1.179073
1.412255
1.509617
1.129945
1.818358
1.932948
0.821160
0.961257
1.343586
0.952802
1.741333
1.636068
1.851897
0.951679
1.896991
1.477556
1.561198
1.980354
1.787366
1.335263
1.537576
1.021046
1.403611
0.835629
1.445450
0.851374
0.815476
0.982991
1.769550
1.067645
1.732917
