1.988915
1.905846
1.949707
1.918132
1.762903
1.867206
1.774262
1.893959
1.997999
1.874258
1.834612
1.761824
1.776390
1.806717
1.729467
1.763986
1.868240
1.976058
1.845400
1.700811
1.834467
1.704440
1.722168
1.897078
1.739595
1.985149
1.867814
1.808710
1.657844
1.995611
1.780048
1.558007
1.908810
1.903066
1.933208
1.991260
1.827190
1.530990
1.840963
1.956578
1.910910
1.609759
1.823463
1.942647
1.810968
1.720996
1.867929
1.971517
1.741338
1.834173
1.606005
1.689167
1.678198
1.900129
1.611801
1.781682
1.405556
1.862168
1.953144
1.996933
1.457612
1.499411
1.942706
1.572907
1.791367
1.830428
1.788308
1.805572
1.700566
1.717959
1.737730
1.627328
1.764581
1.787619
1.887233
1.740019
1.905488
1.678328
1.894330
1.991286
1.845187
1.586885
1.796012
1.531667
1.728806
1.986526
1.999053
1.826369
1.682009
1.817021
1.811420
1.537407
1.520799
1.999781
1.577324
1.804536
1.525472
1.994614
1.830938
1.442480
1.582215
1.627104
1.546711
1.487815
1.761059
1.951599
1.931695
1.893925
1.519252
1.775792
1.976606
1.438515
1.872944
1.485413
1.823740
1.780415
1.909530
1.755685
1.989009
1.675667
1.787501
1.796254
1.577277
1.956154
1.490223
1.519176
1.486732
1.422711
1.871420
1.458636
1.638586
1.440972
1.503569
1.528705
1.809485
1.601230
1.626096
1.651671
1.488350
1.510024
1.721984
1.874435
1.808761
1.958674
1.882927
1.930538
1.838691
1.508837
1.989115
1.824846
1.528800
1.873780
1.677952
1.811864
1.883973
1.904117
1.238153
1.908351
1.879082
1.929774
1.760402
1.836275
1.716623
1.618931
1.483880
1.657256
1.623967
1.798314
1.247502
