1.974986
1.733946
1.546858
1.716147
1.198041
1.852505
1.933075
1.599923
1.880970
1.772336
1.540133
1.890042
1.846024
1.572510
1.640384
1.859954
1.248036
1.796810
1.719726
1.380248
1.475565
1.571814
1.431041
1.816300
1.832245
1.997412
1.532545
1.534298
1.556672
1.860725
1.560160
1.663136
1.996161
1.917778
1.895777
1.769027
1.823375
1.199976
1.908829
1.836356
1.870091
1.477666
1.914941
1.458844
1.997837
1.995444
1.894062
1.760774
1.979630
1.800921
1.947206
1.896390
1.965263
1.966351
1.745466
1.949305
1.681079
1.345815
1.990146
1.518640
1.420159
1.188473
1.845192
1.450320
1.809370
1.638898
1.869633
1.763134
1.318148
1.557411
1.904013
1.820283
1.718875
1.891971
1.648365
1.863612
1.555438
1.958506
1.646232
1.850026
1.900209
1.708919
1.113502
1.628174
1.977457
1.188047
1.604124
1.628694
1.780614
1.206990
1.972570
1.739283
1.902036
1.943823
0.985525
1.447708
1.966077
1.373957
1.294248
1.413810
1.373029
1.859457
1.894302
1.723505
1.083827
1.562258
1.435201
1.327545
1.912772
1.603399
1.597782
1.812080
1.459992
1.686816
1.996819
1.428228
1.994558
1.837349
1.813012
1.939477
1.343264
1.588449
1.980746
1.815484
1.914620
1.465217
1.856573
1.544197
1.816147
1.941276
1.636786
1.165192
1.977800
1.978881
1.570029
1.971419
1.156416
1.728368
1.398173
1.925376
1.689381
1.646310
1.274438
1.364792
1.377508
1.325750
1.841917
1.737525
1.504601
1.809389
1.637749
1.425258
1.963832
1.780765
1.453544
1.409532
1.466615
1.513805
1.999713
1.968233
1.221958
1.838998
1.850557
1.573990
1.542535
1.950691
1.867545
1.660066
1.604260
1.559965
1.924017
1.561016
1.905186
1.484786
1.984239
1.563627
1.895163
1.685405
1.578299
1.682960
1.604842
1.192583
1.868668
1.519927
1.742379
1.506275
1.975220
1.659587
1.248867
1.755349
1.408532
1.993829
1.822485
1.221687
1.796740
1.752668
1.545762
1.678071
1.303161
1.485932
1.332716
1.656432
1.756106
1.390189
1.638504
1.282204
1.367591
1.402544
1.714278
1.672371
1.968329
1.705166
1.221675
1.372108
1.620554
1.465097
0.946921
1.307773
1.826748
1.546853
1.768440
1.796950
1.320598
1.446165
1.627882
1.417602
1.532875
1.765320
1.742057
1.162763
1.468451
1.741126
1.738779
1.967630
1.955252
1.721126
1.271032
1.614323
1.605416
1.286309
1.779982
1.980728
1.109968
1.898973
1.963030
1.645307
1.692624
1.682279
1.812325
1.905058
1.353268
1.625910
1.900777
1.390021
1.465872
1.371733
1.967983
1.612776
1.257114
1.978969
1.172599
1.507046
1.550408
1.717566
1.926121
1.756092
1.986627
1.696696
1.506759
1.943125
1.127316
1.493434
1.865324
1.916630
1.091034
1.434085
1.085169
1.769457
1.490930
1.856066
1.914713
0.954025
1.992624
1.190335
1.548783
1.908722
1.904774
1.813140
1.570940
1.283288
1.871467
1.037270
1.446611
1.702492
1.339337
1.965737
1.493064
1.777340
1.600909
1.475545
1.554673
1.853564
1.775357
1.897613
1.539327
1.115787
1.590399
1.465615
1.879362
1.289483
1.440530
0.962809
1.942852
1.962708
1.638076
0.982743
1.460875
1.941276
1.268767
1.117498
1.202096
1.700681
1.931440
0.979990
1.736820
1.400392
1.690031
0.847429
1.332836
1.915148
1.650331
1.673880
1.603763
1.639352
1.070332
1.862458
1.878365
1.393576
1.181119
1.439539
1.627360
1.954431
1.459538
1.394165
1.531450
1.879725
1.909604
1.765598
1.997415
1.513817
1.110683
1.653365
1.444866
1.516971
1.887813
1.761273
1.307948
1.954111
0.845891
1.960724
1.754392
1.220828
1.490875
1.365015
1.739921
1.323853
1.894603
1.206133
1.459198
1.767658
1.147484
1.893743
1.411672
1.154974
1.275837
1.434826
1.602525
1.764426
1.853866
1.666298
1.158178
1.870534
1.809463
1.373819
1.660699
1.272437
1.433876
1.551529
1.272186
1.920981
1.621044
1.733875
1.547471
1.973226
1.912402
1.249640
1.627813
1.477095
1.471928
1.803399
1.382021
1.993011
1.001848
1.573094
1.779500
1.474880
1.544312
1.432846
1.682294
1.633525
1.819579
1.084802
1.703050
1.988901
1.942973
1.817521
1.030358
1.198462
1.248375
1.846987
1.059247
1.553893
1.570996
1.759029
1.704523
1.902316
1.697468
1.002854
1.503021
1.920316
1.616878
1.141454
1.205638
1.585818
1.246437
1.354112
1.561924
1.020820
0.961730
1.301102
1.577921
1.617112
1.521286
1.587566
1.151365
1.893328
1.857564
1.603237
1.367185
1.732095
1.464263
1.128150
1.504685
1.884347
1.525227
1.131453
1.977292
1.126089
1.320201
1.323285
0.937596
1.888684
1.079094
1.255602
1.247135
1.055992
1.726404
1.897126
1.983771
1.692762
1.712286
1.880651
1.097045
1.725111
1.263555
1.478976
1.972397
1.737537
1.923638
1.718279
1.755892
1.259874
1.861906
1.275679
1.472610
1.118847
0.973468
1.718114
1.970875
1.723396
1.932498
1.489358
1.372625
1.371288
1.313100
1.279672
1.557580
1.826539
0.933419
1.135984
1.482503
1.411136
0.968721
1.608590
1.904801
1.176638
1.739835
0.896720
1.339501
1.201428
1.225517
1.996981
1.243926
1.653839
1.697436
1.738308
1.458549
1.449578
1.662225
1.703017
1.790915
1.657053
1.693923
1.631962
1.983809
1.236519
1.608212
1.273268
1.804954
1.872219
1.610750
1.324599
1.160110
1.778140
1.662120
1.498754
1.669924
1.768457
1.624351
1.977700
1.142367
1.788992
0.980905
0.823153
1.745161
1.975730
0.878083
1.107917
1.678534
1.852202
1.993429
1.970859
1.402346
1.582374
1.403585
1.635978
1.651920
1.484054
0.834464
1.967913
1.589033
1.681384
1.262010
1.896359
0.980451
1.452386
1.821305
1.754792
1.966063
1.203329
1.441400
1.625785
1.701789
1.763204
1.124165
1.301407
1.247245
1.202800
1.710723
1.175958
1.456702
1.996470
1.338503
1.766590
1.256275
1.557054
1.814275
1.665507
1.131284
1.427311
1.456693
1.750373
1.008815
1.212553
1.942495
1.963000
1.753147
1.493470
1.182589
1.204578
1.862453
1.609627
1.674470
1.690851
1.899897
1.729978
1.731091
1.539900
1.482592
1.992524
1.643662
