1.844655
1.612292
1.698585
1.805552
1.776929
1.546609
1.766348
1.833429
1.475924
1.403553
1.756470
1.569860
1.717591
1.664292
1.821451
1.530042
1.871892
1.637750
1.678072
1.914616
1.881160
1.585202
1.443182
1.933635
1.334641
1.579601
1.926659
1.333166
1.755166
1.484740
1.563188
1.185415
1.856914
1.761259
1.424125
1.932181
1.476080
1.374431
1.927966
1.288032
1.646818
1.403308
1.674000
1.735970
1.800737
1.910404
1.523854
1.885048
1.322071
1.978892
1.975738
1.663421
1.412188
1.467303
1.441026
1.939610
1.453314
1.325777
1.572998
1.324140
1.946848
1.626477
1.420018
1.805558
1.980420
1.760554
1.841993
1.973392
1.900948
1.916307
1.889259
1.638874
1.404012
1.958124
1.538418
1.963869
1.723455
1.372484
1.666696
1.252573
1.391438
1.263077
1.696393
1.934467
1.492022
1.708143
1.963553
1.171785
1.117040
1.018510
1.837595
1.665080
1.907090
1.331596
1.234459
1.796120
1.615046
1.885495
1.550586
1.664113
1.315008
1.508713
1.858533
1.833996
1.791940
1.614334
1.514704
1.906520
1.475379
1.915880
1.968435
1.801811
1.521120
1.875335
1.120312
1.855871
1.424693
1.567370
1.440345
1.320145
1.730597
1.062910
1.390312
1.675105
1.895721
1.833690
1.781702
1.482139
1.970268
1.634219
1.430684
1.638636
1.699845
1.337279
1.335589
1.878918
1.390947
1.858291
1.786216
1.424410
1.521798
1.980449
1.230790
1.279108
1.954610
0.988893
1.840044
1.783581
1.779711
1.452052
1.895851
1.318957
1.140223
1.118683
1.734456
1.845957
1.582226
1.715221
1.499292
1.767406
1.254670
1.925786
1.319857
1.641555
1.900930
1.948325
1.953922
1.767681
1.528708
1.591382
1.373290
1.896468
1.132832
1.762184
1.042976
1.252298
1.906719
1.909141
1.609913
1.536727
1.218464
1.624110
1.212496
1.743580
1.324806
1.681793
1.366234
1.590108
1.368051
0.986224
1.599318
1.725626
1.347276
1.415784
1.505837
1.127456
1.848500
1.833206
1.678207
1.775179
1.672590
1.917133
1.925513
1.407481
1.734226
1.084841
1.424150
1.990998
1.725471
1.632004
1.784711
1.803404
1.459859
1.481929
1.374694
1.519079
1.079762
1.731654
1.611915
1.146909
1.760583
1.470003
1.488685
1.920898
1.468766
1.958386
1.943351
1.888841
1.160887
1.028626
1.294074
1.337057
1.913310
1.681309
1.380162
1.092172
1.080527
1.033485
1.897644
1.597198
1.500413
1.784679
1.248714
1.709773
1.885902
1.108317
1.640125
1.919061
1.455452
1.236461
1.428124
1.432492
0.745895
1.387843
1.993391
1.802936
1.311864
1.253770
1.875766
1.034156
1.958007
1.970443
1.828644
1.650749
1.445539
1.145163
1.877447
1.875591
1.892277
1.577893
1.582947
1.668355
1.859301
1.327049
1.240922
1.646782
1.776661
1.844079
1.376123
1.559147
1.971303
1.682642
1.649548
1.848545
1.839733
1.403779
1.075148
1.595411
1.552928
1.389318
1.750664
1.394553
1.729831
1.532778
1.452288
1.015834
1.556656
1.215805
1.616889
1.542870
1.972266
1.931820
1.953075
0.970139
1.908456
1.091660
1.903650
1.859920
1.495447
1.949237
1.443658
1.557570
1.464759
1.366722
1.993140
1.754694
1.890855
1.223763
1.820738
1.170169
1.621044
1.675000
1.883212
1.716202
1.738760
1.944037
1.615685
1.845396
1.972068
1.379983
1.572082
1.158888
1.947322
1.545059
1.765756
1.798308
1.068504
1.822457
1.930655
1.371001
1.769179
1.931809
1.575626
1.267197
1.768193
1.652125
1.829763
1.336566
1.605678
1.057126
1.986451
1.533154
1.484820
1.205772
1.814570
1.633173
1.183913
1.485725
1.093923
1.362580
1.484400
0.966625
1.566302
1.908996
1.264687
1.498872
1.961336
1.740232
1.974580
1.372744
1.428396
1.610862
0.881807
1.740565
0.830786
1.544311
1.022171
1.627866
1.942355
1.501160
1.990824
1.936403
1.092280
1.992848
1.215604
1.468080
1.031735
1.522869
1.982187
1.353578
0.939617
1.373299
1.020401
1.465456
1.274431
1.758289
1.141786
1.658094
1.476759
1.777862
1.230510
1.811305
1.036776
1.849527
1.570074
1.926935
1.944676
1.828722
1.259532
1.744830
1.383116
1.955310
1.370926
1.860572
1.658387
1.732240
1.293332
1.565773
1.979564
1.357763
1.295609
1.521681
1.108454
1.342391
1.467422
1.493340
1.713454
1.930954
1.312569
1.508928
1.848335
1.691762
1.534768
1.584860
1.426870
1.554042
1.108827
1.724767
1.180262
1.142032
1.359176
1.873120
1.253588
1.984210
1.682716
1.609362
1.858523
0.996773
1.303467
1.799434
1.413773
1.602822
1.072419
1.137950
1.293877
1.470186
1.415964
1.316829
1.033469
0.998578
1.685307
1.527754
1.582537
1.925664
1.831993
1.015809
1.223776
1.900769
0.884780
1.155350
1.871965
1.739289
1.225250
1.755664
1.767227
1.558428
1.671513
1.553144
1.446228
1.268200
1.955993
