1.524612
1.804550
1.358463
1.850274
1.491312
1.790447
1.782206
1.460012
1.855203
1.638405
1.941243
1.863375
1.006805
1.580823
1.715048
1.690542
1.920334
1.509774
1.947347
1.254987
1.838573
1.492445
1.270609
1.748082
1.553094
1.805074
1.634925
1.645148
1.835442
1.231772
1.669295
1.402927
1.970180
1.725980
1.700485
1.983745
1.402503
1.540428
1.378975
1.477669
1.557796
1.615506
1.804641
1.263320
1.664021
1.509313
1.363262
1.865442
1.560232
1.851318
1.737328
1.786056
1.310575
1.971148
1.748482
1.538355
1.152359
1.689817
1.894880
1.552098
1.596359
1.661482
1.729149
1.943159
1.346438
1.571964
1.606091
1.763164
1.789075
1.534148
1.663572
1.602898
1.366796
1.909049
1.327667
1.973815
1.752861
1.729104
1.594646
1.768004
1.676042
1.609766
1.828406
1.471328
1.835152
1.945531
1.292571
1.791768
1.899803
1.969489
1.272292
1.789976
1.110357
1.331060
1.576803
1.241698
1.703189
1.603649
1.528247
1.929162
1.067938
1.696695
1.907427
1.422598
1.769781
1.881247
1.778226
1.424074
1.654244
1.520587
1.578495
1.587622
1.204941
1.528990
1.685825
1.944649
1.655128
1.332331
1.552265
1.819219
1.122232
1.373762
1.916574
1.909113
1.051582
1.604037
1.280310
1.959476
1.451070
1.581120
1.919188
1.708532
1.530097
1.295107
1.231320
1.768409
1.894333
1.047690
1.448547
1.884625
1.843429
1.877188
1.556147
1.973862
1.521716
1.262636
1.993197
1.573575
1.432814
1.909521
1.637440
1.629639
1.682673
1.592237
1.881801
1.884402
1.812712
1.534667
1.701007
1.392549
1.997400
1.104948
1.098858
1.136844
1.892696
1.499220
1.834505
1.881208
1.536682
1.266294
1.865070
1.937936
1.957954
1.321797
1.929623
1.212330
1.297917
1.732725
1.586467
1.959567
0.906972
1.161279
1.923539
1.441995
1.797199
1.550807
1.791067
1.958486
1.363674
1.959953
1.600261
1.745939
1.987975
1.696088
1.214011
1.579936
1.580038
1.157597
1.126814
1.841629
1.532861
1.454073
1.498902
1.291411
1.201021
1.330854
1.128183
1.273725
0.827390
1.186076
1.112618
1.740727
1.525661
1.311404
1.988503
0.943323
1.992387
1.860670
1.084505
1.774455
1.822813
0.834659
1.338795
1.633997
1.067343
1.656818
1.406112
1.939124
1.279351
1.074678
1.714175
1.994953
1.974432
1.844776
1.751032
1.324988
1.711789
1.588221
