1.817903
1.848107
1.842372
1.840108
1.997238
1.891730
1.792959
1.907477
1.919748
1.795093
1.956991
1.888545
1.742078
1.759249
1.873283
1.744026
1.995184
1.808911
1.744645
1.904506
1.834120
1.978104
1.822572
1.914016
1.925970
1.754855
1.753293
1.967611
1.977157
1.880548
1.961896
1.972905
1.778690
1.710159
1.985414
1.758105
1.603083
1.706475
1.972622
1.788596
1.944636
1.927784
1.950200
1.720113
1.828500
1.997696
1.878451
1.998910
1.700331
1.649858
1.775809
1.743706
1.913750
1.633363
1.829274
1.984469
1.934571
1.709288
1.788158
1.897836
1.753342
1.807727
1.588441
1.790242
1.622239
1.971349
1.614939
1.987260
1.683696
1.970590
1.621822
1.842412
1.479315
1.773345
1.943178
1.934566
1.991457
1.693490
1.828772
1.865527
1.842690
1.943351
1.841184
1.633709
1.780915
1.618380
1.627305
1.542791
1.726855
1.960958
1.899865
1.880492
1.511922
1.874500
1.787158
1.957754
1.565026
1.640721
1.988596
1.867399
1.977647
1.850340
1.696797
1.770976
1.875287
1.620477
1.815837
1.765866
1.703797
1.444914
1.692483
1.667608
1.473842
1.988116
1.824299
1.744679
1.891413
1.529613
1.731295
1.459435
1.620686
1.668721
1.802586
1.514967
1.711100
1.557421
1.739441
1.845448
1.345228
1.930549
1.686020
1.898902
1.802974
1.648282
1.591650
1.719879
1.686469
1.969534
1.473872
1.766233
1.616889
1.893359
1.703163
1.805766
1.951201
1.660055
1.567117
1.694360
1.769968
1.771944
1.643263
1.935319
1.614538
1.563465
1.524538
1.562530
1.571942
1.741044
1.825862
1.572252
1.742523
1.530773
1.594965
1.802338
1.422389
1.941078
1.315534
1.995157
1.357614
1.854412
1.504062
1.893325
1.522971
1.249582
1.619859
1.738740
1.822567
1.929407
1.833214
1.935421
1.866222
1.518212
1.888261
1.850988
1.553871
