1.849445
1.998193
1.974428
1.902121
1.954324
1.872472
1.897838
1.985092
1.794864
1.955928
1.588891
1.788019
1.924021
1.920130
1.665611
1.346668
1.917392
1.716107
1.909421
1.985065
1.976843
1.874923
1.846429
1.918223
1.897307
1.780531
1.882615
1.805834
1.948505
1.772931
1.965586
1.962058
1.611520
1.988189
1.741885
1.618000
1.544283
1.944746
1.627376
1.663298
1.758869
1.699124
1.910182
1.749883
1.756789
1.662236
1.930199
1.718137
1.590610
1.792362
1.782760
1.481709
1.733849
1.555861
1.715319
1.588848
1.790155
1.746903
1.916117
1.719109
1.769752
1.792926
1.585758
1.667816
1.674887
1.936726
1.644428
1.933514
1.912997
1.541073
1.689093
1.953991
1.601811
1.855544
1.965909
1.646439
1.943661
1.567969
1.737196
1.651442
1.853359
1.928528
1.851621
1.359844
1.854193
1.814266
1.423981
1.832539
