1.968496
1.980435
1.929119
1.978584
1.964219
1.917101
1.886255
1.974982
1.940705
1.873363
1.960235
1.829141
1.953066
1.934774
1.869554
1.991522
1.864325
1.958043
1.980142
1.972722
1.829892
1.951993
1.750828
1.847301
1.991048
1.799961
1.912676
1.948820
1.693617
1.879203
1.603077
1.972550
1.682544
1.740030
1.798100
1.835045
1.843883
1.657959
1.854204
1.780451
1.846242
1.668414
1.959873
1.980054
1.789486
1.814179
1.704128
1.612717
1.722009
1.954798
1.733763
1.972457
1.811246
1.692776
1.553067
1.963878
1.909692
1.951742
1.708060
1.955275
1.981092
1.648057
1.616121
1.688663
1.765657
1.702043
1.956732
1.761711
1.695624
1.917270
1.839387
1.565653
1.806648
1.868811
1.994470
1.902028
1.818567
1.588522
1.790325
1.872323
1.859948
1.660219
1.964369
1.859342
1.818191
1.839237
1.939742
1.965130
1.805467
1.648313
1.746289
1.502081
1.780308
1.956456
1.453255
1.983332
1.912989
1.859849
1.756138
1.726787
1.510465
1.819471
1.880593
1.686764
1.855519
1.706208
1.584496
1.780930
1.828274
1.679969
1.835029
1.996516
1.850257
1.567785
1.683317
1.735881
1.517267
1.894793
1.825547
1.780488
1.877577
1.983831
1.835069
1.788075
1.779348
1.672174
1.817812
1.850251
1.290066
1.785803
1.994839
1.759980
1.393454
1.436454
1.412837
1.471901
1.983228
1.653641
1.964949
1.708818
1.783106
1.752211
1.357771
1.543566
1.714396
1.800926
1.982606
1.590333
1.747719
1.967963
1.982947
1.836549
1.872802
1.231953
1.396076
1.477295
1.940276
1.325832
1.656166
1.856070
1.901096
1.541307
1.956709
1.833061
1.899100
1.937729
1.583893
1.662888
1.963498
1.614464
1.746882
1.915429
1.904551
1.926745
