1.893339
1.914925
1.995780
1.950608
1.931771
1.841552
1.962401
1.939721
1.989370
1.884059
1.849042
1.982159
1.943498
1.963665
1.968031
1.749153
1.953124
1.945921
1.961039
1.917229
1.901116
1.966661
1.867694
1.940832
1.992736
1.912583
1.942593
1.941745
1.779923
1.838594
1.936864
1.751056
1.803142
1.804911
1.995976
1.943764
1.672059
1.963572
1.875348
1.787713
1.829522
1.608242
1.842456
1.907072
1.857662
1.692431
1.917610
1.944333
1.849622
1.812244
1.789281
1.866169
1.894427
1.998357
1.803862
1.758793
1.825457
1.990637
1.956103
1.547180
1.682081
1.709411
1.764412
1.561921
1.908270
1.938949
1.680311
1.564311
1.709135
1.853643
1.855460
1.668767
1.719996
1.959205
1.777270
1.826127
1.627532
1.995057
1.750467
1.843535
1.718856
1.969180
1.518867
1.973575
1.714795
1.695676
1.910049
1.989046
1.836710
1.905973
1.981710
1.797614
1.791483
1.902254
1.773273
1.835875
1.638493
1.726580
1.987102
1.731103
1.843697
1.700890
1.640026
1.637471
1.830953
1.655982
1.654165
1.714658
1.893609
1.523218
1.554576
1.883138
1.803343
1.579213
1.704885
1.589973
1.932378
1.783863
1.494411
1.936452
1.937467
1.850178
1.701246
1.810527
1.811599
1.379227
1.638645
1.421325
1.666210
1.880984
1.462890
1.683445
1.984872
1.961300
1.736881
1.964794
1.359385
1.638373
1.788034
1.763883
1.533365
1.834560
1.588767
1.938107
1.236739
1.735791
1.461448
1.675811
1.862806
1.818970
1.371304
1.993996
1.800717
1.930308
