1.990365
1.973106
1.953611
1.931462
1.971095
1.874531
1.868029
1.928225
1.821156
1.914586
1.986556
1.793011
1.767186
1.940860
1.783145
1.864101
1.632436
1.831278
1.808840
1.929222
1.983983
1.892574
1.979012
1.990257
1.796568
1.928250
1.707137
1.933982
1.813721
1.860315
1.626976
1.690164
1.997980
1.933267
1.745381
1.993132
1.804697
1.898437
1.803190
1.936059
1.640538
1.953678
1.644276
1.688904
1.862835
1.889127
1.674109
1.895856
1.712324
1.878865
1.639026
1.965568
1.966056
1.982682
1.941106
1.830776
1.714631
1.807846
1.647174
1.923172
1.973374
1.496111
1.924334
1.556819
1.831132
1.625419
1.767719
1.586019
1.992370
1.844563
1.592174
1.628137
1.734026
1.752183
1.940468
1.773902
1.322395
1.898070
1.994073
1.827738
1.933360
1.475244
1.763066
1.954717
1.717493
1.732614
1.911280
1.487940
1.758518
1.422424
1.541445
1.676113
1.715412
1.715829
1.533459
1.570645
1.867385
1.467311
1.945369
1.984080
1.758174
1.804649
1.942890
1.481766
1.671106
1.640110
1.623978
1.712765
1.811136
1.582371
1.387319
1.684023
1.589230
1.507533
1.993793
1.876537
1.424870
1.637796
1.758095
1.671045
1.578240
1.670276
1.689204
1.814227
1.682153
1.820138
1.929828
1.434022
1.400795
1.953824
