1.996310
1.853129
1.758586
1.951255
1.540221
1.869156
1.748129
1.854223
1.978858
1.987639
1.786219
1.887104
1.808789
1.724402
1.901817
1.898455
1.818563
1.883637
1.831484
1.523527
1.980513
1.512747
1.876497
1.625729
1.790925
1.999693
1.807771
1.994584
1.812674
1.955959
1.495788
1.918277
1.652528
1.939725
1.571690
1.585228
1.677211
1.629830
1.972946
1.982535
1.805031
1.774266
1.393083
1.609313
1.792438
1.579961
1.309288
1.855666
1.587479
1.346939
1.963327
1.907020
1.954360
1.896110
1.417719
1.384290
1.877112
1.957434
1.593099
1.642994
1.691962
1.926849
1.616839
1.878163
1.938019
1.575239
1.459493
1.826579
1.949118
1.740643
1.898539
1.775300
1.897059
1.706339
1.919577
1.687687
1.815411
1.856204
1.896914
1.940095
1.304649
1.902047
1.799439
1.676257
1.972966
1.652544
1.729587
1.508409
1.697768
