1.836852
1.566483
1.992937
1.612861
1.296349
1.925324
1.752732
1.491347
1.439064
1.657789
1.588315
1.384737
1.572699
1.707560
1.626773
1.903166
1.845948
1.313868
1.724099
1.546835
1.939943
1.429948
1.477604
1.307581
1.984912
1.965628
1.755654
1.417372
1.521761
1.875537
1.822760
1.397394
1.796380
1.830335
1.295138
1.793989
1.780138
1.403947
1.818224
1.475024
1.499710
1.612302
1.392340
1.615572
1.598658
1.909744
1.750382
1.733522
1.363642
1.849511
1.156609
1.747505
1.983808
1.561497
1.850664
1.215237
1.673824
1.735414
1.284572
1.265952
1.738300
1.793931
1.560945
1.997083
1.832584
1.985681
1.515097
1.870407
1.702601
1.996801
1.339858
1.920913
1.343772
1.991771
1.214160
1.709204
1.863098
1.996944
1.138788
1.225255
1.641171
1.938865
1.758500
1.097033
1.537958
1.361799
1.865343
1.223199
1.642953
1.527576
1.878868
1.252013
1.572037
1.942823
0.919223
1.975151
1.665113
1.474415
1.537705
1.387771
1.428908
1.686426
1.613173
1.779983
1.897250
1.850445
1.380408
1.779155
1.656369
1.814751
1.871996
1.716388
1.670758
1.913561
1.475597
1.282373
1.713728
1.938646
1.646293
1.728695
1.256105
1.865907
1.654791
1.597066
1.530800
1.947666
1.980869
1.893316
1.566242
1.278747
1.799479
1.689866
1.402367
1.829399
1.787164
1.907949
1.994095
1.537305
1.597407
1.714832
1.350035
1.810202
1.285616
1.747649
1.557468
1.469581
1.982476
1.952597
1.978885
1.915280
1.600969
1.145754
1.966971
0.982312
1.523728
1.719982
1.680789
1.151488
1.362332
1.986739
1.926771
1.248745
1.551169
1.650991
1.769526
1.871759
1.874352
1.848767
1.436191
1.414537
1.512925
1.784424
1.709842
1.993483
1.445239
1.793593
1.925877
1.712367
0.910762
1.298302
1.995240
1.290034
1.420046
1.561383
1.395390
1.685840
1.131217
1.264586
1.847114
1.921678
0.933253
1.903549
1.518671
1.328725
1.346127
1.224132
1.350159
1.236601
1.161301
1.955581
1.850092
1.103876
1.910842
1.628864
1.924525
1.395197
1.807124
1.596480
1.920170
1.883104
1.718120
1.322078
1.234006
1.180615
1.926855
1.835860
1.973905
1.362146
1.175144
1.641851
1.226866
1.971399
1.867487
0.814433
1.751015
1.711180
1.077832
1.540976
1.475038
1.892040
1.275978
1.760307
1.022278
1.125339
1.402635
1.284438
1.902829
1.303881
1.736238
1.776665
1.098223
1.663844
1.418131
1.238751
1.626530
1.709870
1.603556
1.462287
1.965197
1.939968
1.425167
1.916910
1.122896
1.876041
1.485329
0.960915
1.794122
1.935801
1.676854
1.018389
1.416403
1.871273
1.827865
1.133898
1.820365
0.863782
1.610892
1.815219
0.988825
1.042006
1.699143
1.042476
1.670589
1.540050
1.055335
1.262211
1.205162
1.137641
1.893958
1.590797
1.535529
0.955057
1.866569
1.569410
1.324569
1.571779
1.393535
1.441425
1.929388
1.603965
1.433356
1.251916
1.902486
1.426723
1.891972
1.349315
1.767018
1.918974
1.957696
1.360557
1.822528
1.684766
1.235642
1.818982
1.338617
1.236955
1.394750
0.949123
1.491773
1.797508
1.989306
1.494977
1.862323
1.710513
1.286522
1.538188
1.236965
1.437725
1.899008
0.837880
1.255241
1.541449
0.949346
1.148773
1.417022
0.796164
1.413685
1.566919
1.438968
1.706773
1.320591
1.941699
1.882185
1.904965
1.535523
1.012515
1.284585
1.489843
1.360668
1.727727
1.508245
1.663862
1.170829
0.968298
1.334935
1.751167
1.966789
1.345808
0.975784
1.998803
1.291550
0.903975
1.468196
1.968435
1.475580
1.875927
1.244545
1.720719
1.333473
1.442266
1.434311
1.299734
1.837953
1.649100
1.039324
1.196066
1.065706
1.724638
1.905947
1.866654
1.686978
1.245185
1.016739
1.085058
0.858941
1.132568
1.421723
1.025598
1.170896
0.987661
1.049044
1.941475
1.396795
1.863993
1.523337
0.940382
1.338621
1.730045
1.592416
1.192814
0.888849
1.899610
1.077420
1.059523
1.773914
1.861749
0.889958
1.275574
1.325626
