1.735029
1.904673
1.743908
1.678688
1.898571
1.609358
1.748246
1.801830
1.988160
1.902541
1.844547
1.954706
1.637696
1.560739
1.880066
1.946646
1.832380
1.619213
1.594375
1.906595
1.352676
1.932549
1.619478
1.910253
1.797013
1.296651
1.693489
1.958792
1.760677
1.225074
1.922985
1.691707
1.763278
1.893620
1.802325
1.452589
1.732884
1.802528
1.336962
1.800504
1.899298
1.398676
1.931428
1.467464
1.155184
1.523395
1.708023
1.768095
1.387356
1.705413
1.729712
1.909231
1.840235
1.836037
1.689874
1.443158
1.319708
1.711607
1.795770
1.860416
1.709120
1.468820
1.868368
1.767144
1.569463
1.651308
1.821944
1.305720
1.571541
1.570651
1.592373
1.769653
1.407277
1.505364
1.292819
1.994819
1.264316
1.732940
1.880478
1.760318
1.830481
1.954788
1.689704
1.076735
1.448937
1.968218
1.915562
1.795619
1.074446
1.553857
1.032485
1.480406
1.211122
1.934669
1.775854
1.561985
1.112923
1.405889
1.824923
1.273342
1.497329
1.402740
1.381137
1.618522
1.791100
1.774192
1.823616
1.870211
1.426768
1.735886
1.307986
1.759763
1.786960
1.862032
1.692862
1.959379
1.801926
1.915667
1.647377
1.999224
1.823697
1.515431
1.754850
1.180474
1.411100
1.665802
1.675110
1.141377
1.905353
1.433860
1.880912
1.856617
1.813909
1.312706
1.402483
1.980002
1.929152
1.757539
1.332155
1.557380
1.931646
1.209957
1.824932
1.374950
1.788755
1.669341
1.939829
1.770337
1.584161
1.998966
1.163723
1.781679
1.583272
1.473262
1.528087
1.486874
1.530181
1.145295
1.768610
1.360825
1.783101
1.455908
1.954227
1.368519
1.486289
1.932412
1.019891
1.933324
1.283784
1.463023
1.993119
1.536082
1.014168
1.694613
1.401306
1.570758
1.131792
1.653362
1.714910
1.265370
1.326291
1.363776
1.667627
1.044539
1.683876
1.852812
1.541995
1.941160
1.973157
1.607515
1.023771
1.951430
1.911473
1.735041
1.603378
1.696889
1.591710
1.978069
1.880450
1.792397
1.872896
1.263028
1.385349
1.447082
1.684644
1.673336
1.676907
1.770328
0.999137
1.398766
1.949729
1.592708
1.242875
1.983985
1.293870
1.771906
1.115837
1.066909
1.561046
1.711046
1.764262
1.874425
1.100156
1.397136
1.423378
1.414223
1.961564
1.399595
1.548235
1.644627
1.675085
1.950282
1.369512
1.888331
1.185992
1.563952
1.821995
1.117875
1.914001
1.353445
1.656300
0.971194
1.265581
1.525697
1.796464
1.997812
1.846164
1.925017
1.280132
1.829030
1.395828
1.770356
1.921717
1.889999
1.598680
1.833947
1.774036
1.661474
1.505427
1.811645
1.435363
1.802024
1.962656
1.995541
1.300552
1.632362
1.916477
1.305191
1.290917
1.783121
1.396611
1.987449
1.309213
1.055748
1.775808
1.955017
1.560804
1.942528
1.205973
1.365468
1.948952
1.078418
1.923446
1.727918
1.300312
1.782178
1.488752
1.133934
1.247182
1.979184
1.432327
1.131359
1.558180
1.944580
1.386943
1.200077
1.070907
1.523928
1.219770
1.511690
1.507163
1.552773
1.715418
1.601974
1.834412
1.457214
1.743203
1.283028
1.735684
1.735445
1.280952
1.646060
1.739460
1.462029
1.588132
1.175544
1.490596
1.188468
1.788242
1.671846
0.927028
0.990913
1.239919
0.909088
1.816274
1.792596
1.958615
0.937138
1.163452
1.677970
1.547312
1.773754
1.805645
1.920199
1.770730
1.228625
1.543009
1.446056
1.600033
1.627199
1.230896
1.838430
1.807265
1.684413
1.947411
1.458220
1.860565
1.486230
1.905330
1.844678
1.524627
1.933663
1.483901
1.721067
1.713512
1.870250
1.017594
1.334230
1.398694
1.532986
0.911061
1.663877
1.549652
1.469217
0.970644
1.829871
1.494445
1.937006
1.680331
1.979543
0.992812
1.992936
1.819241
1.561496
1.285808
1.466600
1.906377
1.731423
1.852905
1.783981
1.617860
1.591868
1.266084
1.112983
1.547028
1.350308
1.563183
1.235109
1.977821
1.197669
1.106486
1.781260
0.932647
0.847049
1.135456
1.864219
1.978723
1.097303
1.526881
1.623965
1.152243
1.803972
1.124227
1.915871
1.682138
1.469222
1.343800
1.735083
1.813637
1.732188
1.445098
1.077480
1.608390
1.741012
1.305705
1.242286
1.995567
1.702190
1.129041
1.741754
1.648025
1.832591
1.831878
1.793423
1.964978
1.750542
1.677316
1.193698
1.874368
1.931742
1.914791
1.781092
0.947403
1.391238
1.101985
1.177590
1.284247
1.128130
1.131841
1.461052
1.349988
1.293709
1.140874
1.508007
1.118075
1.991829
1.842889
1.904954
1.524496
1.738228
1.932648
1.395183
1.524699
1.230868
1.850624
1.756435
1.654816
1.402593
1.409445
1.088761
1.330380
1.315690
1.758413
1.941126
0.917034
1.897491
1.143592
1.830630
1.748537
1.728959
1.023423
1.021224
1.152501
1.561754
0.952217
1.646996
1.432311
1.351213
1.531681
1.568549
1.173067
1.237560
1.927999
1.975304
1.376769
1.514930
1.817045
1.011419
1.937802
1.171528
1.536935
1.175170
1.661312
1.332634
1.449386
1.875416
1.037871
1.383474
1.666782
1.635650
1.244338
1.641296
1.749164
1.406026
1.556328
1.623253
1.525595
1.213514
1.464390
1.869800
1.811410
1.870428
1.655101
1.481217
0.834929
1.522337
1.089240
1.622334
1.127948
1.480385
1.885982
0.843909
1.829456
1.732837
1.688283
1.523914
1.936812
1.390131
1.760933
1.081412
1.706051
1.930200
1.820041
1.887893
1.126661
1.961101
1.548238
1.955075
1.386653
1.531352
1.714052
1.277415
1.169084
1.320740
1.032827
1.273379
1.385116
1.304956
0.969220
1.784615
1.564206
1.159694
1.896433
1.476456
1.659933
1.196683
1.192159
1.523015
1.553052
1.526847
1.075254
1.335288
1.004392
1.548552
0.954199
1.447220
1.301112
1.821604
