1.990967
1.938710
1.746283
1.866972
1.485549
1.974634
1.958442
1.823355
1.679389
1.821465
1.935811
1.937403
1.930726
1.624727
1.976441
1.636641
1.675062
1.374280
1.475104
1.740112
1.768462
1.850043
1.997794
1.830978
1.854641
1.703614
1.947347
1.983129
1.840440
1.659476
1.453734
1.842578
1.907855
1.918096
1.875273
1.887894
1.656170
1.664723
1.864784
1.721218
1.769095
1.865000
1.735073
1.975438
1.778081
1.537014
1.487187
1.964042
1.825010
1.789075
1.703589
1.924710
1.797419
1.694867
1.962267
1.680737
1.829260
1.561901
1.995142
1.577035
1.820584
1.686309
1.993327
1.827861
1.946831
1.835131
1.995012
1.874775
1.722380
1.571727
1.505413
1.871606
1.761776
1.952194
1.952980
1.290976
1.681428
1.576534
1.822659
1.809452
1.415115
1.429707
