1.965058
1.864666
1.959988
1.964066
1.918534
1.865734
1.702899
1.913977
1.937708
1.939568
1.834166
1.938647
1.779643
1.920493
1.862145
1.922115
1.762592
1.686450
1.891863
1.968617
1.840419
1.718824
1.871541
1.677994
1.958591
1.987961
1.774057
1.923982
1.999343
1.931746
1.641669
1.719138
1.740944
1.795688
1.793303
1.983704
1.920169
1.880163
1.911605
1.938261
1.970227
1.976321
1.914631
1.782421
1.725696
1.978317
1.731201
1.820600
1.925687
1.819626
1.773366
1.793284
1.606941
1.774325
1.898228
1.949740
1.921139
1.750636
1.594051
1.814440
1.656329
1.895804
1.651602
1.987836
1.674752
1.850155
1.799375
1.554744
1.888657
1.740898
1.895862
1.722650
1.609125
1.932254
1.793031
1.668488
1.495107
1.950799
1.533141
1.932537
1.807190
1.991379
1.783242
1.716045
1.726504
1.821592
1.841217
1.536262
1.963755
1.956455
1.777005
1.949464
1.673470
1.744719
1.564397
1.750812
1.654042
1.664387
1.961893
1.550292
1.863897
1.672698
1.422914
1.297903
1.930583
1.704885
1.433680
1.855962
1.680597
1.770626
1.769816
1.612436
1.456529
1.725800
1.752225
1.374479
1.839308
1.804042
1.933239
1.511351
1.834311
1.619169
1.645669
1.656219
1.853631
1.356269
1.854234
1.451733
1.649927
1.893314
1.408356
1.766882
1.899991
1.368112
1.540205
1.862595
1.628786
1.512766
1.743631
1.984229
1.600756
1.441124
1.540259
1.309672
1.980870
1.648162
1.988985
1.567381
1.647881
1.471741
1.884709
1.653794
1.759161
1.944722
1.794011
1.699355
1.669168
1.929356
1.932721
1.501370
1.642629
