1.969840
1.988156
1.853881
1.923056
1.476120
1.880731
1.817302
1.958648
1.812993
1.765110
1.929174
1.839965
1.731539
1.850701
1.928839
1.787032
1.881009
1.935624
1.728861
1.965387
1.931434
1.531605
1.956134
1.876806
1.439513
1.840144
1.854634
1.731615
1.928293
1.800605
1.687414
1.977155
1.600559
1.970889
1.767440
1.496451
1.788099
1.889341
1.742363
1.665045
1.557646
1.793010
1.719352
1.938982
1.579217
1.619798
1.658121
1.827739
1.949391
1.687145
1.812416
1.736367
1.590365
1.905542
1.831444
1.981331
1.538912
1.804124
1.966814
1.568157
1.827729
1.840482
1.724391
1.779025
1.841041
1.826546
1.812296
1.987895
1.782010
1.846303
1.714987
1.574468
1.830942
1.588400
1.644517
1.941231
1.802171
1.532562
1.716251
1.647508
1.310656
1.977021
