1.946271
1.919600
1.970202
1.974303
1.956051
1.954335
1.964852
1.918104
1.999079
1.745002
1.901151
1.920613
1.872868
1.996304
1.827985
1.722918
1.965189
1.979183
1.774895
1.883334
1.936025
1.769449
1.806578
1.983520
1.862703
1.724455
1.741769
1.932617
1.981143
1.840326
1.821903
1.808297
1.884164
1.957231
1.952285
1.840087
1.742295
1.930873
1.896994
1.850636
1.972131
1.993709
1.655219
1.886056
1.647589
1.848489
1.656717
1.798278
1.969861
1.740274
1.878316
1.808767
1.839166
1.633262
1.755008
1.867561
1.978199
1.884928
1.633560
1.642601
1.853032
1.868111
1.831743
1.859942
1.970943
1.873491
1.488203
1.953084
1.718401
1.624260
1.694253
1.929992
1.495068
1.664439
1.998697
1.908749
1.813042
1.669689
1.957425
1.999536
1.734727
1.974400
1.723690
1.795780
1.800269
1.751612
1.780688
1.953103
1.644406
1.739790
1.647921
1.749823
1.718033
1.742753
1.659478
1.915432
1.616027
1.860905
1.916995
1.528837
1.973593
1.771042
1.566856
1.728531
1.987693
1.358960
1.322901
1.768558
1.736483
1.587018
1.458043
1.980381
1.906620
1.795544
1.896780
1.907241
1.937128
1.926450
1.642563
1.880065
1.663488
1.428898
1.918108
1.734039
1.969950
1.872821
1.527525
1.454158
1.967265
1.309314
1.538913
1.524760
1.766988
1.813862
1.896689
1.765455
1.445326
1.825560
1.849198
1.972551
1.823908
1.880065
1.897231
1.670127
1.458715
1.866327
1.234821
1.355479
