1.490540
1.834755
1.602447
1.512427
1.878540
1.214617
1.206752
1.844362
1.563266
1.196834
1.771457
1.637755
1.529347
1.875564
1.859798
1.687696
1.476713
1.621035
1.527396
1.660785
1.824492
1.891741
1.189972
1.638174
1.896116
1.985943
1.909592
1.385543
1.326366
1.770541
1.217650
1.708558
1.746668
1.983297
1.973690
1.698793
1.265159
1.990813
1.366467
1.747656
1.923826
1.840426
1.493971
1.614101
1.731614
1.811007
1.536141
1.487566
1.996783
1.167918
1.834405
1.823001
1.711291
1.067501
1.259417
1.947559
1.982060
1.608264
1.521230
1.237243
1.570997
1.060685
1.869865
1.257508
1.886736
1.451133
1.183114
1.701044
1.247699
1.979121
1.488059
1.800952
1.570528
1.660188
1.741666
1.194097
1.964722
1.710976
1.571136
1.864940
0.976941
1.674851
1.951835
1.381082
1.841160
1.931834
1.577357
1.871964
1.609605
1.740961
1.790399
1.185048
1.378349
1.677379
1.527589
1.191114
1.491315
1.910891
1.113548
1.329659
1.115198
1.115459
1.978405
1.673100
1.404988
1.528722
1.572206
1.540749
1.502302
1.901517
0.898674
1.494930
1.949579
1.149437
1.871111
1.953669
1.736601
1.324008
1.590061
1.143218
1.840957
1.846864
1.091811
1.642799
1.658340
1.850998
1.999591
1.583761
1.461538
1.740528
1.540750
1.270201
1.616284
1.690918
1.904319
1.608549
1.408693
1.338136
1.603482
1.562169
1.800797
1.997688
1.241594
1.432818
1.258282
1.749895
1.876127
1.923637
1.088361
1.951668
1.754193
1.229801
1.841757
1.527257
1.477338
1.128389
1.844126
1.337573
1.321946
1.523338
1.215017
1.950630
1.359234
1.247852
1.895576
1.595593
1.234297
1.600075
1.856322
1.163612
1.025487
1.249882
1.566073
1.849640
1.782993
1.435242
1.541027
1.955455
1.295902
1.892645
1.821245
1.408833
1.649050
0.909374
1.857729
1.485258
1.952979
1.204582
1.144524
1.946147
1.692773
1.834062
1.970234
1.281226
1.934632
1.871758
1.306621
1.841475
1.783326
1.029064
1.753944
1.256731
1.299164
0.908570
1.543970
1.961818
1.166457
1.148011
1.208759
1.391872
1.486766
1.211352
1.169485
1.760505
1.312863
1.177589
1.550134
1.730946
1.819739
1.421803
1.544514
1.591995
1.041546
1.158468
1.193308
1.280136
1.493256
1.330721
1.940390
1.615108
1.685557
1.639822
1.506616
1.209195
1.972056
1.838712
0.840942
1.059059
1.870210
1.755125
1.789795
1.823724
1.727905
1.048077
0.986251
1.992568
1.616691
1.861675
1.792725
1.563337
1.446402
1.110471
1.061890
1.868886
1.539256
1.158734
1.603771
1.874548
1.763430
1.228470
0.925642
1.711892
1.006444
1.672869
1.702367
1.706498
1.802475
