1.514683
1.718104
1.482101
1.451912
1.613378
1.611873
1.770118
1.752938
1.654228
1.730013
1.354366
1.881437
1.800462
1.923438
1.272966
1.747864
1.544679
1.910301
1.782226
1.312630
1.691698
1.658881
1.933684
1.488012
1.191570
1.610686
1.235461
1.808906
1.772071
1.560352
1.888006
1.514643
1.483337
1.443750
1.643392
1.243648
1.091618
1.127748
1.822607
1.756581
1.625266
1.828770
1.241956
1.915420
1.093113
1.586736
1.295286
1.983330
1.884208
1.304320
1.839590
1.686360
1.891802
1.531916
1.639115
1.370438
1.282560
1.933378
1.627701
1.464769
1.283050
1.788389
1.658899
1.778689
1.442359
1.592523
1.747286
1.835608
1.641818
1.781087
1.491358
1.633975
1.808324
1.356276
1.548411
1.929706
1.201214
1.499997
1.131183
1.055443
1.934112
1.761526
1.441354
1.973194
1.281927
1.582164
1.646663
1.780401
1.871040
1.835362
1.244953
1.619893
1.553766
1.744022
1.745975
1.748400
1.630420
1.307768
1.947143
1.903495
1.572095
1.712429
1.595114
1.489446
1.557597
1.979539
1.599711
1.417951
1.963768
1.644754
1.932941
1.892092
1.891890
1.585941
1.465114
1.698432
1.987057
1.470495
1.944085
1.661812
1.721324
1.954458
1.119324
1.662231
1.008172
1.487142
1.988819
1.788551
1.958779
1.819249
1.564159
1.984294
1.117967
1.246578
1.371035
1.587987
1.996646
1.422317
1.865366
1.735095
1.483205
1.868772
1.359145
1.034443
1.991430
1.705767
1.545563
1.636777
1.482328
1.252347
1.649406
1.611021
1.761483
1.363151
1.958383
1.447791
1.608786
1.365155
1.892623
1.105774
1.475312
1.741108
1.917296
1.736405
1.759539
1.294457
1.905816
1.060154
1.176807
1.567435
0.926208
1.438732
1.729800
1.442092
1.846043
1.097782
1.827158
1.308626
1.456742
1.804487
1.392071
1.104475
1.405354
1.869605
1.626116
1.304228
1.945775
1.743454
1.845011
1.087595
1.502408
0.991013
1.220091
1.289188
1.289963
1.057779
1.634023
1.733723
1.179189
1.946054
1.846638
1.601943
1.097142
1.110905
1.900874
1.956830
1.881382
1.420158
1.521720
1.518038
1.966298
1.644721
1.252269
1.643567
1.405718
1.506016
1.375984
1.146907
1.541362
1.577067
1.201841
0.998896
1.380737
1.828294
1.318511
1.187230
1.872442
1.208147
1.922374
1.842358
1.863450
1.630094
1.237902
1.231014
1.775627
1.677806
1.969334
1.560770
1.364110
1.122517
1.964950
1.068539
1.380385
1.440603
1.761245
1.988962
1.452321
1.740069
1.036247
1.901782
1.579616
1.943036
1.722498
1.738055
1.257923
1.044323
1.764187
1.273772
1.958134
1.219652
1.578386
1.675544
1.411536
1.159677
1.010418
1.848831
1.017403
1.919852
1.043079
1.646170
1.569775
1.737011
1.201171
1.335158
1.900860
1.037818
1.194355
1.801484
1.203788
1.850666
1.143049
1.252068
0.821328
1.721526
1.452463
1.842895
1.983585
1.570541
0.944580
0.857161
1.853299
1.907830
1.886152
1.360601
1.402895
1.116856
1.580272
1.934749
1.758850
1.772313
1.871348
1.151497
1.190848
1.536391
1.631819
1.503354
1.185149
1.813309
1.517222
1.212358
1.520627
1.223034
1.854328
1.086447
1.328468
1.618719
1.278751
1.166383
0.757339
1.568029
1.156965
1.249907
1.330902
1.537963
1.118894
1.164534
1.203885
1.723291
1.737836
1.905716
1.820204
0.774229
0.900402
0.809575
