1.769032
1.972362
1.387104
1.876708
1.543997
1.896060
1.650258
1.867923
1.119870
1.946661
1.342216
1.720541
1.773008
1.974195
1.703981
1.530110
1.431901
1.273826
1.610467
1.412005
1.870575
1.901035
1.940975
1.658598
1.675052
1.679420
1.940211
1.715376
1.791866
1.568067
1.757462
1.732247
1.913119
1.627515
1.529793
1.737344
1.791022
1.614997
1.280640
1.587101
1.906931
1.556149
1.888755
1.984810
1.374763
1.439094
1.464548
1.501203
1.768922
1.950273
1.515261
1.273098
1.910084
1.816300
1.990432
1.513026
1.338170
1.957084
1.351525
1.769731
1.811726
1.775425
1.484899
1.440391
1.809906
1.527104
1.844411
1.991268
1.412036
1.958281
1.703881
1.879482
1.341782
1.549553
1.775261
1.363430
1.867880
1.551583
1.685206
1.812949
1.567515
1.310503
1.663874
1.496889
1.729311
1.820740
1.742147
1.580208
1.736225
1.682094
1.437719
1.934958
1.260011
1.872984
1.690507
1.631247
1.785056
1.752203
1.755868
1.635199
1.315735
1.565152
1.312138
1.931511
1.482916
1.618021
1.716554
1.865071
1.624927
1.604842
1.452280
1.805770
1.801845
1.622833
1.341187
1.802149
1.391558
1.916620
1.289804
1.895496
1.298706
1.695314
1.984226
1.819544
1.693555
1.390916
1.891230
1.773713
1.964990
1.441587
1.681961
1.814296
1.725675
1.946142
1.389097
1.691321
1.847037
1.444068
1.795269
1.885319
1.514180
1.021352
1.881529
1.801184
1.866389
1.792655
1.365594
1.421101
1.666054
1.620309
1.615946
1.406087
1.962529
1.376207
1.891012
1.913332
1.562598
1.598212
1.387747
1.816563
1.845680
1.478392
1.356523
1.661753
1.675401
1.605149
1.365860
1.678660
1.133722
1.487080
1.991618
1.718891
1.869103
1.465451
1.792150
1.775258
1.536787
1.234590
1.282641
1.982516
1.395772
1.770137
1.448263
1.796628
1.863311
1.724818
1.641328
1.290328
1.999052
1.822525
1.977018
1.817947
1.823513
1.838173
1.711860
1.753412
1.218853
1.984859
1.785501
1.880557
1.836350
1.583483
1.418612
1.296916
1.765962
1.776207
1.721342
1.456320
1.940573
1.981116
1.294546
1.292932
1.860332
1.671269
1.926084
1.404173
1.180008
1.897565
1.524240
1.447219
1.519697
1.739454
1.863312
1.874993
1.989065
1.378479
1.749264
1.514278
1.882914
1.205440
1.904218
1.837796
1.395089
1.139164
1.850518
1.895972
1.951782
1.705939
1.695986
1.881632
1.210514
1.993409
1.397612
1.868219
1.785645
1.232618
1.252331
1.822480
1.432409
1.808545
1.481534
1.856742
1.532797
1.754251
1.881721
1.796158
1.467075
1.610810
1.909262
1.440515
1.578779
1.213392
1.428930
1.981478
1.373122
1.844562
1.769434
1.906240
1.072049
1.733925
1.307130
1.984854
1.897226
1.538755
1.228670
1.794764
1.749926
1.987644
1.900314
1.378064
1.225677
1.420116
1.772588
1.245493
1.060725
1.847445
1.893193
1.367823
1.322829
1.756619
1.251662
1.316463
1.613231
1.437868
1.684883
1.548559
1.865411
1.743593
1.887371
1.362121
1.571905
1.959934
1.413143
1.572595
1.950806
1.817113
1.915382
1.669339
1.775919
1.980093
1.159992
1.946220
1.511820
1.651134
1.547668
1.609445
1.780583
1.555203
1.934703
1.375392
1.533431
1.252219
1.530529
1.923968
1.389613
1.866577
1.458396
1.856171
1.558986
1.034062
1.653218
1.355021
1.766204
1.411958
1.961905
1.769432
1.706748
1.977352
1.042116
1.249942
1.745421
1.435467
1.764345
1.546596
1.312031
1.924893
1.978519
1.998808
1.595018
1.938047
0.835757
1.915819
1.994761
1.996583
1.270789
1.647963
1.686049
1.823515
1.723131
1.226659
1.347711
1.887908
1.944966
1.886649
1.190400
1.445545
1.575581
1.668632
1.406098
1.168559
1.556747
1.560021
1.451610
1.933182
1.324071
1.995487
1.603830
1.768856
1.745507
1.872103
1.688223
1.450960
1.214489
1.822111
1.744418
1.669395
1.170737
1.424346
1.800740
1.296715
1.235066
1.620437
1.244437
1.678435
1.608357
1.616052
1.028735
1.635891
1.908711
1.297126
1.462868
0.922539
1.638242
1.784623
1.480776
1.678719
1.955400
1.738647
1.639193
0.912397
1.892234
1.749409
1.524447
1.870074
1.629502
1.234181
1.509239
1.376652
1.607033
1.012407
1.882107
1.824986
1.790890
1.927355
1.013694
1.458554
1.652431
1.015756
1.995270
1.371608
1.537377
1.065739
1.679492
1.391962
1.493214
1.940139
1.736225
1.206163
1.873673
1.469693
1.561633
1.760003
1.491635
1.812330
1.951796
1.951514
1.172905
1.475357
1.190141
1.377189
1.735814
1.978951
1.841183
1.443942
1.730885
1.919943
1.573773
1.108554
1.675275
1.111132
1.912603
1.990735
1.795509
1.735805
1.557344
1.796831
1.901257
1.361124
1.260489
1.514136
1.777152
1.641357
1.873221
1.794842
1.644107
1.792894
1.132411
1.359441
1.504851
1.418509
1.444232
1.779759
1.473112
1.334863
1.724758
1.162846
1.256893
1.561467
1.656765
1.738625
1.200872
1.722056
0.921796
1.775549
1.755090
1.990836
1.972385
1.204808
0.916822
1.990319
1.668871
1.467328
1.857513
1.056894
1.723525
1.381325
1.387921
1.689847
1.489606
1.730366
1.668711
1.940856
1.946465
1.172752
1.702169
1.003724
1.263481
1.543708
0.989126
1.889192
1.460888
1.470132
1.986218
1.328468
1.591680
1.675185
1.488238
1.154073
1.898159
1.641588
1.173797
1.399010
0.901306
1.439876
1.903663
1.317254
0.882606
1.662287
1.643909
1.503214
1.721271
1.500348
1.277598
1.353228
1.489015
1.705615
1.758063
1.749660
1.138833
1.587069
1.012936
1.378034
1.983546
1.527398
1.547992
1.444029
1.653870
0.949532
1.759715
1.468550
1.837717
1.268445
0.971771
1.818859
1.422813
1.474256
1.741814
1.706269
1.314507
1.287529
1.696279
1.217258
0.936463
1.697959
0.997691
1.394740
1.404428
1.897277
1.847910
1.819180
1.613289
1.482316
1.604685
1.612288
1.861318
1.824691
1.476907
1.805489
1.985281
1.487984
1.874846
1.554102
1.252035
1.645989
1.917120
1.520458
1.694075
1.043343
1.831241
1.750491
1.702202
1.663250
1.490084
1.514555
1.866135
1.468857
1.873500
1.928469
1.200031
1.673828
1.339678
1.132649
1.322106
1.765045
0.915666
1.531416
1.937346
1.930720
1.093540
1.562733
1.487342
1.487266
1.467564
1.441702
1.093396
1.462499
1.984618
1.621818
1.820564
1.387714
1.740013
1.397232
1.673160
1.266541
1.341449
1.812354
1.931017
1.792035
1.972497
1.743968
1.972315
1.669945
1.511430
1.689864
1.766407
1.405930
1.064457
1.928725
1.272323
1.620665
1.505619
1.065034
1.260987
1.946173
1.755021
1.810394
1.602136
1.063294
1.322433
1.715400
1.398062
1.382801
1.631174
1.855570
1.427854
1.788766
1.952370
1.493436
1.564223
1.596480
1.568704
1.286105
1.860066
1.337885
1.127221
1.734785
1.125251
0.906812
1.748101
1.396549
1.560442
0.936696
1.629229
1.305348
1.179719
1.987018
1.874045
1.036906
1.999160
1.108462
1.062086
1.992829
1.868197
1.966325
1.845080
1.999160
1.763406
1.316382
1.377257
1.589747
1.141270
0.888445
1.849686
1.550479
1.224529
1.621977
1.927266
1.142726
1.484587
1.167106
1.462521
1.623217
1.254765
1.820719
1.171163
1.620302
1.987799
1.513760
0.772017
1.455617
1.140067
1.052103
1.127344
1.633915
1.694522
1.198537
1.504822
1.764633
1.433583
1.342164
1.906586
1.665051
0.903458
0.990394
1.422685
1.109765
1.136654
1.598801
1.710005
1.182238
1.735212
0.971529
1.434984
1.525089
1.503348
1.722066
1.285882
1.286247
1.371415
1.328150
1.051876
1.524961
1.437066
1.086056
1.396365
1.162181
1.796016
1.849326
1.974739
1.329616
1.849808
1.786531
1.575647
1.398435
1.993354
1.248030
1.623395
1.612519
1.190028
1.807089
1.730824
1.697093
1.525757
1.173513
1.675421
1.571089
0.855564
0.940175
1.323925
1.253034
1.732194
1.637270
1.066592
