1.957319
1.493438
1.948813
1.914707
1.811502
1.437941
1.708167
1.956003
1.525337
1.762199
1.809845
1.902117
1.758341
1.856512
1.446516
1.881960
1.826130
1.806597
1.791881
1.363078
1.666713
1.801506
1.601824
1.602654
1.526753
1.524872
1.779510
1.989215
1.462127
1.306857
1.476251
1.789836
1.641412
1.658398
1.573882
1.241999
1.485240
1.894812
1.828724
1.805680
1.602364
1.686430
1.610902
1.703723
1.789630
1.625973
1.735701
1.520446
1.628598
1.940070
1.248348
1.589393
1.566289
1.872409
1.709642
1.573042
1.723576
1.914606
1.886914
1.914430
1.909707
1.947930
1.561784
1.885544
1.919475
1.894025
1.986581
1.124779
1.796120
1.708678
1.476322
1.292475
1.696057
1.969704
1.766962
1.732439
1.798304
1.702817
1.998985
1.460650
1.468898
1.499585
1.988419
1.889425
1.679646
1.531502
1.688665
1.951957
1.972202
1.962642
1.776513
1.537775
1.335131
1.204679
1.853110
1.856111
1.666088
1.512028
1.549258
1.122616
1.809564
1.309588
1.029662
1.638668
1.916557
1.988499
1.865643
1.635191
1.653005
1.556189
1.666713
1.590225
1.716643
1.514029
1.944802
1.913546
1.692440
1.899762
1.881436
1.326747
1.512535
1.724094
1.310379
1.976355
1.329965
1.822538
1.451184
1.534831
1.597202
1.647495
1.456513
1.306050
1.674443
1.663916
1.383701
1.522646
1.577424
1.669341
1.358609
1.313793
1.903764
1.532022
1.547448
1.588629
1.635814
1.982787
1.711874
1.857409
1.787950
1.975626
1.400387
1.691410
1.422889
1.663353
1.966380
1.454169
1.312302
1.245538
1.521462
1.989865
1.469831
1.799642
1.961550
1.935974
1.993313
1.275901
1.834431
1.983836
1.995431
1.297728
1.815670
1.240591
1.828940
1.436500
1.877984
1.654005
1.393184
1.775041
1.379605
1.512082
1.313288
1.884748
1.496479
1.382087
1.123370
1.825751
1.727221
1.551208
1.702582
1.259406
1.724387
1.862270
1.457020
1.536445
1.603418
1.681463
1.862249
1.938544
1.381923
1.845079
1.793761
1.900943
1.120825
1.808640
1.508976
1.246975
1.315084
1.501999
1.775688
1.456834
1.968658
1.469434
1.835784
1.804488
0.970188
1.139187
1.353840
1.557888
1.036199
1.994557
1.671605
1.802381
1.837720
1.956758
1.615196
1.553689
1.479040
1.757962
1.835990
1.430344
1.774648
1.259342
1.833442
1.396571
1.500026
1.809471
1.197417
1.393535
1.781109
1.738951
1.849830
1.534410
1.301156
1.136737
1.359800
1.444320
1.198022
1.296600
1.218775
1.734930
1.982275
1.373135
1.235003
1.951874
1.488641
1.274204
1.984756
1.091033
1.786934
1.857989
1.542745
1.496052
1.884683
1.913433
1.583216
1.721707
1.467796
1.443397
1.504430
1.986469
1.545695
1.946297
1.414349
1.794798
1.801449
1.588022
1.587794
1.912182
1.735790
1.452582
1.938157
1.516068
1.304438
1.943729
1.734258
1.281300
1.758186
1.854671
1.565509
1.484644
1.912361
1.820898
1.262831
1.872068
1.726119
1.365483
1.777500
1.180423
1.512165
1.485857
1.354628
1.867282
1.458766
1.182408
1.923114
1.042300
1.226814
1.242940
1.932516
1.477559
1.290837
1.030711
1.257984
1.999741
1.259140
1.467803
1.064059
1.826355
1.398035
1.978194
1.893993
1.269763
1.753523
1.297435
1.656980
1.121759
1.341342
1.137982
1.298731
1.511326
1.951794
1.286782
1.715929
1.707617
1.849843
1.664653
1.673432
1.245288
1.681465
1.661950
1.776623
0.924567
1.847581
1.946675
1.277542
1.773013
1.855939
1.971560
1.709546
1.573953
0.907516
1.529745
1.984822
1.638708
1.954892
1.498004
1.905398
1.206243
1.868430
1.034262
1.168248
1.517293
1.836977
1.064304
1.258282
1.409001
1.783379
1.466698
1.549753
1.551315
1.717070
1.672842
1.823232
1.706094
1.499910
1.974827
1.695955
1.727675
1.149920
1.916414
1.434502
1.478103
1.431981
1.558751
1.763898
1.416810
1.445244
1.455305
1.802126
1.587067
1.190482
1.198152
1.432546
1.545459
1.371650
1.797098
1.655181
1.696718
1.391325
1.853769
0.979125
1.793850
1.532141
1.875973
1.547823
1.905769
0.944852
1.385754
1.513009
1.792567
1.991536
1.949341
1.937344
1.185249
1.550970
1.618083
1.744984
1.816522
1.736593
1.987875
1.541491
1.739120
1.781460
1.993680
1.121487
1.397880
1.250472
1.409420
1.894239
1.747916
1.209810
1.851708
1.676788
1.697187
1.174073
0.882377
1.498031
1.639716
1.404949
1.064242
1.726032
1.841291
1.852565
1.694872
1.514915
1.888019
1.886770
1.755716
1.652894
1.816360
1.127521
1.845410
1.902532
1.105232
1.692103
1.468793
0.945312
1.826703
1.764817
1.377763
1.594489
1.731388
1.078884
1.281205
1.379677
1.880375
1.201909
1.305632
1.632265
1.453893
1.897583
1.150795
1.675110
1.762021
1.603225
1.741145
1.884307
1.563043
1.458230
1.664601
1.242720
1.979319
1.430651
1.927300
1.444523
1.216832
1.922126
1.880126
1.713430
1.314356
1.663672
1.716928
1.687319
1.989675
1.535952
1.284135
1.288427
1.496841
1.615303
1.211802
1.886364
1.629986
1.086635
1.164426
1.188117
1.000931
1.623816
1.594105
1.296452
1.576036
1.632346
1.770664
1.625548
1.064442
1.734835
1.953964
1.811971
0.928613
1.618945
1.384545
1.885113
1.779012
1.992868
1.856406
1.893570
1.920060
1.964416
1.958023
1.389889
1.744075
1.913823
0.975111
1.482582
1.517569
1.853017
1.295240
1.790372
1.915608
1.307002
1.581072
1.643736
1.571998
1.002353
1.842902
1.684163
1.619151
1.939204
1.573153
1.533626
1.902927
1.250733
1.065889
1.448535
1.170819
1.982730
1.865196
1.827448
1.344956
1.201203
1.951457
1.057785
1.082360
1.289508
1.731360
1.961546
1.752621
1.507423
1.781800
1.810492
1.662988
1.397671
1.394323
1.850204
1.515196
1.387626
1.935321
1.389873
1.593311
1.156472
1.463524
1.395367
1.380392
1.439914
1.954067
1.370155
1.944310
0.946036
1.241837
1.978223
1.856820
1.563759
1.984466
1.331042
1.239085
1.459846
1.746679
1.892660
1.905132
1.249900
1.976335
1.109095
1.635417
1.625926
1.868051
1.405744
1.317936
1.887575
1.807150
1.913281
1.936199
1.514376
1.860795
1.112839
1.674965
1.890493
1.731309
1.038764
1.931422
1.689982
1.059973
1.941629
1.112319
1.370342
1.064751
1.621415
1.955669
1.897060
1.912789
1.769253
1.607593
1.192014
1.427247
1.364798
1.200392
1.091360
1.834571
1.174279
1.746616
1.495015
1.806599
1.496662
1.717271
1.976265
1.044570
1.717895
1.976200
1.089698
1.537948
1.225967
1.874578
1.657104
1.541719
1.551656
0.916513
0.821207
1.251112
1.836848
1.519787
1.344587
1.743545
1.076646
0.878249
1.963519
1.317454
1.835627
0.834345
1.990637
1.310306
1.786520
1.652655
1.049650
1.447635
0.938999
1.529335
1.911785
1.889741
1.918850
1.515141
1.164459
1.429230
1.569571
1.117389
1.664682
1.966449
1.611859
1.011612
1.991915
1.115584
1.834902
1.806923
1.542614
1.397520
1.657367
1.887033
1.957568
1.137766
1.925732
1.233305
0.969071
1.992553
1.143886
1.428520
1.198538
1.232151
1.413796
1.231376
1.832993
1.072335
1.511870
1.433974
1.405576
1.251733
1.396162
1.242091
1.982326
1.215667
1.689559
1.220778
1.293181
1.884888
1.426632
1.062352
0.938758
1.701950
1.510333
1.520130
1.735236
1.423565
0.898670
1.920011
1.565596
1.785711
1.167333
1.828986
1.813066
1.903795
1.763262
0.824386
1.821087
1.771665
1.405821
1.257459
1.324553
1.747810
1.995331
1.764549
1.506634
1.595544
0.921163
1.261017
1.046754
1.591190
1.004587
1.439821
1.902397
1.797089
0.811204
1.487214
1.668472
1.436277
1.305365
1.406899
1.592398
1.009548
0.813997
1.477785
1.200790
1.001076
1.545567
1.987024
1.554994
1.810695
1.388772
1.512940
1.520746
0.892515
1.904087
1.009051
1.342049
0.954960
1.124270
1.390684
1.696191
1.890719
1.988878
1.977077
