1.892730
1.794375
1.872194
1.910254
1.868623
1.912802
1.949003
1.995370
1.983186
1.951511
1.836546
1.877606
1.901714
1.929115
1.923028
1.899841
1.876779
1.831567
1.967540
1.873802
1.824938
1.689285
1.949324
1.994050
1.724669
1.764636
1.847973
1.975287
1.923746
1.971439
1.661281
1.790577
1.541474
1.734201
1.856184
1.704258
1.942446
1.703424
1.612113
1.839829
1.897909
1.729337
1.997667
1.894280
1.777959
1.742110
1.851008
1.652813
1.920807
1.956205
1.812588
1.567652
1.858351
1.900500
1.961170
1.884793
1.917296
1.925954
1.522517
1.896009
1.771014
1.951324
1.456334
1.788138
1.603751
1.996214
1.835214
1.714471
1.995344
1.848230
1.883666
1.637985
1.815198
1.730524
1.829043
1.957719
1.525108
1.800545
1.527842
1.543916
1.735365
1.947035
1.684424
1.738746
1.980960
1.936213
1.650189
1.632230
1.647834
1.882157
1.794942
1.415928
1.779440
1.802107
1.834411
1.843978
1.983599
1.904161
1.652534
1.737957
1.906106
1.577256
1.937622
1.771730
1.377466
1.567672
1.831774
1.844444
1.638360
1.453268
1.826268
1.734962
1.972430
1.852607
1.539385
1.735683
1.482462
1.659774
1.241018
1.448242
1.288302
1.645726
1.654509
1.846807
1.794086
1.470724
1.991588
1.548471
1.899112
1.670015
1.483452
1.457590
1.746395
1.562272
1.827515
1.723451
1.797265
1.761343
1.597845
1.926441
1.920933
1.872791
1.333636
1.857471
1.858356
1.816465
1.787822
1.354376
1.636595
1.773500
1.559504
1.758989
1.492169
1.950688
1.826984
1.764573
1.225580
1.759268
1.436289
1.677981
1.224442
1.711171
1.808939
1.526742
1.822285
1.761964
1.511888
1.469589
1.464793
1.926451
1.917832
1.410559
1.407383
1.458735
1.772781
1.355049
1.803479
1.647709
1.533303
