1.221484
1.700730
1.994910
1.896920
1.940849
1.931167
1.408432
1.137018
1.915598
1.066673
1.959078
1.798321
1.380014
1.440142
1.275738
1.780511
1.786132
1.344504
1.780253
1.756915
1.937264
1.835099
1.669468
1.928334
1.678858
1.654179
1.758547
1.383473
1.589992
1.518354
1.398431
1.705853
1.863012
1.871836
1.779688
1.925575
1.268556
1.215757
1.893556
1.884769
1.700683
1.564737
1.938322
1.884582
1.396681
1.805995
1.846948
1.780564
1.717406
1.985720
1.697108
1.915528
1.155736
1.973704
1.616943
1.327984
1.943184
1.597751
1.718513
1.655160
1.858413
1.397008
1.769234
1.194183
1.842264
1.318193
1.997071
1.810525
1.493247
1.423070
1.575392
1.670994
1.596654
1.316648
1.761969
1.245092
1.209338
1.942490
1.822235
1.929028
1.181657
1.129764
1.892404
1.693873
1.973176
1.990559
1.516424
1.957564
1.582084
1.901745
1.336721
1.322045
1.469745
1.976891
1.880065
1.222918
1.671628
1.677846
1.910678
1.815178
1.899932
1.657310
1.720507
1.709059
1.979681
1.421590
1.249200
1.771984
1.838716
0.853132
1.973756
1.486905
1.953902
1.441083
1.255335
1.809948
1.850056
1.628856
1.991578
1.943810
1.800140
1.789155
1.249277
1.925428
1.752026
1.383683
1.965463
1.420294
1.698943
1.798206
1.443673
1.948147
1.266798
1.684641
1.770115
1.864303
1.963950
1.396239
1.120538
1.879026
1.986128
1.838370
1.732614
1.531243
1.599362
1.199067
1.307373
1.974317
1.522076
1.357241
1.624731
1.146185
1.534306
1.324609
1.623855
1.934060
1.099030
1.657578
1.057190
1.667500
1.982617
1.866590
1.855126
1.309099
1.963261
1.756578
1.477069
1.667329
1.932492
1.803024
1.815114
1.902736
1.118968
1.481106
1.333948
1.674559
1.071064
1.849819
1.375906
1.053101
1.184716
1.357800
1.735235
1.761244
1.518296
1.121549
1.454865
1.912848
1.213544
1.494594
1.879806
1.316958
1.976660
1.969014
1.727602
0.973404
1.683905
1.856414
1.743664
1.914021
1.869754
1.668883
1.665658
1.503208
1.480409
1.090182
1.210160
1.492763
1.439898
1.164282
1.898707
1.508229
1.602586
1.180651
1.600688
1.317189
1.290041
1.836913
1.682070
1.209473
1.756956
1.809362
1.360347
1.764069
1.901028
1.863801
1.248337
1.364746
1.226857
1.845286
1.599036
1.745143
1.691767
1.799109
1.351235
1.747241
1.454643
1.971324
1.561636
1.852911
1.216817
1.773984
1.394702
1.325387
1.351466
1.727868
1.788302
1.190077
1.934882
1.635365
1.973035
1.267498
1.953196
1.202796
1.403156
1.006953
1.541726
1.807709
1.636663
1.695868
1.867835
1.913972
1.717070
1.797529
1.754308
1.803658
1.436883
1.675244
1.444867
1.995427
1.468547
1.253632
1.237632
1.565456
1.457650
1.955846
0.954438
1.776738
1.921977
1.874717
1.228740
1.421786
1.429102
1.667447
1.377830
1.719716
1.679376
1.769856
1.975929
1.630657
1.912628
1.591886
1.897074
1.299935
1.904883
1.207656
1.542648
1.334415
1.328172
1.268476
1.505632
1.703186
1.853884
0.930401
1.951475
1.240864
1.409010
1.258814
1.361876
1.382863
1.826289
1.474329
1.589325
1.263578
1.066819
1.671986
1.912640
1.417154
1.171163
1.769825
1.360096
1.472834
1.736757
1.804788
1.309338
1.438173
1.756116
1.221024
1.781210
1.108429
1.611238
1.523319
1.629841
1.760959
1.696056
1.563948
1.764587
1.570458
1.647843
1.586759
1.415971
1.376992
1.195142
1.896041
1.691100
1.968345
1.330241
1.506559
1.316115
1.945115
1.369680
1.047012
1.470129
1.935027
1.444235
1.523758
0.999744
1.280036
1.214085
1.241982
1.387773
1.015602
1.662129
1.698748
1.441754
1.655672
1.835824
1.433214
1.775167
0.998532
1.836662
1.463620
1.841349
0.973810
1.167918
1.581178
1.641336
1.752562
1.623685
1.676920
1.897992
1.181311
1.469180
1.253857
0.930974
1.644888
1.044812
1.863601
1.715806
1.234268
1.695577
1.839641
1.744146
1.592806
1.817268
1.631368
1.367576
1.388610
1.014486
1.692801
1.922856
1.158181
