1.991571
1.402805
1.719871
1.949386
1.495573
1.815118
1.916029
1.867686
1.880901
1.549926
1.526055
1.257197
1.952084
1.618091
1.346753
1.503597
1.826605
1.534952
1.702677
1.986065
1.916739
1.686689
1.622159
1.939899
1.895104
1.670446
1.902395
1.961715
1.676733
1.707696
1.898236
1.578461
1.855742
1.086578
1.675881
1.895958
1.837221
1.421625
1.146999
1.937936
1.639841
1.399758
1.706393
1.075485
1.885264
1.946035
1.944723
1.884748
1.790513
1.657227
1.694945
1.895401
1.786116
1.895941
1.543708
1.617307
1.879929
1.932170
1.373089
1.804142
1.260662
1.689227
1.668464
1.948889
1.642174
1.431000
1.609444
1.741107
1.923094
1.527974
1.969541
1.454779
1.919343
1.873462
1.715056
1.723003
1.956710
1.829226
1.879769
1.918371
1.605389
1.719843
1.730310
1.761995
1.790365
1.410985
1.336494
1.130055
1.705261
1.964067
1.190520
1.472039
1.953665
1.633981
1.196244
1.680177
1.428229
1.625660
1.012338
1.881695
1.892410
1.497659
1.421489
1.478957
1.589797
1.969565
1.606696
1.529887
1.828777
1.071817
1.492451
1.890783
1.771295
1.564196
1.043221
1.309189
1.705994
1.893856
1.244364
1.814170
1.465100
1.988888
1.511091
1.830152
1.878083
1.743098
1.626430
1.536725
1.439425
1.725954
1.645957
1.659006
1.926805
1.280535
1.903484
1.567473
1.845847
1.528228
1.689778
1.440358
1.493971
1.820218
1.101346
1.269391
1.888818
1.950786
1.728061
1.150453
1.918675
1.527293
1.627182
1.990993
1.733488
1.799904
1.468290
1.377466
1.920984
1.856495
1.161071
1.433533
1.991330
1.449171
1.883295
1.933642
1.037177
1.758990
1.804805
1.766729
1.427862
1.631063
1.806515
1.662035
1.625065
1.207135
1.946131
1.968033
1.912482
1.861182
1.306065
1.459645
1.950380
1.888539
1.495721
1.780558
1.641520
1.605559
1.565738
1.924990
1.591515
1.578951
1.439637
0.929805
1.869291
1.144359
1.426958
1.319572
1.509920
1.488783
1.663646
1.888633
1.422638
1.239618
1.443953
1.620979
1.345881
1.356702
1.985754
1.734574
1.878178
1.594743
1.649281
1.330063
1.867036
1.144933
1.178244
1.367237
1.424302
1.777986
1.182364
1.636389
1.818747
1.204060
1.947363
1.994133
1.682772
1.788053
1.219725
1.268653
1.659637
1.228254
1.535472
1.605969
1.534216
1.593127
1.038669
1.976257
1.981811
1.602676
1.849243
1.893704
1.565042
1.062219
0.974302
1.262717
1.792097
1.596583
1.500766
1.989379
1.772932
1.487006
1.989330
1.944893
1.711634
1.927673
1.567436
1.796319
1.723611
1.696439
1.770506
0.996393
1.554578
1.395412
1.494388
1.498754
1.892969
1.298532
1.800843
1.794353
1.299118
1.326656
1.544176
1.081072
1.704720
1.577142
1.811839
1.622512
1.803593
1.939170
1.970621
1.612707
1.936325
1.257019
1.716694
1.326621
1.894668
1.640932
1.531204
1.079707
1.870552
1.392963
1.950256
1.459370
1.511745
1.386630
1.987625
1.572512
1.961299
1.834141
0.998115
1.731169
1.301959
1.327083
1.740857
1.593225
1.107443
1.714905
1.637269
1.964816
1.524765
1.682403
1.426301
1.099599
1.897566
1.296627
1.674349
1.540637
1.297607
1.760743
1.557938
1.037502
1.148875
1.464332
1.945370
1.472793
1.248662
1.658980
1.393540
1.920657
1.721711
1.718605
1.894470
1.890929
1.210726
1.664307
1.681035
1.896758
1.723459
1.772668
1.405713
1.510668
1.816545
1.119942
1.825143
1.618748
1.100706
1.906965
1.379356
1.234510
1.999862
1.966653
1.163946
1.662029
1.924947
1.723162
1.253610
1.078932
1.615620
1.717049
1.168119
1.550195
1.739424
1.467426
1.654706
0.936102
1.776330
0.988947
1.899309
1.310889
1.098850
1.572933
1.900448
1.435931
1.669515
1.057880
0.821611
1.845145
0.976158
1.630444
1.693502
1.326109
1.808550
1.596910
1.081141
1.065156
1.132428
1.031959
1.620431
1.736557
1.561155
1.931197
1.702203
1.493462
1.519673
1.401447
1.544611
1.007952
0.901638
1.434779
1.455136
1.605723
1.885349
1.158810
1.522985
1.826052
1.577784
1.164697
1.378478
1.895658
1.826921
1.002233
1.252093
1.185608
1.707372
1.985356
1.554949
1.104869
1.976475
1.453185
1.633624
1.587250
1.552109
1.292272
1.690693
1.030562
1.956507
1.462760
1.099264
1.336756
1.607790
1.987732
1.221686
1.148311
1.729099
1.890453
1.624719
0.888005
1.424570
1.553943
1.314087
1.409090
1.437906
1.680382
1.936012
1.948906
1.769176
1.517032
1.950087
1.825181
1.970359
1.200401
1.355497
1.469494
1.491330
1.136101
1.270852
1.039174
0.824410
1.946019
1.842211
1.448101
1.680683
1.890194
1.890828
1.745586
1.351681
1.865886
1.349096
1.714740
1.487244
