1.969009
1.916387
1.962215
1.974596
1.999851
1.951750
1.921567
1.798477
1.863205
1.939583
1.797691
1.933190
1.997501
1.967263
1.726869
1.809692
1.762848
1.907026
1.828089
1.925191
1.839765
1.809356
1.805548
1.778005
1.763803
1.940556
1.773458
1.794087
1.976574
1.991921
1.716504
1.889862
1.750563
1.991566
1.697652
1.720492
1.842138
1.770417
1.844806
1.920254
1.803519
1.642762
1.942131
1.996495
1.900891
1.524598
1.853645
1.752901
1.825342
1.880710
1.793112
1.922629
1.803927
1.818059
1.538743
1.670079
1.905390
1.887628
1.850130
1.947398
1.914423
1.810604
1.563038
1.749803
1.799422
1.751482
1.845258
1.920563
1.414900
1.736375
1.788633
1.987735
1.755600
1.637294
1.577106
1.727289
1.956314
1.987197
1.583426
1.750518
1.581579
1.984728
1.831861
1.554272
1.802328
1.562249
1.831785
1.638284
1.492572
1.787966
1.505033
1.718961
1.721714
1.534562
1.477749
1.892056
1.696332
1.954067
1.689821
1.827350
1.572105
1.601832
1.593749
1.970768
1.782367
1.632373
1.856143
1.823087
1.891250
1.924959
1.947339
1.594461
1.828646
1.605077
1.459291
1.585862
1.749690
1.899481
1.702678
1.404721
1.923290
1.810591
1.744792
1.439959
1.307951
1.566642
1.668270
1.985906
1.946968
1.297135
1.718237
1.694442
1.894141
1.353732
1.297000
1.464783
1.481442
