1.973754
1.991482
1.976369
1.881747
1.842402
1.981062
1.981300
1.982055
1.768538
1.848414
1.794272
1.894450
1.886308
1.961725
1.952971
1.984035
1.987457
1.695677
1.973151
1.773431
1.952116
1.866508
1.970443
1.972272
1.729286
1.920751
1.727575
1.778176
1.966155
1.917953
1.924762
1.672979
1.864798
1.888232
1.976936
1.853565
1.626215
1.707111
1.681798
1.828959
1.937950
1.970282
1.893291
1.671557
1.918031
1.702574
1.756926
1.703235
1.900933
1.667938
1.822965
1.690756
1.992544
1.842410
1.820740
1.955013
1.801159
1.920084
1.882732
1.700175
1.901885
1.639064
1.523444
1.957492
1.710404
1.853167
1.883979
1.576724
1.864245
1.619987
1.723860
1.906059
1.705490
1.798352
1.972107
1.754447
1.949402
1.907658
1.822420
1.780961
1.557385
1.867366
1.927677
1.778839
1.910494
1.850991
1.977345
1.968405
1.880972
1.770568
1.761754
1.596117
1.810471
1.898677
1.769753
1.750423
1.978105
1.899950
1.983453
1.683746
1.567852
1.850445
1.638077
1.855321
1.875169
1.520416
1.972064
1.606456
1.915815
1.919928
1.433015
1.540346
1.593603
1.656388
1.982138
1.602910
1.733211
1.900587
1.587786
1.818479
1.469017
1.486750
1.699784
1.955225
1.885497
1.493103
1.992972
1.866034
1.509009
1.792024
1.989576
1.547184
1.903377
1.612781
1.500429
1.378560
1.395452
1.552788
1.725045
1.595974
1.909479
1.527511
1.693791
1.955506
1.724330
1.721402
1.887458
1.907444
1.945062
1.286281
1.711639
1.931900
1.655359
1.269902
1.782480
1.682525
1.679446
1.826960
1.838483
1.923780
1.842872
1.796385
1.777942
1.506091
1.979772
