1.880383
1.993010
1.856787
1.916614
1.948377
1.920017
1.879546
1.954148
1.964563
1.995990
1.932367
1.913431
1.748679
1.989866
1.989270
1.879127
1.796714
1.864883
1.822801
1.754295
1.750671
1.883073
1.823969
1.663274
1.950837
1.709360
1.810216
1.998033
1.871067
1.838350
1.847140
1.919832
1.832363
1.917772
1.667452
1.669250
1.548104
1.978672
1.929169
1.827909
1.926442
1.779978
1.792961
1.708102
1.998845
1.828902
1.805709
1.852482
1.964011
1.601887
1.742047
1.954575
1.373883
1.933559
1.782610
1.987336
1.779058
1.999682
1.912761
1.943551
1.988971
1.560682
1.928532
1.907810
1.990157
1.647607
1.728980
1.966086
1.833248
1.831939
1.823550
1.769213
1.769162
1.792639
1.542604
1.666136
1.509701
1.694679
1.578570
1.916332
1.881539
1.679597
1.990501
1.857212
1.991514
1.943307
1.719373
1.730444
1.854045
1.891225
1.845793
1.835346
1.907027
1.869080
1.514745
1.930791
1.731425
1.531831
1.682007
1.758523
1.765907
1.971176
1.964994
1.630300
1.858758
1.492638
1.773921
1.787247
1.793579
1.520761
1.851060
1.966834
1.392745
1.937491
1.747072
1.548174
1.468964
1.995064
1.509639
1.729180
1.841355
1.768328
1.956945
1.880257
1.996459
1.792798
1.370207
1.524522
1.449440
1.842326
1.769298
1.746054
1.351055
1.366367
1.766517
1.312360
1.653875
1.647016
1.683338
1.472695
1.981006
1.942583
1.519670
1.469739
1.520388
1.761376
1.436578
1.563435
1.494279
1.523023
