1.952884
1.924268
1.272377
1.893705
1.506901
1.407908
1.972210
1.973223
1.800252
1.956796
1.394753
1.496218
1.860985
1.704680
1.868135
1.578699
1.940553
1.530718
1.346476
1.321182
1.874203
1.960664
1.969261
1.893829
1.993854
1.674623
1.469646
1.279178
1.665348
1.621648
1.926865
1.717765
1.995524
1.640611
1.715896
1.336592
1.947646
1.803548
1.703766
1.678902
1.994954
1.788179
1.928489
1.994491
1.549420
1.502644
1.571828
1.960977
1.875531
1.865775
1.348326
1.538321
1.894756
1.282122
1.917908
1.970769
1.837906
1.884058
1.307094
1.945387
1.816100
1.839636
1.857892
1.413012
1.828085
1.199029
1.411483
1.859192
1.866911
1.320517
1.493454
1.693147
1.635470
1.790113
1.975940
1.996236
1.784800
1.792912
1.845677
1.904364
1.921461
1.577305
1.712471
1.348561
1.600325
1.524734
1.957995
1.528600
1.711071
1.845405
1.338825
1.720904
1.957817
1.346584
1.953146
1.785595
1.310473
1.826982
1.562252
1.488933
1.510447
1.706649
1.892132
1.952500
1.732524
1.531364
1.745348
1.966505
1.503198
1.901685
1.739838
1.650538
1.407004
1.850351
1.348550
1.625700
1.537140
1.626113
1.969870
1.888081
1.928523
1.400582
1.691007
1.346370
1.955085
1.533222
1.428130
1.808458
1.657932
1.789849
1.603084
1.869041
1.692706
1.740589
1.888008
1.632409
1.583709
1.849623
1.982123
1.844060
1.311662
1.635274
1.497210
1.978251
1.679446
1.890908
0.992188
1.958817
1.342717
1.405887
1.192846
1.753261
1.869364
1.918304
1.267269
1.070527
1.351410
1.673290
1.864282
1.341042
1.041685
1.867800
1.890653
1.719890
0.979018
1.488689
1.542881
1.258235
1.371890
1.725657
1.577258
1.984101
1.430127
1.399309
1.834445
1.836072
1.858334
1.776812
1.939650
1.885939
1.176562
1.599659
1.702558
1.891700
1.868961
1.830745
1.512580
1.728952
1.305387
1.614609
1.149773
1.291869
1.449288
1.417380
1.996488
1.962986
1.169072
1.780967
1.753476
1.513298
1.638272
1.664033
1.759277
1.861954
1.429057
1.355754
1.539672
1.665316
1.505269
1.695870
1.384643
1.851250
1.511408
1.567835
1.652891
1.754130
1.838608
1.696908
1.514212
1.738967
1.468172
1.704477
1.605637
1.299881
1.942556
1.860170
1.833033
1.428997
1.715343
1.473599
1.532797
1.441997
1.606453
1.794984
1.324842
1.094325
1.855054
1.313208
1.404393
1.912562
1.074372
1.424771
1.391298
1.857264
1.783467
1.400588
1.693342
1.256007
1.481279
1.542780
1.794043
1.141657
1.754037
1.879313
1.996329
1.564005
1.550773
1.972279
1.547231
1.780735
1.060627
1.541527
1.300517
1.471005
1.427346
1.451218
1.573193
1.274413
1.553353
1.781743
1.737839
1.477136
1.508396
1.839817
0.984809
1.565819
1.944491
1.806446
1.515055
1.745965
1.259861
1.931541
1.400534
1.736062
0.878267
1.981033
1.886979
1.699258
1.250267
1.316159
1.545061
1.208989
1.374968
1.947370
1.789775
1.429545
1.867486
1.559897
1.819610
1.980763
1.987792
1.202775
1.474709
1.775898
1.470001
1.812067
1.795144
0.902571
1.911855
1.556695
1.612614
1.917162
1.805950
1.977010
1.336694
1.470212
1.902087
1.669349
1.035354
1.884869
1.709713
1.867262
1.417983
1.292481
1.730586
1.950687
1.713898
1.767051
1.671753
1.924187
1.388197
1.663624
1.637588
1.423207
1.891328
1.916287
1.467461
1.997895
1.133145
1.986580
1.962805
1.364639
1.420611
1.978849
1.883118
1.842332
1.387547
1.933601
1.320516
1.920455
1.267493
1.523264
1.338517
1.631910
1.064306
1.504327
1.557851
1.319489
1.891804
1.990457
1.556389
0.872302
1.866343
1.209053
1.323284
1.712649
1.999871
1.540325
1.616721
1.810705
1.525984
1.894996
1.484813
1.762673
1.828190
1.546689
1.807700
1.719078
1.095973
1.828602
1.275723
1.522976
1.330004
1.787956
1.920022
1.975406
1.425223
1.697722
1.442009
1.601026
1.531035
1.440859
1.990053
1.265038
1.950996
1.267834
1.485421
1.979944
1.336997
1.232134
1.248325
1.932631
1.854932
1.536110
1.119018
1.567942
1.728634
1.908126
1.616855
1.734114
1.928049
1.943773
1.196344
1.625335
1.502625
1.659423
1.376379
1.555949
1.105174
1.959192
1.690649
1.789351
1.078266
1.859856
1.517657
1.538692
1.550544
0.839687
1.427320
1.159096
1.841326
1.123098
1.418357
1.194750
1.105685
1.597879
1.594324
1.237415
1.787048
1.885820
1.172052
1.941639
1.793297
1.122229
1.770746
1.658680
1.698762
1.874693
1.126053
1.771308
1.369010
1.863764
1.403198
1.464858
1.359505
1.609841
1.431209
1.920086
1.270538
1.261118
1.487591
1.448976
1.905270
1.452709
1.928858
1.249393
1.999149
1.352582
1.747081
1.689334
1.418556
1.851975
1.787772
1.602333
1.979821
1.465648
1.824019
1.611113
1.768673
1.952336
1.592720
1.728315
1.676127
1.394681
1.253293
1.521098
1.516926
1.552149
1.984281
1.403313
1.662978
1.631059
1.871130
1.612002
1.262299
1.275392
1.139205
1.881630
1.189480
1.367570
1.770846
1.653334
1.121755
1.179315
1.436454
1.628494
1.665026
1.772181
1.852474
1.161317
1.957890
1.299067
1.860143
1.570520
1.214049
1.994856
1.718261
1.332600
1.198816
1.927215
1.724200
1.631953
1.126839
1.904326
1.979330
1.974009
1.562243
1.511748
1.547251
1.389834
1.497319
1.203236
1.842923
1.289303
1.724806
1.900209
1.593973
1.655843
1.233912
1.084994
0.938030
1.344655
1.912606
1.886152
1.100497
1.827227
1.173427
1.977342
1.070479
1.401084
1.142638
1.813333
1.050677
1.280739
1.716363
1.863991
1.959126
1.953436
1.640446
1.091105
1.421821
1.120476
1.757769
1.431815
1.907888
1.599324
1.631610
1.292648
1.306265
1.883785
1.337563
1.114607
1.463869
1.743630
1.795462
1.750519
1.609932
1.603677
1.101890
1.099141
0.918128
1.712318
1.825345
1.213547
1.897569
0.948136
1.111028
1.783441
1.371259
1.507062
1.588171
1.513419
1.071960
1.288008
1.784178
0.930801
1.536091
1.935190
1.378713
1.689254
0.938127
1.943868
1.342601
1.948707
1.180596
1.579996
1.198213
1.390089
1.022908
1.275202
1.363632
1.317162
1.106221
1.202908
1.537242
1.739643
1.691953
1.176890
1.966610
1.967072
1.728378
1.944321
1.515458
1.083450
1.186625
1.431999
1.389556
1.910901
1.699884
1.598994
1.811049
1.566156
1.936246
1.866545
1.810581
1.287351
1.538455
1.600392
1.529153
1.692316
1.405247
0.952090
0.921841
0.949533
1.434316
1.438668
1.337288
1.964147
1.842850
1.720533
1.472070
1.378321
0.975538
1.748706
1.581386
1.237171
1.743596
1.622855
1.059086
1.251406
1.636920
1.682036
1.268071
1.595582
1.990526
1.946537
1.365876
1.321479
1.066723
1.881911
1.232584
1.325782
1.807342
1.189300
1.430723
0.869896
1.244490
1.888849
0.922844
1.358300
1.933336
1.542827
1.307892
1.076065
0.962506
1.839973
1.484020
1.871562
1.173485
1.158694
1.732722
1.670659
1.806250
1.331090
1.207046
1.966632
0.988202
1.457513
1.621753
1.037587
1.266465
1.380944
1.168640
1.935694
1.637798
1.362016
1.421891
1.130485
1.227792
1.597097
1.329079
1.916279
1.933984
1.245615
1.361757
1.517700
1.356286
1.362447
1.315151
1.327630
0.961537
1.858586
1.712845
1.316198
1.643632
1.194132
1.274646
1.020562
1.877256
1.378073
0.937647
1.621963
1.867092
1.520855
1.732406
1.725388
1.304470
1.904240
1.794419
1.076901
1.705622
1.610634
1.995801
1.851743
1.177679
1.860763
1.478535
1.191517
1.515093
1.604677
1.765983
1.216330
1.923315
1.448969
1.770557
1.753435
1.500928
1.155151
1.865292
0.924429
1.936114
1.995702
1.887936
1.864013
1.686835
1.602937
1.059784
1.269075
1.568377
1.900420
1.592609
1.532563
1.460997
1.473507
1.920522
1.123324
1.745363
1.834671
1.872631
1.665860
1.455636
