1.876963
1.949101
1.965478
1.934063
1.993736
1.822659
1.889559
1.870388
1.845701
1.962255
1.993298
1.927562
1.903624
1.968475
1.729444
1.769022
1.979367
1.794418
1.847533
1.950385
1.967403
1.788894
1.605533
1.938421
1.997195
1.852314
1.944126
1.663358
1.780017
1.932625
1.943296
1.784320
1.749122
1.802046
1.944635
1.712973
1.991607
1.874213
1.898128
1.813253
1.755209
1.997314
1.897639
1.963895
1.613402
1.590277
1.944320
1.619947
1.809601
1.863663
1.955127
1.804406
1.668383
1.807561
1.911388
1.489522
1.954422
1.805527
1.747067
1.626992
1.791702
1.794092
1.948303
1.691370
1.558480
1.860951
1.807703
1.954434
1.436541
1.608303
1.644862
1.715775
1.976283
1.943107
1.564769
1.549829
1.889294
1.891235
1.907495
1.928868
1.726828
1.959191
1.985528
1.807005
1.862562
1.530048
1.925630
1.954486
1.939311
1.699544
1.945452
1.878456
1.906145
1.763388
1.518345
1.933457
1.586215
1.560274
1.575353
1.585267
1.662862
1.686335
1.701099
1.871357
1.946497
1.376146
1.611655
1.633772
1.924057
1.556096
1.855909
1.569457
1.760327
1.481930
1.907684
1.469604
1.777663
1.406678
1.544998
1.766458
1.920441
1.874454
1.926492
1.703636
1.425804
1.992201
1.414152
1.759302
1.519992
1.867870
1.830973
1.970468
1.593895
1.669527
1.315897
1.743450
1.540344
1.640086
1.593183
1.681590
1.813127
1.831009
1.600764
1.565302
1.412517
1.685620
1.742288
1.924967
1.885386
1.467220
1.999108
1.995307
1.804781
1.392069
1.935379
1.459911
1.505201
1.916642
1.868502
1.309530
1.798389
1.958059
1.821795
1.261520
1.713492
1.751583
1.873828
1.716799
1.635345
1.237408
1.989145
1.516250
1.428416
1.884577
