1.988017
1.999415
1.799785
1.965396
1.937809
1.972317
1.941695
1.934317
1.866057
1.834513
1.977840
1.835964
1.946847
1.936389
1.994596
1.859357
1.921226
1.922039
1.744880
1.896281
1.936567
1.957326
1.857964
1.997939
1.931853
1.836761
1.855257
1.752125
1.895055
1.821116
1.750103
1.838123
1.879180
1.810179
1.729779
1.661123
1.730303
1.966566
1.816836
1.755816
1.866145
1.633561
1.995624
1.943468
1.868795
1.935368
1.925526
1.676932
1.889057
1.913308
1.830268
1.900952
1.936137
1.814054
1.972479
1.560058
1.832940
1.737007
1.904794
1.908487
1.724983
1.743609
1.533894
1.508661
1.653996
1.958415
1.634857
1.677851
1.653951
1.867143
1.792373
1.781101
1.908494
1.627947
1.738386
1.710703
1.612309
1.476345
1.679444
1.880572
1.758874
1.727346
1.826623
1.848164
1.575575
1.723659
1.627873
1.449712
1.696442
1.647494
1.890689
1.604582
1.654524
1.882902
1.709713
1.965918
1.862684
1.749899
1.571733
1.853851
1.741743
1.817673
1.541251
1.923387
1.932263
1.573686
1.785414
1.499282
1.847780
1.435640
1.981562
1.356473
1.614849
1.873535
1.690871
1.737585
1.941260
1.879696
1.716531
1.680700
1.608691
1.479952
1.428459
1.815172
1.954745
1.815085
1.638909
1.881576
1.463138
1.990960
1.878065
1.745523
1.681803
1.921329
1.937565
1.680913
1.776566
1.590807
1.891113
1.753035
1.532504
1.881113
1.649269
1.496379
1.447899
1.282381
1.830299
1.954192
1.757627
1.996023
1.605434
1.838026
1.608053
1.658478
1.427651
1.565057
1.433457
1.627509
1.954052
1.771605
1.923923
1.552945
1.375273
1.804232
1.755458
1.570718
1.627192
1.616660
1.326641
1.379416
1.488341
1.161525
1.987782
1.933870
1.523372
