1.942820
1.910546
1.757466
1.910987
1.926560
1.837547
1.922873
1.901250
1.882237
1.545707
1.978407
1.922491
1.993852
1.904362
1.730958
1.978191
1.545379
1.963034
1.706355
1.979477
1.743704
1.991979
1.988851
1.927995
1.375935
1.872146
1.710708
1.681652
1.779041
1.632294
1.973292
1.691440
1.806982
1.817130
1.794357
1.696550
1.840999
1.980926
1.615056
1.818344
1.530003
1.911363
1.645176
1.854572
1.331084
1.539588
1.958374
1.667285
1.929364
1.981346
1.602392
1.921450
1.969572
1.765189
1.622673
1.560550
1.581098
1.681748
1.754606
1.860560
1.803999
1.888361
1.756961
1.767281
1.787805
1.476406
1.990769
1.677991
1.439761
1.590226
1.990460
1.743738
1.842021
1.758182
1.991265
1.767306
1.947136
1.605605
1.539378
1.738218
1.743930
1.914579
1.670644
1.866689
1.526959
1.699544
1.914676
1.713569
1.861551
1.273664
