1.867906
1.954616
1.815909
1.891191
1.808429
1.899240
1.881906
1.841511
1.951103
1.965449
1.924622
1.811809
1.762573
1.980640
1.406922
1.937579
1.908270
1.640062
1.967099
1.902196
1.844576
1.939872
1.726898
1.880533
1.659820
1.750309
1.898382
1.804822
1.982744
1.811425
1.569223
1.599249
1.974725
1.925452
1.971386
1.831015
1.900853
1.836821
1.892890
1.596009
1.921632
1.856301
1.999949
1.892671
1.371887
1.449443
1.646285
1.920761
1.937078
1.765257
1.752477
1.920846
1.748194
1.808260
1.985856
1.750186
1.924831
1.502850
1.751108
1.944543
1.629087
1.940441
1.648671
1.721707
1.570380
1.932328
1.581766
1.816733
1.750314
1.990393
1.528752
1.903633
1.548424
1.931426
1.654676
1.582100
1.413531
1.585173
1.617553
1.572221
1.797649
1.660103
1.988570
1.486871
1.935862
1.344725
1.821709
1.464346
1.931573
1.889789
1.867515
1.584686
1.833286
1.993752
1.382769
1.386255
1.469596
1.905221
1.494178
