1.614232
1.505867
1.915258
1.955735
1.757025
1.943525
1.891959
1.983713
1.998905
1.758041
1.674852
1.885976
1.793138
1.801293
1.537746
1.931979
1.918300
1.917831
1.623116
1.997172
1.970437
1.932490
1.775567
1.912243
1.825984
1.678178
1.972893
1.663415
1.841969
1.977260
1.865279
1.977186
1.975044
1.756868
1.839114
1.975556
1.803610
1.474588
1.686810
1.709704
1.488310
1.877816
1.857798
1.935723
1.662460
1.967410
1.903679
1.685963
1.902833
1.888966
1.941500
1.574414
1.487997
1.884767
1.655312
1.460773
1.567095
1.349331
1.622100
1.607963
1.425955
1.513464
1.790186
1.618426
1.615452
1.895428
1.751265
1.594189
1.787475
1.856982
1.662472
1.504791
1.816604
1.274534
1.753689
1.733670
1.402758
1.328617
