1.991172
1.990836
1.923681
1.943043
1.998148
1.916172
1.978873
1.943248
1.973336
1.941908
1.991627
1.927880
1.937232
1.985790
1.900799
1.959936
1.810230
1.945113
1.969767
1.802482
1.917524
1.962374
1.971393
1.849276
1.826582
1.960044
1.741893
1.956090
1.994061
1.881511
1.854220
1.591522
1.944127
1.860780
1.878665
1.925010
1.597739
1.748895
1.993297
1.692874
1.961350
1.865884
1.871461
1.930833
1.630525
1.876783
1.977344
1.964862
1.856551
1.660831
1.761481
1.732331
1.949379
1.642603
1.897698
1.640052
1.823452
1.769602
1.905570
1.682668
1.730462
1.797762
1.462142
1.990295
1.951798
1.949583
1.787436
1.537274
1.779470
1.923887
1.864640
1.946233
1.668932
1.968830
1.676077
1.919668
1.644672
1.847984
1.637807
1.884165
1.741596
1.892162
1.970881
1.736799
1.916969
1.941374
1.744779
1.817278
1.986141
1.834300
1.775976
1.833272
1.503938
1.721129
1.829584
1.886055
1.972938
1.840053
1.578427
1.581178
1.910524
1.892687
1.718986
1.958125
1.769239
1.905561
1.407320
1.532546
1.916406
1.628714
1.805321
1.474444
1.403827
1.824102
1.621464
1.964090
1.952378
1.481814
1.917594
1.833705
1.680509
1.821664
1.571691
1.488743
1.773062
1.448546
1.962790
1.957362
1.885567
1.938634
1.674706
1.467074
1.753721
1.891572
1.585513
1.632295
1.870808
1.362571
1.974553
1.539109
1.925497
1.782158
1.620337
1.875042
1.989335
1.975415
1.979624
1.901936
1.627236
1.834611
1.924631
1.714719
1.372822
1.674075
1.363476
1.482064
1.848993
1.679095
1.753046
1.969029
1.969179
1.462632
1.415739
1.742077
1.487159
1.366565
1.679922
1.601235
