1.948376
1.816988
1.684377
1.748533
1.837030
1.893312
1.817226
1.913944
1.907368
1.944400
1.795953
1.331807
1.810906
1.896937
1.606775
1.534467
1.891048
1.920238
1.442481
1.712899
1.277874
1.354064
1.574548
1.421852
1.653885
1.617289
1.878505
1.538973
1.857875
1.949397
1.498116
1.163081
1.792539
1.913983
1.436363
1.695722
1.954708
1.697573
1.447262
1.378456
1.540142
1.794555
1.452493
1.859084
1.696683
1.829362
1.947091
1.993578
1.645583
1.468983
1.933842
1.364718
1.939632
1.896405
1.994092
1.368860
1.449203
1.681890
1.611922
1.453086
1.884360
1.671984
1.724724
1.993127
1.993098
1.571309
1.673341
1.889015
1.889796
1.777209
1.971030
1.589870
1.960838
1.586808
1.729077
1.966968
1.275968
1.917502
1.919372
1.498633
1.445787
1.558917
1.178932
1.881800
1.581838
1.414964
1.266762
1.703587
1.877685
1.917236
1.806537
1.673657
1.468848
1.862536
1.821508
1.418016
1.311228
1.898427
1.720923
1.983486
1.947998
1.961615
1.682927
1.334758
1.387752
1.732889
1.617206
1.706522
1.418324
1.328358
1.972545
1.251922
1.476613
1.484033
1.504559
1.406288
1.879767
1.987795
1.803774
1.954749
1.838566
1.992187
1.822077
1.352840
1.574899
1.994712
1.990329
1.428467
1.412350
1.363101
1.537464
1.910150
1.935978
1.886511
1.490628
1.789487
1.633577
1.991807
1.137163
1.623862
1.361090
1.865334
1.778779
0.966845
1.734658
1.355450
1.801095
1.153921
1.238588
1.370245
1.701486
1.555474
1.969678
1.928063
1.213220
1.469552
1.058638
1.387582
1.232120
1.697202
1.316959
1.963616
1.065646
1.863266
1.806970
1.974899
0.949913
1.195681
1.160316
1.820542
1.815989
1.837551
1.825637
1.429133
1.950925
1.287345
1.330820
1.497368
1.293421
1.610717
1.733110
1.215337
1.656177
1.512936
1.391217
1.733691
1.775349
1.108241
1.375869
1.307468
1.872260
1.383726
1.871600
1.163124
1.615242
1.567377
1.643744
1.593574
1.833589
1.716746
1.944884
1.892469
1.704157
1.844749
1.580788
1.256013
1.570346
1.965792
1.526288
1.136779
1.365363
1.311392
1.494447
1.857200
1.255664
1.893647
1.358512
1.511805
1.881183
1.434366
1.773823
1.711966
1.664131
1.579868
1.746783
1.866683
1.924341
1.617906
1.092056
1.835733
1.640317
1.627049
1.964111
1.704125
1.518461
1.606177
1.118046
1.548541
1.962708
1.587684
1.398580
1.452865
1.341645
1.938048
1.572958
1.953620
1.798979
1.966322
1.790524
1.049251
1.123714
1.370950
1.300273
1.447823
1.538957
1.003099
1.592206
1.422870
1.720381
1.491445
1.813522
1.534149
1.532539
1.988548
1.559282
1.001788
1.968936
1.366513
1.280086
1.587714
1.355945
1.560474
1.332972
1.463789
1.368604
1.761841
1.838170
1.270428
0.919785
1.980611
1.240648
1.000807
1.615709
1.531270
1.397070
1.872699
1.896598
1.792106
1.755724
1.278370
1.147396
1.556724
1.778569
1.520546
1.573681
1.481600
1.382403
1.708756
1.829433
1.213052
1.952325
1.940481
0.983008
1.699223
1.887436
1.554384
1.195367
1.775903
1.560280
1.862504
1.368899
1.725201
0.902364
1.913283
1.645149
1.688259
1.506420
1.603297
1.456708
1.670642
1.132171
1.957578
1.729573
1.621526
1.142609
1.024529
1.366688
1.405622
1.988124
1.752818
1.765121
1.317836
1.782763
1.198885
1.574218
1.328753
1.088635
1.320256
1.174669
1.909971
1.697268
1.930063
0.876792
1.424464
1.374872
1.582690
1.226544
1.976416
1.184129
1.865011
1.407764
1.925969
1.767225
1.903629
1.719201
1.613257
1.569663
1.262057
1.699714
1.487708
1.580708
1.648986
1.946671
1.761917
1.520822
1.982794
1.791710
1.068366
1.986138
1.538948
1.842175
1.798063
1.169873
1.783717
1.999161
1.241438
1.619698
1.915757
1.285752
1.849834
1.357127
1.227703
1.566578
1.579822
1.599677
1.486820
1.026479
1.430808
1.703461
1.322168
1.512493
1.930172
1.301989
1.501931
1.859892
1.050239
1.027509
1.361045
1.756360
1.164730
1.245525
1.097468
1.008166
1.955993
1.304214
1.938367
1.087313
1.542370
1.728475
1.411375
1.581834
0.907429
1.219154
1.905396
1.075938
1.242828
1.995598
1.126478
1.394089
1.759957
1.956227
1.931303
1.947841
1.538624
1.930005
1.704652
1.485355
1.618358
1.874739
1.891579
1.733705
1.279273
1.686911
1.307983
1.753912
1.551767
1.762459
1.721454
1.944685
1.108389
1.539279
1.720719
1.542109
1.959164
1.535482
1.568464
1.966637
1.829954
1.907220
1.925617
0.879419
1.283885
0.793222
1.388924
1.783089
1.227778
1.972095
1.612185
1.617161
1.699605
1.605419
0.923600
1.942559
1.606758
1.728284
1.516810
1.625972
1.580172
1.856655
0.940875
1.352670
1.780811
1.291200
1.808216
1.154185
1.068772
1.368165
1.714942
1.465567
1.141659
1.740388
1.398391
1.827988
1.631601
1.392875
1.296559
1.787238
1.141288
1.369458
1.779436
1.429629
1.691952
1.750697
1.538386
1.123735
1.941281
1.596124
1.669049
1.358849
1.714997
1.416477
1.426204
1.218011
1.369617
1.857075
1.293116
1.343656
1.648341
1.434380
1.830169
1.140166
1.750756
0.874517
1.608797
1.781813
1.952150
1.502737
1.091150
1.951220
1.605618
1.608896
1.567053
1.884504
1.713676
1.552506
1.062445
1.402088
1.526888
1.186892
1.736223
1.433905
1.264543
1.708408
1.326601
1.947071
1.144831
1.347922
1.334498
1.894421
1.604091
1.555142
1.721005
1.037405
1.566785
1.767795
1.039559
1.538513
1.704939
1.540102
0.942721
1.778169
1.293529
1.716642
1.583490
1.736242
1.594969
1.575798
0.794891
1.279975
1.792420
1.958255
1.176612
1.278014
0.945089
1.518010
1.423980
1.960552
1.375109
1.335528
1.004229
1.419760
1.885270
1.362748
1.456028
1.028317
1.639258
1.963141
1.786364
1.781618
1.656696
1.138582
1.854721
1.918397
1.037268
1.993393
1.446649
1.713846
1.871816
1.316578
1.764156
1.850176
1.723546
1.834082
1.584767
1.568529
1.053892
1.777228
1.807978
1.199676
1.477121
1.470412
1.462865
1.848218
1.188363
1.779557
1.867273
1.388031
1.350068
0.754176
1.116564
1.931865
1.806793
1.345887
1.928545
1.506214
1.854013
1.737649
1.781618
1.964865
1.730776
1.407791
1.812857
0.855794
1.647878
1.468282
1.788154
0.903360
1.977428
1.504824
1.857935
1.945066
1.920466
1.367604
1.496560
1.084339
1.396751
1.866561
1.528561
0.936432
