1.947317
1.977583
1.935770
1.815673
1.914098
1.907723
1.857262
1.981540
1.814434
1.991976
1.916463
1.987508
1.867563
1.783336
1.809419
1.974850
1.668861
1.927169
1.782199
1.936564
1.733428
1.893121
1.809013
1.971840
1.692367
1.573583
1.860187
1.743493
1.884337
1.684965
1.725228
1.824059
1.940868
1.801863
1.720565
1.681876
1.857062
1.905520
1.764682
1.940930
1.923271
1.796566
1.813612
1.753225
1.595836
1.929905
1.685324
1.847545
1.646174
1.654951
1.862200
1.834152
1.918806
1.631641
1.731541
1.950941
1.773491
1.685198
1.844478
1.882503
1.466352
1.640952
1.557579
1.764879
1.763238
1.831361
1.838885
1.824634
1.599546
1.637545
1.957799
1.560496
1.888506
1.627074
1.994544
1.696610
1.969605
1.590530
1.975610
1.695638
1.526009
1.918882
1.957725
1.573397
1.790063
1.503686
1.613528
1.685915
1.809559
1.550303
1.818854
1.963106
1.960079
1.662462
1.606299
1.646320
1.887604
1.964501
1.466867
1.664555
1.829396
1.805256
1.580283
1.941375
1.673673
1.984726
1.426052
1.873819
1.343182
1.549473
1.957317
1.627198
1.823825
1.945735
1.885595
1.494897
1.621162
1.667093
1.893594
1.600550
1.574223
1.621573
1.999809
1.579930
1.939709
1.946326
1.677996
1.822653
1.817176
1.644847
1.546139
1.463135
1.261413
1.894188
1.715782
1.515551
1.422087
1.963363
1.547682
1.971270
1.818961
1.668876
1.717398
1.960607
1.997586
1.535524
1.521366
1.929032
1.674226
1.511955
1.431915
1.622096
1.855768
1.753534
1.780310
1.891826
1.789886
1.874817
1.252013
1.985828
