1.931732
1.997682
1.906389
1.947031
1.976611
1.994133
1.965950
1.949120
1.853149
1.879992
1.992102
1.978911
1.946062
1.862936
1.833559
1.591346
1.873958
1.990029
1.968300
1.973545
1.966047
1.984844
1.923053
1.952034
1.945710
1.710431
1.881960
1.885829
1.911246
1.879958
1.970222
1.802654
1.995331
1.858982
1.659308
1.696027
1.844260
1.741414
1.832296
1.825290
1.732141
1.855990
1.738485
1.785485
1.679304
1.748708
1.724815
1.884327
1.674855
1.784311
1.910899
1.556813
1.841489
1.966176
1.774320
1.721104
1.733315
1.939970
1.958961
1.734418
1.992897
1.862792
1.950612
1.886865
1.945765
1.584435
1.690601
1.921045
1.470807
1.608582
1.741122
1.932646
1.718683
1.818654
1.858480
1.967951
1.976264
1.806817
1.937532
1.832370
1.735551
1.961276
1.563108
1.718737
1.537766
1.588276
1.486445
1.910567
1.779839
1.849874
1.781998
1.827911
1.889117
1.869568
1.888009
1.938621
1.564507
1.973272
1.714540
1.958218
1.517039
1.759536
1.842344
1.935580
1.955791
1.470314
1.524728
1.854604
1.688995
1.690379
1.976084
1.754769
1.752848
1.533616
1.513991
1.588142
1.613263
1.974430
1.848718
1.981006
1.507597
1.475358
1.331539
1.977840
1.855235
1.965756
1.695662
1.798994
1.967544
1.988378
1.896360
1.667121
1.717249
1.980543
1.659267
1.501162
1.380407
1.404005
1.342805
1.891053
1.900284
1.630893
1.325042
1.518979
1.284983
1.408345
1.318483
1.458847
