1.845882
1.805612
1.635254
1.970810
1.783350
1.516401
1.775930
1.764369
1.768409
1.695321
1.994799
1.556529
1.032037
1.825900
1.926137
1.575959
1.671772
1.168121
1.519399
1.558508
1.658949
1.701840
1.602742
1.722859
1.891813
1.780892
1.416262
1.118155
1.943392
1.784023
1.792025
1.991128
1.594627
1.612666
1.588673
1.313802
1.452463
1.145463
1.672499
1.567955
1.440793
1.301793
1.793986
1.606510
1.685543
1.344043
1.329193
1.690391
1.277983
1.900326
1.532128
1.178500
1.747233
1.956210
1.387437
1.398945
1.769371
1.927417
1.727892
1.870544
1.861268
1.526233
1.928399
1.998104
1.579856
1.533677
1.576235
1.747080
1.709095
1.219095
1.561045
1.765837
1.595187
1.609876
1.640009
1.102708
1.282347
1.441891
1.816327
1.131747
1.917431
1.962427
1.178259
1.595922
1.892641
1.057669
1.900919
1.607169
1.724777
1.179849
1.062933
1.164944
1.865371
1.930760
1.731526
1.773187
1.425376
1.900435
1.726972
1.714780
1.750258
1.513204
1.770526
1.323284
1.589271
1.933924
1.762172
1.733284
1.341019
1.396462
1.439521
1.421251
1.958164
1.285190
1.115821
1.929042
1.752705
0.982838
1.144917
1.942919
1.136829
1.177993
1.759623
1.664167
1.859458
1.751590
1.751702
1.440589
1.672159
1.218291
1.143341
1.691833
1.977894
1.481678
1.891154
1.482653
1.150994
1.882813
1.991810
1.577455
1.992722
1.501061
1.583986
1.857511
1.952756
1.380055
1.819252
1.201532
1.687729
1.612906
1.595812
1.995474
1.629495
1.776806
1.982395
1.640954
1.630479
1.873067
1.767457
1.278825
1.656520
1.187565
1.427907
1.757977
1.620390
1.502063
1.932754
1.562882
1.673336
1.574221
1.170936
1.516579
1.515732
1.236799
1.322270
1.808247
1.724687
1.692292
1.003251
1.660457
1.521410
1.320173
1.828325
1.749584
1.592054
1.814462
1.541330
1.381442
0.969756
1.723858
1.315865
1.930794
1.848967
1.405104
1.748270
1.830169
1.630621
1.320977
1.585622
1.777169
1.373430
1.389374
1.788224
1.466357
1.701666
1.783981
1.239424
0.965347
1.489067
1.289287
1.672156
1.800876
0.999301
1.720310
1.294288
1.787482
1.241711
1.784010
1.606630
1.643668
1.364816
1.560375
1.819005
0.985496
1.677901
0.819838
1.814437
1.587960
1.404615
1.903083
1.503805
1.537502
1.624709
1.291138
1.942894
1.544592
1.535794
1.622259
1.750050
1.092387
1.011192
1.308364
0.878805
1.462617
0.862861
