1.990803
1.971311
1.992596
1.860933
1.891924
1.952094
1.875176
1.894761
1.849647
1.919788
1.965411
1.848322
1.861593
1.926597
1.829914
1.871555
1.963769
1.879103
1.964778
1.708966
1.798146
1.975656
1.990832
1.923648
1.706690
1.998212
1.696195
1.966227
1.661657
1.755491
1.863180
1.892306
1.998401
1.885091
1.924834
1.928110
1.874743
1.916336
1.725403
1.968355
1.720268
1.675907
1.863163
1.955628
1.954518
1.677947
1.641628
1.937201
1.890166
1.858703
1.835417
1.862600
1.951283
1.899221
1.919598
1.886188
1.794101
1.583115
1.971345
1.751219
1.932667
1.911157
1.839090
1.954591
1.773036
1.700338
1.632289
1.583794
1.630258
1.941422
1.949732
1.755858
1.594425
1.632597
1.691985
1.726852
1.954172
1.796981
1.968828
1.765800
1.997064
1.508780
1.644735
1.699529
1.580525
1.624452
1.714091
1.532696
1.846536
1.845436
1.597364
1.715841
1.864520
1.658462
1.733707
1.649489
1.960221
1.475707
1.968699
1.513467
1.464111
1.831410
1.774254
1.648081
1.459746
1.891026
1.710117
1.917233
1.880210
1.707919
1.484777
1.608819
1.568862
1.520042
1.590679
1.877574
1.812842
1.728142
1.651924
1.587255
1.801971
1.667708
1.446929
1.327330
1.906064
1.501683
1.822220
1.810295
1.953610
1.534190
1.810670
1.504337
1.283431
1.688719
1.943753
1.313062
1.921541
1.947802
1.966483
1.840266
1.795412
1.291272
1.999691
1.780874
1.709218
1.327758
1.960703
1.791582
1.983320
1.541495
1.838840
