1.875994
1.470661
1.839235
1.816698
1.729162
1.496147
1.755938
1.937062
1.632971
1.892348
1.982781
1.939819
1.475403
1.938382
1.522089
1.567545
1.840760
1.683850
1.952408
1.537540
1.558999
1.819087
1.732687
1.832260
1.679879
1.999008
1.855966
1.516627
1.832423
1.466802
1.962693
1.519120
1.959630
1.688065
1.840240
1.705062
1.697940
1.829609
1.417295
1.304900
1.996729
1.734689
1.928267
1.853779
1.657228
1.813684
1.937629
1.838866
1.555668
1.349555
1.964516
1.455365
1.938824
1.326244
1.930467
1.540150
1.393398
1.459561
1.736507
1.990623
1.837245
1.320873
1.788061
1.523103
1.984665
1.470637
1.300053
1.934000
1.964497
1.633989
1.697984
1.016004
1.436047
1.999367
1.938132
1.898825
1.459786
1.836734
1.852064
1.332509
1.599865
1.714156
1.768186
1.725576
1.889135
1.950560
1.603019
1.953372
1.816063
1.868846
1.992545
1.624792
1.917581
1.981769
1.325357
1.753130
1.713597
1.863328
1.745200
1.506450
1.599125
1.312375
1.714167
1.838419
1.638143
1.644254
1.471927
1.701646
1.470494
1.803806
1.040953
1.327846
1.660016
1.792442
1.547410
1.581248
1.775561
1.400476
1.687621
1.564731
1.969344
1.043697
1.807862
1.983367
1.331850
1.819212
1.858522
1.830862
1.957729
1.924789
1.518536
1.420045
1.515519
1.143406
1.933597
1.447924
1.118618
1.969646
1.728674
1.303348
1.679086
1.974030
1.873704
1.554509
1.267612
1.867154
1.939992
1.612967
1.351440
1.878816
1.161769
1.678697
1.591592
1.215780
1.714471
1.073435
1.334757
1.689066
1.142621
1.851799
1.576597
1.731035
1.599958
1.249861
1.887487
1.580762
1.395661
1.804424
1.918062
1.136574
1.796508
1.634530
1.595782
1.927647
1.749142
1.749458
1.526116
1.391516
1.906600
1.922333
1.575622
1.762743
1.298407
1.529311
1.805441
1.298407
1.864950
1.871959
1.800282
1.580285
1.215398
1.976596
1.180448
1.981789
1.283854
1.377765
1.894335
1.601707
1.320016
1.207745
1.387785
1.962249
1.184122
1.302810
1.998174
1.536419
1.777310
1.543895
1.513877
1.315830
1.853447
1.579493
1.446985
1.473350
1.281383
1.732657
1.736883
1.659566
1.375022
1.592483
1.982758
1.780221
1.973096
1.422513
1.555046
1.810823
1.986961
1.503494
1.276816
1.581345
1.249805
1.922844
1.671680
1.531316
1.509227
1.834099
1.978200
1.812765
1.970208
1.736398
1.706393
1.753164
1.305671
1.166051
1.783162
1.670388
1.886690
1.314197
1.520092
1.161969
1.902802
1.635151
1.558954
1.571139
1.540416
1.876073
1.061586
1.150092
1.477600
1.570373
1.800478
1.837373
1.379286
1.029266
1.667097
1.264507
1.595534
1.590475
1.692432
1.750755
1.092335
1.553670
1.548391
1.369340
1.476904
1.884630
1.755128
1.376784
1.781714
1.175199
1.916701
1.777020
1.644348
1.498849
1.689868
1.906339
1.605999
1.597650
1.729018
1.395493
1.744936
1.921292
1.621761
1.706182
1.563139
1.773512
1.236235
1.590230
1.175457
1.130271
1.497723
1.927941
1.895755
1.751198
1.640134
1.869332
1.274923
1.663051
1.262108
1.932678
1.670557
1.656396
1.820971
1.418977
1.279844
1.825468
1.822687
1.664689
1.415795
1.729241
1.825307
1.570035
1.309728
1.639334
1.455429
1.826947
1.878963
1.985363
1.938398
1.580947
1.730403
1.903178
1.470585
1.145016
1.613091
1.972276
1.676663
1.905005
1.861814
1.650065
1.201725
1.898511
1.377312
1.223302
1.627383
1.964805
1.782390
1.260091
1.646022
1.317977
1.727555
1.134245
1.290860
1.540291
1.348675
1.185249
1.959461
1.920416
1.592713
1.987656
1.433131
1.204762
1.572170
1.997766
1.950687
1.563789
1.317995
1.195460
1.548035
1.554001
1.509691
1.715689
1.568568
1.736421
1.471548
1.321869
1.951721
1.204909
1.555260
1.506825
1.719737
1.744314
1.473412
1.531754
1.580600
1.104581
1.817166
1.469874
1.932374
1.407943
1.658346
1.541707
1.273069
1.506319
1.678951
1.638251
1.756584
1.550485
1.618201
1.856156
1.447331
1.276788
1.487069
1.682544
1.779759
1.750964
1.502817
1.451353
1.584262
1.157517
1.930651
1.878954
1.801714
1.888276
1.875837
1.879296
1.776166
1.901601
1.451900
1.986099
1.662976
1.573460
1.403341
1.913517
1.872093
1.699612
1.817468
1.668895
1.894771
1.944561
1.769512
1.686594
1.548970
1.167566
1.728363
0.894848
1.927857
1.661476
1.787232
1.198897
1.403053
1.163280
1.874467
1.608701
1.152123
1.470039
1.353110
1.937508
1.172339
1.454264
1.130273
1.326056
1.588802
1.527773
1.840930
1.986471
1.086648
1.965234
1.450976
1.827306
1.857386
1.710991
1.611374
1.958426
1.705938
1.832295
1.871006
1.739616
1.426078
1.258151
1.605461
1.758670
1.165986
1.368334
1.527854
1.731338
1.292473
1.175505
1.967824
1.771699
1.606591
1.555196
1.817320
1.774194
1.985416
1.629520
1.992041
1.570302
1.438477
1.309857
1.908471
1.599080
1.710413
1.723656
1.140334
1.879981
1.328617
1.827935
1.846651
1.909777
1.488915
1.672036
1.336753
1.289572
1.289376
1.898754
1.784854
1.328159
1.469775
1.846331
1.255396
1.610095
1.833024
1.838196
1.018409
1.937454
1.751320
1.233118
1.479389
1.874552
1.476888
0.991586
1.832064
1.338399
1.446865
1.285601
1.385202
1.754985
1.690755
1.671362
1.616992
0.826375
1.882971
1.858003
1.335137
1.436075
1.787680
1.988337
1.814521
1.912104
1.559385
1.085455
1.922697
1.160067
1.956861
1.835951
1.470683
1.283846
1.516706
1.356348
1.955545
1.560067
1.882916
1.191634
1.411020
1.829098
1.391372
1.456757
1.914219
1.925416
1.985363
1.635174
1.594438
0.971107
1.005318
1.667144
1.999344
1.594319
1.917811
1.390650
1.744344
1.562508
1.007191
1.858909
1.780528
1.225505
1.286282
1.179961
1.761270
1.502501
1.865696
1.843108
1.136701
1.102080
1.151336
1.841770
1.125048
1.843734
1.768853
1.612778
1.199736
1.472845
1.602289
1.597481
1.318196
1.178687
1.789511
1.248447
1.746650
1.884944
1.180447
1.830429
1.752829
1.539181
1.647352
1.839065
1.691322
1.870573
1.878956
1.314486
1.515687
1.659521
1.861676
1.847450
1.726891
1.812282
1.886829
1.206673
1.958755
1.012608
1.298901
1.769554
1.888034
1.831868
1.304668
1.912149
1.684618
1.767021
1.449815
1.214662
1.813794
1.224453
1.481525
1.865286
1.729788
1.815357
1.795193
1.364492
1.777835
0.835648
1.314628
1.452491
1.636542
1.106661
1.378547
1.240454
1.397402
1.508638
0.838919
1.921445
1.446061
1.902962
1.135387
1.171312
1.573979
1.819486
1.512143
1.669236
1.529420
1.716853
1.522124
1.300397
1.137860
1.726741
1.367085
1.508708
1.246732
1.925275
0.854128
1.130960
1.725112
1.486327
1.838277
1.423778
1.976622
1.705286
1.695371
1.405091
1.630567
1.862101
1.395511
1.272984
1.518540
1.700540
1.366002
1.683657
1.002415
1.025362
1.915703
1.290365
1.911751
1.192846
1.477296
1.322466
1.462819
1.179488
1.040116
1.305467
1.679619
1.816367
1.894661
1.004349
1.323644
1.250385
1.402982
1.393801
1.093384
1.871152
1.666402
1.563080
1.221175
1.794817
1.134438
1.377031
1.806657
1.395234
0.831545
1.192226
1.176312
1.998511
1.810122
1.557010
1.863160
1.472779
1.468357
1.824813
1.283153
1.784410
1.969152
1.424064
1.278417
1.812414
1.598218
1.455000
1.743515
1.363986
1.607804
1.344454
1.236743
1.315088
1.678866
1.346619
1.028189
1.521390
1.216949
1.011465
1.896654
1.315844
1.364672
1.017934
1.670037
1.641816
1.416609
1.186072
1.537347
1.399428
1.860359
1.988946
1.322374
1.877077
1.517187
1.221606
1.096315
1.456967
1.834533
1.118272
1.901548
1.280291
1.896567
1.148732
1.816349
1.899092
1.284165
1.298606
1.826829
1.943920
1.617427
1.482261
1.947845
1.424685
1.054212
1.323661
1.993813
1.161778
1.580543
1.234416
1.852247
1.952350
1.840132
1.490360
1.523880
1.560298
1.401585
1.504844
1.109949
1.586386
1.354947
1.484620
1.179805
1.571608
1.923583
1.944695
1.816331
0.998163
1.976863
1.464921
1.993518
1.968555
1.736759
1.383528
1.321949
1.811656
1.758611
1.720496
1.530459
1.314512
1.206447
1.855157
1.479815
1.139205
1.152253
1.839633
1.607148
1.507857
1.132828
1.370892
1.419588
1.808425
1.053642
1.724470
0.758783
1.501408
1.565381
1.854453
1.187243
1.831560
1.979281
1.449285
1.340108
0.872031
1.153210
1.704075
1.829155
1.789285
1.852404
1.884725
1.568042
1.552096
1.132218
1.420441
1.670144
1.835284
1.836404
1.916218
1.220108
1.151966
1.031147
1.695036
1.024128
1.888770
1.183721
1.288451
1.691063
1.466249
1.892142
1.321078
1.903140
1.522824
1.617885
1.554567
1.163742
1.369701
1.462398
1.771249
1.438949
1.400637
1.116911
1.320630
0.893239
1.621315
1.008296
1.792766
1.917844
1.906566
1.693273
1.882794
1.886919
1.770157
0.999705
1.075886
1.770304
1.947680
0.949190
1.838995
1.276430
1.726996
1.460859
1.513289
0.820855
1.025800
0.840434
1.172032
1.870473
1.802484
1.660928
1.109306
1.163743
0.976896
1.098433
1.545970
1.402215
1.589823
1.589955
1.765412
1.926863
1.601929
1.433125
1.881279
1.062248
1.607680
0.871888
0.943329
1.810662
0.970093
1.384049
1.697764
1.559135
1.749757
