1.938331
1.944716
1.809835
1.904614
1.885768
1.999120
1.882865
1.966429
1.874668
1.978657
1.985314
1.974089
1.836369
1.927195
1.955185
1.876326
1.875022
1.882341
1.749329
1.944980
1.850695
1.802302
1.883098
1.860500
1.760396
1.774277
1.818229
1.501783
1.830433
1.754628
1.957839
1.877369
1.922933
1.819359
1.700144
1.545331
1.714274
1.890310
1.641418
1.861400
1.901979
1.851243
1.811866
1.674189
1.973445
1.698123
1.845297
1.677548
1.966781
1.979908
1.967350
1.905729
1.977344
1.748701
1.833974
1.964456
1.752344
1.970477
1.787863
1.834065
1.957146
1.880932
1.886588
1.850032
1.822276
1.804213
1.821465
1.709705
1.744371
1.909115
1.994244
1.828822
1.914775
1.677154
1.944163
1.789860
1.797864
1.735681
1.676832
1.747070
1.610637
1.484533
1.831239
1.629392
1.766904
1.672427
1.741353
1.665500
1.521299
1.935586
1.601623
1.735888
1.528480
1.666494
1.745662
1.823465
1.778933
1.739147
1.951115
1.894554
1.840803
1.701397
1.810488
1.723153
1.831604
1.890780
1.979999
1.568172
1.679844
1.677680
1.815161
1.497513
1.541640
1.933965
1.964502
1.427357
1.919018
1.670400
1.844754
1.708227
1.920072
1.976363
1.869167
1.848100
1.972426
1.492290
1.822420
1.699092
1.740616
1.518369
1.848915
1.554802
1.932532
1.779579
1.520412
1.520567
1.308674
1.963328
1.526825
1.475889
1.980890
1.950977
1.849982
1.450278
1.937904
1.203477
1.290497
1.542663
1.448772
1.271049
1.626272
1.724154
1.757128
