1.821524
1.983335
1.878407
1.936895
1.986628
1.930409
1.970223
1.711377
1.960189
1.804474
1.828679
1.751442
1.984951
1.884918
1.893218
1.958718
1.786134
1.747105
1.874059
1.981279
1.971578
1.787781
1.689938
1.967607
1.692038
1.951433
1.999197
1.851968
1.719749
1.846122
1.934230
1.828930
1.856549
1.881433
1.744164
1.601459
1.888866
1.901487
1.908600
1.962232
1.868899
1.962197
1.963523
1.884594
1.971545
1.760421
1.700049
1.786795
1.716333
1.691886
1.972862
1.794440
1.998918
1.798960
1.977928
1.567647
1.991369
1.887416
1.828966
1.969413
1.921623
1.893410
1.683168
1.851932
1.804980
1.850197
1.854031
1.957061
1.831022
1.933112
1.639222
1.807123
1.745330
1.938032
1.623325
1.752413
1.935784
1.960947
1.650467
1.761048
1.645429
1.874389
1.959354
1.913270
1.904310
1.962901
1.786635
1.846835
1.534551
1.476759
1.998386
1.715976
1.565100
1.558438
1.927266
1.790471
1.721086
1.930186
1.914398
1.731733
1.533741
1.677117
1.939455
1.690664
1.583131
1.703721
1.712128
1.828008
1.675074
1.542862
1.910135
1.981238
1.754900
1.883043
1.914523
1.993794
1.737455
1.850375
1.414380
1.548696
1.474700
1.845033
1.689098
1.669144
1.710510
1.432486
1.868669
1.944948
1.717155
1.534522
1.544958
1.716824
1.537521
1.940130
1.478725
1.628547
1.980242
1.716972
1.687664
1.707825
1.622176
1.922213
1.946222
1.986697
1.541264
1.980127
1.666317
1.677797
1.972051
1.874846
1.857981
1.590325
1.602223
1.793267
1.970897
1.896861
1.617112
1.527758
1.802056
1.573314
1.979599
1.810810
1.792561
1.894997
1.893324
1.875254
1.522884
1.677894
1.882315
1.984214
1.592922
1.981916
1.945010
1.843728
1.707757
1.350788
1.602274
1.515035
1.689911
1.749827
1.585651
1.727063
1.354260
1.584789
1.370919
1.844417
1.875993
1.594617
