1.989302
1.988518
1.876938
1.872565
1.875785
1.988043
1.984676
1.910613
1.850640
1.904655
1.860797
1.802948
1.866736
1.957031
1.874602
1.920942
1.797942
1.728154
1.775694
1.993115
1.874010
1.728036
1.987422
1.823407
1.951129
1.955772
1.914437
1.589948
1.726459
1.773324
1.851913
1.871958
1.832215
1.941125
1.922376
1.863332
1.633271
1.880161
1.786044
1.679723
1.515773
1.851525
1.927042
1.764482
1.901674
1.995597
1.867272
1.773549
1.891013
1.686616
1.725603
1.596136
1.629853
1.856072
1.875102
1.942700
1.960035
1.728128
1.975628
1.723546
1.691242
1.514802
1.863504
1.734581
1.745105
1.587099
1.787844
1.784357
1.985636
1.983705
1.968908
1.975974
1.772251
1.597748
1.911917
1.760696
1.899906
1.592453
1.957393
1.800803
1.974505
1.723476
1.908372
1.705751
1.598272
1.928672
1.727648
1.390878
1.902570
1.859114
1.760356
1.793964
1.833567
1.939623
1.860830
1.573834
1.672188
1.844387
1.951917
1.700127
1.833915
1.522388
1.834097
1.909052
1.866527
1.839395
1.605742
1.772587
1.472348
1.815062
1.682159
1.966890
1.526661
1.641775
1.485040
1.822880
1.521057
1.435881
1.443608
1.506303
1.676993
1.913327
1.706678
1.837629
1.878269
1.881335
1.906566
1.759301
1.397988
1.584308
1.815412
1.511945
1.920862
1.411085
1.563564
1.536299
1.796384
1.939095
1.412516
1.760833
1.658768
1.576522
1.880760
1.739602
1.548152
1.406435
1.773597
1.366348
1.509867
1.955997
1.518251
1.472891
1.849329
1.500421
1.691138
1.352807
1.897489
1.444301
1.390449
1.730846
1.792983
1.450156
1.707405
1.541307
1.479364
1.910685
1.373428
1.587864
1.919709
1.870257
1.748867
1.705141
1.510402
1.884502
