1.964824
1.958793
1.850442
1.264285
1.806853
1.903634
1.784973
1.740693
1.336660
1.513218
1.783043
1.485530
1.944914
1.848033
1.165001
1.398069
1.697125
1.715859
1.572688
1.838069
1.979831
1.641503
1.729800
1.370854
1.572332
1.742761
1.656690
1.635541
1.876713
1.303100
1.513876
1.922180
1.114272
1.907618
1.444162
1.811995
1.788458
1.761054
1.943986
1.476384
1.899645
1.481277
1.727046
1.928486
1.980626
1.858330
1.643054
1.974352
1.392937
1.331936
1.389377
1.264478
1.915410
1.942741
1.047064
1.818238
1.855412
1.934723
1.834219
1.815031
1.539611
1.993883
1.436015
1.566837
1.687002
1.947223
1.743736
1.907290
1.578713
1.756149
1.961470
1.690415
1.669702
1.576637
1.760027
1.447024
1.375817
1.466915
1.389338
1.397379
1.738961
1.883188
1.330142
1.804914
1.950551
1.818363
1.746595
1.696763
1.341984
1.293365
1.192678
1.784935
1.097030
1.820527
1.773175
1.240558
1.988981
1.963536
1.633985
1.490529
1.449250
1.832720
1.415339
1.805239
1.284984
1.644637
1.263102
1.845261
1.907177
1.949245
1.531736
1.424471
1.193201
1.978309
1.665663
1.170802
1.313622
1.658135
1.800301
1.449277
1.871582
1.004481
1.433642
1.076132
1.979271
1.729179
1.950551
1.471532
1.244455
1.456051
1.955303
1.854607
1.702658
1.773104
1.568647
1.280824
1.635012
1.489272
1.692745
1.949144
1.317828
1.401363
1.835358
1.850482
1.329389
1.172428
1.091217
1.206546
1.731205
1.514543
1.908594
1.694515
1.479895
1.480293
1.881464
1.806565
1.304609
1.649128
1.639226
1.772277
1.315681
1.855181
1.714681
1.187190
1.480215
1.679008
1.444462
1.209989
1.616137
1.425244
1.468747
1.055590
1.828699
1.285373
1.059212
1.656430
1.785320
1.373220
1.843313
1.558358
1.895671
1.821632
1.826140
1.362312
1.925416
1.331378
1.326803
1.722321
1.772510
1.863185
1.896296
1.145499
1.445854
1.860473
1.563463
1.379878
1.516868
1.368615
1.378073
1.042026
1.523965
1.513052
1.808058
1.947740
1.114052
1.860520
1.269196
1.633539
1.973290
1.601960
1.547807
1.787292
1.794761
1.498455
1.786948
1.815224
0.854574
1.768970
1.941185
1.386222
1.101631
0.972350
1.396346
1.798777
1.662080
1.677169
1.893035
1.968379
1.817875
1.828965
1.988580
1.771266
1.729772
1.323184
1.856050
1.917983
0.891032
1.535425
1.206261
1.034502
1.788207
1.382403
1.948696
1.918550
1.475092
1.799782
1.498436
1.281402
1.891343
1.342692
1.991437
1.658907
1.921337
1.631098
1.502953
1.039393
1.647855
1.454526
1.977098
1.379243
1.315025
1.975321
0.873287
1.134651
1.646515
0.946589
1.334680
1.936321
1.048220
1.146040
1.006915
