1.950462
1.655535
1.741156
1.835060
1.630145
1.777178
1.663605
1.773529
1.775678
1.727557
1.927598
1.352184
1.631343
1.932188
1.734152
1.886872
1.473213
1.514012
1.962976
1.700614
1.612716
1.730342
1.625121
1.697675
1.954217
1.477335
1.689741
1.978234
1.415179
1.668238
1.896905
1.630002
1.855859
1.714181
1.365871
1.930572
1.308681
1.943480
1.794203
1.857559
1.498715
1.355419
1.498376
1.615791
1.978362
1.973066
1.963537
1.547533
1.513456
1.940293
1.543909
1.436322
1.943659
1.827314
1.101203
1.659124
1.842317
1.871142
1.940970
1.713348
1.625182
1.841131
1.623478
1.981241
1.985104
1.471751
1.736557
1.882322
1.872332
1.646540
1.725407
1.898471
1.491012
1.909844
1.348315
1.339580
1.288126
1.581332
1.901696
1.649970
1.427821
1.708313
1.857305
1.435766
1.655402
1.525567
1.900102
1.949159
1.661905
1.654981
1.857071
1.526073
1.976671
1.572376
1.819266
1.755368
1.873974
1.192588
1.889034
1.810311
1.849343
1.483182
1.683910
1.396334
1.833058
1.626809
1.745588
1.589742
1.895370
1.795690
1.754881
1.232174
1.489083
1.930415
1.397825
1.871530
1.539607
1.508741
1.084782
1.752468
1.219741
1.717683
1.726441
1.739771
1.355755
1.937799
1.472536
1.916127
1.644593
1.453674
1.649483
1.589325
1.448635
1.646161
1.800633
1.676949
1.922494
1.082356
1.676429
1.888396
1.176152
1.864480
1.947213
1.624277
1.563491
1.828164
1.408405
1.352563
1.548592
1.346522
1.864512
1.680137
1.379280
1.763529
1.949836
1.429597
1.403598
1.996595
1.319548
1.912930
1.667041
1.294074
1.769928
1.935289
1.033781
1.846128
1.997741
1.449140
1.589150
1.909174
1.634327
1.362685
1.944696
1.590262
1.576498
1.257303
1.354519
1.600013
1.847833
1.550305
1.534424
1.410452
1.794400
1.842949
1.921637
1.512231
1.986346
1.961159
1.829335
1.985334
1.268861
1.896318
1.807615
1.976527
1.588710
1.580981
1.183371
1.892614
1.585408
1.508113
1.425835
1.313794
1.843854
1.824505
1.718296
1.676840
1.895919
1.237387
1.853862
1.872680
1.860936
1.479759
1.027874
1.950606
1.631468
1.392774
1.257641
1.662252
1.688468
1.535055
1.945560
1.350339
1.886117
1.605832
1.467765
1.729899
1.772472
1.732400
1.851075
1.075133
1.770851
1.515804
1.717580
1.923810
1.152347
1.946698
1.851073
1.466597
1.264083
1.924192
1.436511
1.534875
1.874967
1.825145
1.412066
1.255286
1.407896
1.626850
1.603839
1.388277
1.460237
1.942218
1.877848
1.448881
1.028390
1.212021
1.685018
1.537188
1.757172
1.333176
1.675637
1.139954
1.719557
1.736397
1.313634
1.930483
1.911923
1.337268
1.496357
1.623177
1.557323
1.490065
1.637813
1.139761
1.926860
1.562506
1.615768
1.409964
1.223052
1.276107
1.960343
1.762998
1.869019
1.718980
1.240710
1.257816
1.555381
1.899367
1.647528
1.727670
1.838586
1.933038
1.757008
1.523743
1.689369
1.841512
1.269064
1.935113
1.940736
1.708181
1.234241
1.832671
1.460388
1.732291
1.271944
0.998974
1.464093
1.833153
1.227288
1.518578
1.740425
1.433575
1.659331
1.075844
1.497155
1.581750
1.412926
1.543089
1.287279
1.534394
1.527294
1.843678
1.194344
1.823671
1.437267
1.600615
1.524829
1.248242
1.789388
1.842107
1.972219
1.937750
1.055362
1.732108
1.884845
1.908963
1.836824
1.407654
1.989798
1.360158
1.385142
1.738220
1.329974
1.487888
1.658467
1.914654
1.485659
1.659490
1.428925
1.669894
1.316362
1.128949
1.856647
1.425679
1.963093
1.240911
1.376659
1.649161
1.459133
1.144444
1.877973
1.843144
1.784817
1.696522
1.489529
1.898731
1.564327
1.827061
1.350729
1.853179
1.508589
1.871885
0.896086
1.647735
1.072990
1.472417
1.890185
1.331748
1.359682
1.831390
1.428084
1.967640
1.817068
1.633452
1.907024
1.653544
1.257208
1.589153
1.703861
1.047789
1.233110
1.591907
1.336276
1.026983
1.912104
1.396406
1.995934
1.497638
1.323046
1.888289
1.259970
1.177966
1.424309
0.914441
1.985130
1.399224
1.424212
1.864707
0.950449
1.607057
1.887044
1.048474
1.263487
1.970749
1.162809
1.950600
1.060084
1.281137
1.211712
1.637329
1.655004
1.957684
1.201440
1.444483
1.833463
1.613829
1.116489
1.835770
1.242030
1.322294
1.649043
1.613860
1.938949
1.424936
1.521911
1.513787
1.132610
1.798907
1.309001
1.754817
1.794174
1.554346
1.135251
1.304775
1.729223
1.820917
1.536588
1.875958
1.960987
1.917613
1.121628
1.918628
1.592358
1.004547
1.031368
1.933953
1.660036
1.378689
0.901551
1.542752
1.063770
1.910901
1.882194
0.895019
1.209568
1.550165
1.775295
1.391537
1.980584
1.063417
1.633766
0.994281
1.287247
1.518067
1.496243
1.839263
1.880606
1.875233
1.834526
1.229853
0.944511
1.828774
1.572263
1.541903
1.465426
1.846969
1.538875
1.792433
1.933428
1.047535
1.862831
1.015246
1.900217
1.838904
1.008981
1.067644
1.169192
1.117947
1.143005
1.316799
1.983213
1.203802
1.681496
1.625654
1.392904
1.635534
1.434414
1.313154
1.688187
1.777356
1.291638
1.162918
1.886595
1.807635
1.930136
1.490771
1.459587
1.582557
1.360983
1.451855
1.221218
1.189614
1.315124
1.421785
0.971000
1.716000
1.133852
1.216651
1.258624
1.964267
1.697684
1.137819
1.557210
1.674077
1.979592
1.877795
0.894466
1.472280
1.586012
1.046326
1.908436
1.394235
1.689045
1.900225
1.440044
1.837774
1.636140
1.682401
1.886967
1.223715
1.462203
1.699547
1.182788
1.821652
1.542391
1.787782
1.449319
1.412508
1.984589
1.633408
1.765043
1.894886
1.910447
1.859014
1.630069
1.921506
1.674691
1.984595
1.071080
1.104366
1.603395
0.811179
1.223289
1.455810
1.083311
1.138208
1.027217
1.959253
1.121158
1.664010
1.668474
1.406283
1.338870
1.892092
1.696529
1.348081
1.200645
1.149527
1.545766
1.959465
1.744346
1.958915
0.926254
1.807197
1.783890
1.047366
1.472524
1.848323
1.548207
1.858534
1.830726
1.660973
1.611326
1.522265
1.998235
1.883722
1.852139
0.954554
1.388379
1.707627
1.563767
1.930468
1.580253
0.981064
1.668915
1.211408
0.975454
1.720714
0.739911
1.683281
1.234206
0.805163
1.353572
0.945628
1.627481
1.931727
1.414615
1.049668
1.869609
1.588213
1.603459
1.552820
1.424577
1.353768
1.783998
1.256242
1.279115
1.229825
1.585626
1.465091
1.670824
1.973684
1.091022
1.961088
0.944833
1.401011
1.845827
1.759158
1.612235
1.174101
1.393466
1.670627
1.534156
1.656232
1.139021
1.291652
1.975946
1.752950
1.359514
1.081827
1.440685
1.493024
1.426152
1.727127
1.613388
1.957260
0.926222
1.889270
1.506430
1.700527
1.718917
1.113859
1.854442
1.792706
1.629938
1.763288
1.390331
1.383828
1.921555
1.274017
1.452793
1.287639
0.922750
1.151794
0.882450
1.479206
1.842945
1.568072
1.793156
1.864148
1.756087
1.297119
1.104207
1.960942
0.792383
1.633835
1.093680
1.753356
1.655126
1.041937
1.174464
1.382092
1.703621
1.655208
1.660018
0.865641
1.885627
1.635150
0.914810
1.779624
1.248375
1.805576
1.860614
