1.389955
1.932341
1.967273
1.281138
1.493610
1.594429
1.996581
1.376304
1.867391
1.903503
1.997200
1.553221
1.914693
1.219427
1.880191
1.539066
1.802755
1.739169
1.495827
1.594196
1.547494
1.487343
1.255686
1.948290
1.154619
1.119557
1.576394
1.870810
1.864760
1.784288
1.750508
1.858619
1.207795
1.387911
1.502755
1.647955
1.706925
1.614032
1.851995
1.974902
1.514201
1.604774
1.985105
1.985422
1.170189
1.372743
1.835864
1.458742
1.818183
0.964014
1.782986
0.902243
1.609728
1.811456
1.192557
1.272584
1.166524
1.949919
1.984868
1.811283
1.741367
1.162990
1.473497
1.325778
1.835183
1.726633
1.794183
1.679266
1.618377
1.980144
1.961934
1.892281
1.987506
1.859449
1.628589
1.631985
1.436587
1.882277
1.840082
1.914104
1.840633
1.640176
1.966958
1.905730
1.821722
1.895747
1.919407
1.968847
1.856225
1.511307
1.545018
1.215307
1.364637
1.875143
1.968257
1.666274
1.950182
1.260348
1.719633
1.633884
1.376762
1.642395
1.863198
1.995213
1.835901
1.633180
1.115911
1.939791
1.818036
1.395042
1.476239
1.274125
1.788314
1.106134
1.563287
1.115399
1.518499
1.861781
1.977526
1.685311
1.770767
1.386863
1.738148
1.260212
1.919303
1.933263
1.143425
1.629235
1.428440
1.780753
1.690441
1.920559
1.735290
1.826388
1.818993
1.361106
1.872095
1.712428
1.315351
1.477250
1.459047
1.968118
1.263296
1.204871
1.978430
1.618220
1.561089
1.929960
1.149365
1.606402
1.574362
1.950536
1.494366
1.712812
1.799535
1.898244
1.786916
1.237656
1.080390
1.671698
1.527316
1.633522
1.822872
1.701323
1.453683
1.866580
1.348178
1.155365
1.494774
1.705117
1.411668
1.856845
1.530155
1.158860
1.303266
1.332855
1.996107
1.929340
1.363666
1.384929
1.929336
1.743372
1.347957
1.948791
1.759794
1.690178
1.619007
1.909856
1.683099
1.751783
1.835238
1.563488
1.987829
1.331232
1.713108
1.481231
1.160808
1.617439
1.063644
1.249250
1.127954
1.662144
1.849356
1.336149
1.979316
1.736018
1.735712
1.341850
1.288981
1.609463
1.298727
1.221476
1.952244
1.919765
1.967314
1.461176
1.426509
1.202047
1.968515
1.403090
1.083723
1.333802
1.792195
1.621232
1.949713
1.633849
1.421838
1.487114
1.697444
1.136032
0.940637
1.675158
1.841052
1.995708
1.916071
1.816571
1.636960
1.559300
1.623083
0.989213
1.423010
1.636649
1.366216
1.527363
1.564027
1.007779
1.759166
1.779086
1.960041
1.527762
1.946131
1.168064
0.906622
1.812133
1.968603
1.256170
1.815522
1.423972
1.895869
1.777529
1.918037
1.325069
1.746010
1.272625
1.716405
1.806483
1.769377
1.631601
1.870706
1.450891
1.946686
1.091334
1.509176
1.514260
0.958885
1.316611
1.387731
1.081265
1.828566
1.837637
1.151203
1.744033
1.191387
1.621985
1.593509
1.285306
1.353457
1.547776
1.602982
1.602227
1.816562
1.764917
1.932880
1.021818
1.256050
1.933567
1.285453
1.609081
1.790029
1.262497
1.599070
1.922119
1.724970
1.070544
1.770555
1.214874
1.366347
1.472948
1.951052
1.266917
1.311676
1.866827
1.513269
1.977251
1.542955
1.683079
1.625481
1.784408
1.610373
1.677259
1.327175
1.672342
1.893480
1.733740
1.491608
1.196326
1.025179
1.585926
1.243694
1.539345
1.606451
1.492028
1.837710
1.676795
1.770402
1.844200
1.777469
1.510204
1.168648
1.631860
1.484411
1.936107
1.460055
1.432562
1.713895
1.772829
1.161706
1.645397
1.171640
1.833682
1.562558
1.027541
1.803530
1.272610
1.332102
0.888217
1.659457
1.531796
1.460308
1.865252
1.460255
1.110653
1.727804
1.857625
1.449955
1.250772
1.611111
0.889142
1.815646
1.748712
1.410160
1.739693
0.890966
1.130402
1.990760
1.055126
1.270382
1.544547
1.570952
1.342175
1.439484
1.776361
1.213771
1.805224
1.448302
1.238629
1.815371
1.881085
1.283460
1.967276
1.948344
1.170218
1.150158
1.098687
1.738249
1.237705
1.554040
1.883790
1.771620
1.900871
1.513772
1.190135
1.327514
1.894223
1.129262
1.679400
1.608469
1.593446
1.155842
1.093131
1.588468
1.350594
1.133212
1.110607
1.531753
1.482769
0.986310
1.694847
1.157323
1.529608
1.993210
1.780822
1.988980
1.222648
1.839923
1.911596
1.909236
1.480691
1.926999
1.649667
1.297920
1.580417
1.931166
1.711625
1.204073
1.584383
1.647905
0.917099
1.218444
1.883276
1.786441
1.266258
1.931504
1.855419
1.881475
0.848923
1.773511
1.507876
1.729722
1.175816
1.307431
1.018851
0.990105
1.999939
1.337712
1.536755
1.484589
1.261296
1.564652
1.345636
1.901345
1.436588
1.754288
1.722764
1.952217
1.316971
0.962856
1.617823
