1.989764
1.849526
1.916795
1.912224
1.985197
1.994870
1.964908
1.719578
1.922289
1.869341
1.899036
1.708094
1.925950
1.926607
1.996865
1.994290
1.817605
1.768779
1.808322
1.921226
1.886012
1.986076
1.970458
1.762430
1.897468
1.866604
1.747967
1.992973
1.851337
1.779474
1.883114
1.946574
1.835086
1.794392
1.902945
1.800848
1.947044
1.670996
1.928167
1.752521
1.720608
1.963499
1.922590
1.912574
1.808018
1.705953
1.824078
1.985173
1.809716
1.992023
1.796130
1.919833
1.963150
1.975367
1.917893
1.762983
1.842614
1.585853
1.848055
1.682546
1.745365
1.669991
1.921816
1.696163
1.584955
1.680828
1.838876
1.913685
1.647477
1.983258
1.720308
1.835036
1.468227
1.841621
1.653494
1.805188
1.562425
1.762226
1.873286
1.936748
1.549941
1.737959
1.674726
1.807095
1.821237
1.479262
1.700573
1.968013
1.754852
1.677903
1.721162
1.688912
1.512460
1.792444
1.927225
1.667083
1.821197
1.585710
1.750670
1.631121
1.925362
1.915278
1.914015
1.596702
1.971073
1.834896
1.643267
1.542387
1.613613
1.514811
1.380974
1.773916
1.551572
1.651369
1.779287
1.666674
1.697232
1.878367
1.858360
1.620061
1.514064
1.745082
1.892029
1.995108
1.614236
1.586559
1.465350
1.840896
1.900959
1.932207
1.873049
1.534318
1.776940
1.430839
1.896781
1.675373
1.770703
1.781859
1.852670
1.531916
1.935038
1.978720
1.287033
1.923550
1.887539
1.865035
1.686030
1.918678
1.741521
1.575723
1.425162
1.403869
1.610374
1.831642
1.436535
1.942882
1.653847
1.603181
1.618092
1.605414
1.958327
1.819266
1.594341
1.865061
1.974101
1.524503
1.360998
1.915299
1.972741
1.322642
1.501946
1.513838
1.376671
1.683706
1.848134
