1.963243
1.841334
1.827293
1.668498
1.928854
1.590542
1.677427
1.346860
1.743353
1.597494
1.728774
1.599057
1.957606
1.888269
1.393908
1.850132
1.979366
1.767216
1.775010
1.823775
1.890466
1.948791
1.735277
1.357061
1.265839
1.587307
1.510855
1.352919
1.545192
1.659345
1.490859
1.693728
1.493778
1.803927
1.831800
1.519946
1.883689
1.063059
1.638867
1.292141
1.819198
1.561460
1.601504
1.782346
1.513273
1.889183
1.943204
1.813774
1.606348
1.814010
1.921286
1.894275
1.316031
1.843295
1.716091
1.931597
1.883320
1.950989
1.645996
1.917359
1.876637
1.805392
1.939528
1.843596
1.931697
1.973890
1.648110
1.261816
1.815210
1.823932
1.973898
1.639293
1.554533
1.591765
1.487326
1.925332
1.748000
1.965609
1.443700
1.747451
1.884566
1.608399
1.541012
1.524532
1.613705
1.848673
1.583477
1.460273
1.577698
1.847514
1.864645
1.250694
1.791479
1.707612
1.249602
1.400920
1.918751
1.667958
1.896592
1.206174
1.577081
1.556535
1.312126
1.999728
1.926856
1.907200
1.978871
1.487316
1.250193
1.570902
1.416508
1.327390
1.811785
1.863228
1.527565
1.584984
1.489969
1.684095
1.759187
1.769940
1.947571
1.864922
1.390149
1.692145
1.077035
1.771421
1.396524
1.736860
1.887495
1.618576
1.755000
1.512504
1.636742
1.559023
1.608134
1.104278
1.579865
1.955984
1.282032
1.594858
1.812353
1.856829
1.819522
1.905051
1.570961
1.436254
1.738752
1.920339
1.308482
1.225939
1.666865
1.702276
1.259712
1.401053
1.378812
1.754926
1.861508
1.940557
1.965421
1.703879
1.738358
1.947672
1.562278
1.703053
1.707207
1.221377
1.328928
1.435641
1.520939
1.810650
1.875750
1.399798
1.958581
1.409802
1.683192
1.084191
1.696651
1.962485
0.928007
1.886571
1.842673
1.342638
1.896011
0.925899
1.828574
1.326327
1.806298
1.639167
1.768844
1.918239
1.612361
1.432170
1.775630
1.740743
1.533347
1.119560
1.163274
1.103369
1.479377
1.704089
1.444690
1.918194
1.957207
1.906497
1.892443
1.609997
1.417670
1.931606
1.382162
1.404316
1.382945
1.601776
1.697374
1.174603
1.928624
1.824025
1.206457
1.591349
1.837457
1.541338
1.639388
1.962887
1.915173
1.666370
1.154276
1.511440
1.203472
1.522148
1.959260
1.868408
1.684634
1.620596
1.500760
1.715464
1.848164
1.501763
1.498937
1.233285
1.263074
1.888146
1.341328
1.652081
1.957740
1.980199
1.614289
1.413836
1.609396
1.730460
1.990219
1.402539
1.428195
1.226698
1.944071
1.978387
1.182336
1.119158
1.790513
1.404131
1.718579
1.773727
1.836900
1.183117
1.699751
1.636791
1.151075
1.156649
1.845671
1.336659
1.497994
1.560482
1.997833
1.610210
1.167386
1.505987
1.169595
1.774591
1.406079
1.994684
1.859296
1.910157
1.263278
1.721162
1.708316
1.311871
1.517745
1.402927
1.688327
1.646764
1.610561
1.709948
1.120551
1.381379
1.960935
1.138975
1.592388
1.408436
1.307515
1.515200
1.423622
1.951051
1.825989
1.527828
1.591839
1.858736
1.673011
1.945963
1.421831
1.988654
1.710962
0.987747
1.687776
1.247378
1.720442
1.789346
1.084822
1.583454
1.806494
1.292010
1.822612
1.661988
1.433846
1.564132
1.975989
1.809707
1.975949
1.536182
1.909826
1.727583
1.582168
1.784349
1.846915
1.538779
1.722529
1.677608
1.702188
0.931881
1.746798
1.436668
1.986644
1.338539
1.834960
1.366800
1.318575
1.091828
1.837811
1.772209
1.682621
1.804788
1.288526
1.699847
1.055289
1.156150
1.992865
1.382333
1.915634
1.385491
1.404677
1.329401
1.156312
1.952843
1.961782
1.739457
1.979044
1.218615
1.827020
1.555018
1.324842
1.559797
1.619962
1.294998
1.367119
1.863234
1.667010
1.384044
1.752272
1.795490
1.870436
1.075682
1.585210
1.021608
1.493087
1.620506
1.379625
1.573026
1.673036
1.428068
1.770087
1.413109
1.524982
1.467775
1.481669
1.814981
1.401141
1.597745
1.523161
1.033598
1.371160
1.536347
1.959757
1.724207
1.493649
1.620673
1.595622
1.344679
1.899525
1.771521
1.980191
1.750487
1.703633
1.904562
1.349492
1.604713
1.469502
1.729421
1.421907
1.491844
1.639420
1.249717
1.926125
1.803483
1.985763
1.888448
1.723333
1.676751
1.174919
1.303253
1.621333
1.242431
1.632244
1.624155
1.256345
1.550238
1.528760
1.975051
1.872171
1.734381
1.478604
1.632938
1.906953
1.379112
1.710609
1.933843
1.609243
1.520760
1.088588
1.771744
1.461422
1.359956
1.506240
1.895585
1.219329
1.718431
1.947310
1.979663
1.441831
1.303978
1.318033
1.563621
1.467574
1.446339
1.241522
0.915870
1.688543
1.300625
1.254945
1.891599
1.809131
1.061093
1.631292
0.980114
1.645285
1.405539
1.962842
1.602902
1.632928
1.713828
1.587232
1.737850
1.542147
1.791134
1.903291
1.450049
1.524337
1.761121
1.755263
1.233247
1.735982
1.513429
1.742298
1.045597
1.306474
1.101579
1.107709
0.961451
0.962895
1.438258
1.492878
1.581948
1.293106
1.563740
1.978110
1.183695
1.432038
1.914854
1.283066
1.351742
1.313440
1.448557
1.983362
1.984286
1.442910
1.004110
1.646635
1.158269
1.800796
1.904833
1.927936
1.952042
1.897263
1.248493
1.881754
1.707019
1.220079
1.364409
1.109941
0.922184
1.994491
1.849330
1.609950
1.503888
1.875233
1.785084
1.667715
1.291161
1.671671
1.377198
1.079375
1.250480
1.825072
1.907680
1.740713
1.527206
1.668160
1.993452
1.820377
1.509298
1.507930
1.113707
1.073500
1.187724
0.986048
1.695220
1.573465
1.198294
1.729497
1.845839
1.384967
1.484902
1.031343
1.797596
1.317784
1.649982
1.768996
1.356138
1.230341
1.461308
1.544066
1.017170
1.710770
1.852231
1.464638
1.413974
1.291501
1.721520
1.599185
1.977604
1.698335
1.311523
1.640704
1.661942
1.939253
1.791089
1.862634
1.879818
1.304155
1.713343
1.390790
1.729577
1.616457
1.719552
1.551269
1.347538
1.780993
1.818445
0.981649
1.805312
1.692063
1.881864
1.128143
1.066008
1.904446
1.887239
1.993903
1.393893
1.631511
1.995901
1.374340
1.653917
1.011802
1.514593
1.757593
1.236095
1.243780
1.577906
1.698212
1.055482
1.545845
0.963411
1.380750
1.424353
1.812230
1.449195
1.554965
1.266631
1.351562
1.454035
1.668802
1.078140
1.480027
1.037716
1.112609
1.352615
1.392042
1.995395
1.508466
1.119729
1.932338
1.550914
1.571757
1.073941
1.670843
1.406218
1.954572
1.099887
1.850548
1.122939
1.538704
1.916915
1.591741
0.808641
1.988037
1.593704
0.947671
1.002908
1.964399
1.501344
1.269841
0.994126
1.849994
1.790999
1.199907
1.980829
1.369913
1.969078
1.146359
1.667864
0.904470
1.769679
1.224125
1.689164
1.537566
1.252819
1.040215
1.389027
1.636199
1.849001
1.240275
1.676587
1.751889
1.913035
1.400820
0.822114
1.840201
1.346809
1.584424
1.431050
1.620572
1.494393
1.441804
0.847258
1.528674
1.164254
1.968182
1.965404
1.319181
1.770417
1.975071
1.493118
1.036712
1.944717
