1.938780
1.860610
1.964264
1.917946
1.916513
1.881794
1.793224
1.962855
1.962043
1.913684
1.993011
1.998691
1.730604
1.801021
1.887647
1.781076
1.982672
1.963952
1.901615
1.721035
1.883384
1.762958
1.950843
1.980370
1.974044
1.712949
1.899517
1.711287
1.924242
1.752866
1.772396
1.882819
1.787791
1.842087
1.861676
1.987165
1.694468
1.998381
1.868753
1.987868
1.709936
1.623402
1.578051
1.962035
1.938586
1.975192
1.732867
1.870134
1.773132
1.870454
1.995018
1.707129
1.849743
1.756675
1.533257
1.854429
1.910675
1.711125
1.951214
1.518024
1.541502
1.995399
1.748651
1.592091
1.911963
1.768488
1.593720
1.684845
1.523589
1.733701
1.951324
1.544235
1.925499
1.774690
1.840342
1.831629
1.772294
1.734738
1.902486
1.754433
1.940022
1.868974
1.979075
1.843245
1.809466
1.596085
1.723993
1.810935
1.957967
1.809477
1.591009
1.585959
1.556152
1.781803
1.810505
1.638324
1.824528
1.996925
1.945706
1.528682
1.954630
1.547340
1.780023
1.525577
1.466371
1.483538
1.641757
1.538647
1.457908
1.986505
1.954558
1.614169
1.844634
1.716484
1.452271
1.905469
1.386359
1.575841
1.700050
1.785361
1.337380
1.933905
1.992764
1.639596
1.866181
1.595190
1.344157
1.952523
1.734197
1.962727
1.520650
1.836814
1.983165
1.388420
1.932243
1.577929
1.594392
1.453258
1.656787
1.629383
1.836957
1.846266
1.415448
1.601656
