1.956689
1.983996
1.958725
1.941153
1.999184
1.814719
1.994371
1.880300
1.848898
1.986298
1.959438
1.993617
1.957168
1.909543
1.903742
1.650631
1.829297
1.865671
1.463892
1.985566
1.845618
1.544565
1.703632
1.898475
1.926798
1.883288
1.507236
1.853771
1.942614
1.854575
1.998899
1.931727
1.775385
1.667496
1.959738
1.903724
1.906565
1.782039
1.814271
1.969788
1.876700
1.683609
1.964841
1.710412
1.674469
1.883063
1.442218
1.593279
1.734343
1.595041
1.943940
1.951761
1.582622
1.780297
1.595370
1.414051
1.751589
1.333029
1.894243
1.802704
1.844424
1.536842
1.763431
1.906819
1.430718
1.645147
1.869912
1.601400
1.436463
1.618408
1.864867
1.978279
1.383394
1.865261
1.690844
1.866512
1.929076
1.322319
1.749137
1.987287
1.740907
1.744830
1.778232
1.914900
1.758253
