1.452791
1.969516
1.789355
1.551974
1.813612
1.961695
1.831155
1.996546
1.802746
1.585808
1.676244
1.431638
1.884684
1.583135
1.657830
1.434101
1.433207
1.735502
1.931588
1.485719
1.732603
1.510949
1.904577
1.963495
1.813271
1.271095
1.755005
1.943540
1.671537
1.933207
1.929935
1.995304
1.242865
1.798461
1.788028
1.869060
1.821927
1.705593
1.572640
1.600933
1.390887
1.619928
1.816485
1.015308
1.889105
1.988364
1.412224
1.139246
1.917276
1.987800
1.577394
1.921025
1.967043
1.250129
1.334166
1.967142
1.802966
1.502692
1.833167
1.419223
1.873335
1.434560
1.544852
1.800484
1.993972
1.698971
1.483024
1.593331
1.914914
1.769941
1.965677
1.902249
1.275383
1.533529
1.799893
1.928845
1.292177
1.141214
1.842058
1.789682
1.357592
1.886131
1.706720
1.559816
1.702220
1.272186
1.967786
1.703619
1.474815
1.801122
1.256341
1.702384
1.925102
1.786652
1.049469
1.764553
1.497562
1.590416
1.902375
1.504303
1.600443
1.226161
1.447419
1.739581
1.871461
1.921513
1.226660
1.811202
1.968095
1.872605
1.245026
1.966345
1.207363
1.133154
1.964258
1.993984
1.920890
1.710097
1.853747
1.275613
1.311882
1.123784
1.995054
1.748764
1.967523
1.484397
1.749753
1.548057
1.723727
1.313219
0.958846
1.920340
1.239903
1.456757
1.999270
1.982276
1.759994
1.917009
1.705495
1.467216
1.744771
1.937892
1.949385
1.861618
1.268584
1.542402
1.065557
1.625430
1.715904
1.702654
1.904366
1.523761
1.806499
1.835632
1.688144
0.897738
1.528219
1.704768
1.643335
1.307065
1.417044
1.542837
1.703225
1.204708
1.846031
1.305415
1.863850
1.415427
1.912077
1.968022
1.660931
1.376065
1.092830
1.396890
1.451561
1.478518
1.749355
1.950203
1.931201
1.271890
1.776693
1.876528
1.809586
1.986756
1.695584
1.842032
1.968439
1.447225
1.548917
1.061255
1.732717
1.683889
1.894215
1.511089
1.014277
1.976665
1.058320
1.316215
1.998280
1.783525
1.703056
1.825837
1.599904
1.252687
1.540476
1.848553
1.066893
1.358794
1.744281
1.825711
1.677982
1.670988
1.367620
1.698761
1.909411
1.689153
1.751889
1.855437
1.798762
1.044819
1.581713
1.616101
1.360292
0.974413
1.400913
1.364546
1.618591
1.662890
1.777125
1.245883
1.345440
1.594310
1.633011
1.889075
1.890757
1.582268
1.104921
1.842978
1.364657
1.779429
1.741195
1.834523
1.971116
1.643298
1.586267
1.271232
1.604687
1.951287
1.894788
1.372542
1.944200
1.467313
1.797157
1.507378
1.640498
1.616151
1.270049
1.492111
1.621664
1.720550
1.204021
1.805673
1.136412
1.922501
1.500269
1.884221
1.863433
1.827009
1.821297
1.072207
1.604502
1.469639
1.589076
1.554644
1.716108
1.029758
1.180448
1.852468
1.895816
1.486396
1.579643
1.901418
1.668061
1.990362
1.692322
1.793250
1.926981
1.739908
1.627332
1.429550
1.434658
1.869333
0.883360
1.485660
1.594489
1.623527
1.433591
1.798041
1.577445
1.422953
1.835096
1.258753
1.806133
1.816095
1.761734
1.161417
1.249420
1.196251
1.816942
1.876317
1.781846
1.717109
1.740267
1.913615
1.260411
1.039584
1.866051
1.474363
1.695272
1.337556
1.880933
1.032159
1.724153
1.923665
1.603982
1.981799
1.191191
1.067958
1.075900
1.968711
1.759651
1.683779
1.674529
1.742247
1.286060
1.864309
1.416475
1.868575
1.341305
1.534415
1.245135
1.000401
1.873682
1.632407
1.726437
1.663009
1.697623
1.659999
1.748221
1.201520
1.633121
1.596364
1.677771
1.709180
1.915056
1.198110
0.921827
1.198333
1.412979
1.357653
1.492178
1.823229
0.858647
1.822214
1.984168
1.451317
1.252158
0.998947
1.397263
1.716937
1.918538
1.783426
1.822681
1.862428
1.531330
1.748038
1.113106
1.853915
1.314538
1.062362
1.608951
1.734422
1.997527
1.813997
1.436595
1.425972
1.047663
1.947654
1.867824
1.948502
1.505538
1.435770
1.513659
1.745129
1.604516
1.758732
1.568169
1.147337
1.651899
0.895939
1.675031
1.956672
1.425988
1.496423
1.094691
1.911613
1.926620
1.835697
1.358049
1.374622
1.746374
1.588479
1.987523
1.654415
1.431451
1.903344
1.598497
1.860015
1.014328
1.406358
1.152526
1.723905
1.627985
1.733986
1.238850
1.958254
1.491259
1.761678
1.593384
1.132845
1.199149
1.621987
1.336181
1.011784
1.786804
1.644177
1.976341
1.529866
1.847788
1.515450
0.998657
1.573091
1.997512
1.646758
1.849612
1.952884
1.449098
1.103813
1.961830
1.608337
1.971963
1.481871
1.981827
1.644298
1.488165
1.611678
1.058059
1.145752
1.223773
1.314949
0.979576
1.914666
1.556495
1.918637
1.411873
1.814575
1.363978
1.913201
1.527767
1.490809
1.473194
1.187538
1.673212
1.479547
1.759373
1.666356
1.926884
0.768314
1.582546
1.210872
1.274131
1.610817
1.518958
1.334604
1.462668
1.020498
1.330672
1.218964
1.527457
1.907542
1.244838
1.410534
1.231188
1.959423
1.627646
1.156778
1.526276
1.721055
1.878330
1.226569
1.872590
1.848765
1.291375
1.156873
1.629611
1.984752
1.671285
1.555452
1.895351
0.916809
1.017489
1.086711
1.770069
1.518597
1.519964
0.999242
1.238336
1.436743
1.373372
1.844470
1.442586
1.840372
1.481824
1.998919
1.463844
1.891121
1.752559
1.009443
1.947771
1.021432
1.899835
1.071849
1.176012
0.951868
1.870704
0.901049
1.150103
1.065850
1.917015
1.853606
1.136628
1.762584
0.830911
1.380605
0.980509
1.300115
1.702116
