1.777794
1.713073
1.927888
1.953942
1.750197
1.833635
1.818068
1.884109
1.711630
1.811205
1.921862
1.849664
1.768278
1.527703
1.790701
1.868706
1.719107
1.745556
1.461251
1.755409
1.789465
1.856743
1.909890
1.940283
1.881431
1.943627
1.953072
1.924296
1.894517
1.598211
1.958532
1.861219
1.898350
1.820066
1.725196
1.551941
1.932824
1.807977
1.452736
1.733159
1.661457
1.882990
1.981585
1.756934
1.873410
1.755924
1.902475
1.907547
1.641994
1.920131
1.634399
1.842308
1.640590
1.821908
1.732855
1.461309
1.350375
1.822826
1.662196
1.454104
1.918249
1.599672
1.961256
1.886287
1.991290
1.887336
1.579951
1.420607
1.631844
1.611760
1.692376
1.469831
1.528543
1.734209
1.702899
1.496008
1.682507
