1.929990
1.624081
1.979448
1.865309
1.273004
1.999958
1.955920
1.356867
1.449806
1.656639
1.774406
1.971632
1.999478
1.302346
1.693680
1.345596
1.667921
1.325602
1.885262
1.715196
1.576100
1.945438
1.733545
1.480077
1.727179
1.627773
1.940071
1.912645
1.645394
1.231262
1.829210
1.502491
1.568539
1.638284
1.615589
1.682819
1.725929
1.503459
1.557155
1.345147
1.217802
1.055282
1.826266
1.988133
1.374105
1.873603
1.929885
1.728493
1.373014
1.426980
1.910456
1.696012
1.671853
1.936863
1.965714
1.268896
1.604362
1.616299
1.384493
1.784010
1.259754
1.572763
1.623937
1.366553
1.546158
1.921477
1.422365
1.876904
1.028312
1.538779
1.523007
1.981895
1.134146
1.097871
1.335364
1.736669
1.581863
1.252024
1.402095
1.576528
1.629989
1.425706
1.994102
1.912271
1.935609
1.109442
1.857422
1.335128
1.658182
1.493667
1.326784
1.628282
1.825628
1.601515
1.393996
1.168990
1.678818
1.871561
1.487600
1.588625
1.570954
1.953281
1.570509
0.947155
1.719490
1.635597
1.777576
1.953833
1.958231
1.462099
1.608738
1.698778
1.086127
1.583538
1.669079
1.683613
1.929426
1.018657
1.466205
1.872176
1.138461
1.238615
1.330996
1.491704
1.581354
1.929283
1.341831
1.760170
1.328188
1.327604
1.800508
1.486522
1.961075
1.887615
1.196175
1.746300
1.225449
1.609780
1.076072
1.499279
1.866715
1.541389
1.670920
1.412984
1.648905
1.909558
1.516722
1.152134
1.978834
1.053640
1.368414
1.172932
1.038607
1.916333
1.234169
1.928733
1.610558
1.688072
1.220213
1.250426
0.984229
1.615145
1.186688
1.956033
1.623670
1.759299
1.802905
1.968927
1.818837
1.186540
1.917289
1.838636
1.418706
1.179592
1.381069
1.983667
1.135381
1.669643
1.306076
1.674107
1.984581
1.869818
1.589997
1.820175
0.822756
1.124516
1.993125
1.896646
1.734657
1.785792
1.922187
1.031890
1.880787
1.523791
1.561077
1.957240
1.048350
1.602132
1.864444
1.431708
1.418316
1.561444
1.832793
1.463958
1.946730
1.321390
1.278879
1.853482
1.877192
1.754374
1.759614
1.994381
1.657802
1.507983
1.272429
1.954191
1.929759
1.912910
1.050099
1.930157
1.741089
1.752749
0.982543
1.708059
1.812875
1.918285
1.111178
1.728101
1.452863
1.916928
1.873403
1.669329
1.824898
1.723437
1.917577
1.403150
1.546879
1.979837
1.821102
1.294499
1.536402
1.071236
1.768069
1.895536
1.690410
1.886224
1.895628
1.558890
1.631178
1.379535
1.425357
1.470639
1.474541
1.023523
1.954882
1.438124
1.126355
1.361817
1.428871
1.290916
1.228996
1.689610
1.641134
1.283110
1.313581
1.883835
1.929121
1.432723
1.607852
1.749444
1.611390
1.796659
0.987280
1.452054
1.456147
1.558429
1.598867
1.684754
1.021844
1.264591
1.835525
1.147843
0.922536
1.402815
1.999843
1.804734
1.708577
0.966633
1.085131
1.922427
1.214576
1.635731
1.552397
1.251390
1.826656
1.988986
1.801724
1.656582
1.146036
1.927203
1.955116
1.504503
0.906576
0.896980
1.563353
1.928880
1.814763
0.945285
1.544555
1.296597
1.982607
0.936172
0.988400
1.063779
1.771342
1.269370
1.352686
1.424060
1.511983
1.366227
1.716322
0.934076
1.714236
1.724247
1.159085
1.203036
1.971359
1.993014
1.353089
1.689104
1.565339
1.181985
1.573704
1.147249
1.608439
1.285603
1.379401
1.646235
1.323399
1.335426
1.134378
1.983189
1.987997
1.188738
0.961365
1.799168
1.396957
1.987091
1.936103
1.231430
1.199015
0.995075
1.813437
1.075028
1.183949
1.305452
1.491123
1.596866
1.317365
1.456439
0.962445
1.590121
1.479703
1.386897
1.639617
1.967637
1.339284
1.047329
1.379855
0.977912
1.895427
1.369525
1.684203
0.960808
1.860347
1.375718
1.144547
1.500133
1.838700
1.130632
1.164893
1.653142
1.083490
1.925734
1.831449
1.354017
1.924841
1.998280
0.774478
