1.567991
1.995601
1.905173
1.653319
1.918794
1.195288
1.832840
1.829848
1.543925
1.429865
1.957969
1.604094
1.977451
1.170280
1.907645
1.439476
1.343814
1.679948
1.613334
1.409561
1.835544
1.901400
1.959486
1.623212
1.529009
1.708393
1.064255
1.962191
1.700322
1.794099
1.321419
1.987267
1.512287
1.122616
1.814310
1.145437
1.543321
1.749148
1.546509
1.922210
1.760038
1.799429
1.818074
1.316038
1.022450
1.804354
1.511085
1.650736
1.816473
1.900427
1.752341
1.891021
1.319632
1.555561
1.519776
1.677602
1.926022
1.669722
1.960479
1.905009
1.950679
1.515923
1.764321
1.351455
1.243493
1.835707
1.919411
1.420877
1.347219
1.868557
1.405038
1.321750
1.236353
1.503877
1.606579
1.444964
1.670373
1.259070
1.544208
1.766395
1.910352
1.242042
1.591442
1.647075
1.725800
1.831708
1.552426
1.670931
1.892834
1.362609
1.711481
1.590452
1.857440
1.750644
1.328245
1.793428
1.719421
1.608034
1.426232
1.413529
1.328481
1.564778
1.410515
1.723765
1.601550
1.670405
1.033955
1.871251
1.925369
1.803018
1.522791
1.137104
1.906720
1.879515
1.391558
1.027416
1.374314
1.343936
1.983688
1.538592
1.475124
1.735868
1.432705
1.653971
1.842681
1.166378
1.674226
1.683225
1.885400
1.708063
1.763280
1.506191
1.666407
1.016168
1.207475
1.794368
1.944523
1.742019
0.953326
1.708005
1.226278
1.486141
1.418694
1.892965
1.154069
1.621501
1.161911
1.529952
1.493256
1.582752
1.705801
1.693360
1.580220
1.122981
1.717812
1.417725
1.066691
1.336281
1.973894
1.050420
1.898164
1.477905
1.087349
1.251388
1.390747
1.312425
1.667291
1.732718
1.949430
1.476701
1.456236
1.772922
1.627624
1.144179
1.306184
1.304338
1.531240
1.535498
1.781608
1.481754
1.430624
1.283818
1.576738
1.076474
1.467664
1.376596
1.284724
1.864435
1.631779
1.813519
1.395478
0.998830
1.508327
1.600902
1.316680
1.446998
0.976985
1.982823
1.935626
1.461898
1.017085
1.982842
1.581820
1.833276
1.726782
1.460154
1.156508
1.778330
1.234454
1.139731
0.964354
1.343397
1.296386
1.248895
1.515794
1.952902
0.974936
1.878085
1.255498
1.260118
1.744527
1.949740
1.279460
1.218750
1.021291
1.683576
1.123318
1.645223
1.168262
1.168215
1.768736
1.879800
1.149321
1.395863
1.258355
1.837284
1.298519
1.111572
1.635522
1.742037
1.972414
1.292578
0.954571
1.963690
1.269743
1.850159
1.651913
1.399454
1.356905
1.429564
1.886899
1.833490
0.915068
