1.974674
1.934736
1.982359
1.901819
1.820333
1.959967
1.821996
1.866182
1.974942
1.655106
1.935632
1.872363
1.937024
1.988386
1.996946
1.774466
1.887901
1.976352
1.832185
1.911966
1.774698
1.858013
1.812249
1.903306
1.661177
1.991955
1.755515
1.626357
1.945764
1.847884
1.948431
1.875219
1.726254
1.764272
1.894488
1.796468
1.955476
1.964714
1.588188
1.793332
1.818524
1.870534
1.700702
1.726928
1.961776
1.602333
1.670352
1.680218
1.980955
1.839372
1.938971
1.994866
1.800438
1.792575
1.983866
1.745662
1.763236
1.679945
1.677671
1.971520
1.882685
1.830101
1.962020
1.648133
1.833318
1.632547
1.648566
1.963372
1.720386
1.981853
1.979550
1.960702
1.990024
1.743006
1.976111
1.825344
1.624579
1.645737
1.592309
1.969433
1.721524
1.896030
1.514972
1.751918
1.694146
1.696964
1.514822
1.884255
1.817005
1.940112
1.672059
1.753822
1.599446
1.738268
1.800935
1.987812
1.788639
1.895039
1.815625
1.767658
1.528620
1.886757
1.887880
1.824493
1.833887
1.964123
1.747074
1.631307
1.740955
1.702755
1.840783
1.874652
1.846706
1.993844
1.977492
1.614663
1.813825
1.710620
1.820915
1.975388
1.608860
1.516413
1.581583
1.664361
1.841861
1.439893
1.980838
1.805690
1.452022
1.794519
1.995194
1.633070
1.520506
1.522368
1.738101
1.405420
1.862085
1.393213
1.857395
1.996838
1.995906
1.709915
1.506890
1.496754
1.573901
1.994196
1.813661
1.773563
1.881876
1.599590
1.455442
1.515831
1.950155
1.446390
1.890682
1.474823
1.629781
1.975781
1.832228
1.787180
1.569833
1.336841
1.616136
1.900948
1.778909
1.601220
1.844758
1.587021
1.980517
1.411117
1.520181
1.798601
1.745025
1.733340
1.585202
1.742797
1.599856
