1.509936
1.573388
1.501497
1.852728
1.848009
1.343736
1.666572
1.505530
1.891627
1.839245
1.575569
1.732969
1.781974
1.712994
1.888718
1.553751
1.662517
1.975499
1.769030
1.900888
1.438635
1.563355
1.756148
1.880014
1.944422
1.928208
1.248957
1.676275
1.929073
1.768240
1.379648
1.900300
1.354228
1.626077
1.540251
1.605193
1.941008
1.877728
1.705520
1.829565
1.640657
1.512366
1.798079
1.581903
1.813770
1.228087
1.423267
1.554058
1.823825
1.716381
1.534332
1.417121
1.633800
1.631980
1.787194
1.836534
1.835458
1.893778
1.170911
1.845495
1.944972
1.879158
1.584141
1.513254
1.977508
1.648549
1.942539
1.884591
1.969857
1.573629
1.996927
1.953284
1.908508
1.800402
1.504444
1.901429
1.762962
1.610032
1.278618
1.839457
1.723234
1.775067
1.413040
1.266078
1.929799
1.765650
1.937503
1.947431
0.989785
1.531920
1.581823
0.998634
1.262861
1.264388
1.393655
1.467414
1.852190
1.679040
1.420285
1.913146
1.888069
1.521282
1.349453
1.943640
1.770519
1.640402
1.991189
1.742739
1.776598
1.441176
1.807134
1.754335
1.705840
1.768326
1.567966
1.531825
1.279609
1.607755
1.952942
1.915971
1.938111
1.913804
1.373581
1.317709
1.169802
1.388231
1.435644
1.668236
1.478037
1.243263
1.449779
1.705847
1.845540
1.526630
1.875456
1.297665
1.782486
1.464756
1.933931
1.947914
1.053372
1.906053
1.463517
1.590292
1.935835
1.847022
1.996079
1.748463
1.860452
1.605009
1.945057
1.600721
1.115376
1.833776
1.203390
1.405751
1.977779
1.269104
1.584140
1.700894
1.852651
1.765690
1.644657
1.651878
1.959991
1.550929
1.805584
1.279441
1.722896
1.865244
1.495134
1.606168
1.984595
1.965199
1.634847
1.494948
1.377127
1.967283
1.964320
1.948912
1.304376
1.915297
1.445443
1.467823
1.993776
1.518867
1.461299
1.976180
1.834224
1.942213
1.967473
1.664189
1.947373
1.787168
1.732062
1.865614
1.161051
1.426152
1.853814
1.716015
0.990360
1.696893
1.763429
1.626984
1.782164
1.975291
1.864367
1.801421
1.890922
1.361505
1.660996
1.380701
1.605291
1.825511
1.641136
1.062390
1.632883
1.383898
1.821405
1.591190
1.509258
1.842059
1.190376
1.334324
1.944910
1.195195
1.091501
1.422359
1.582524
1.541282
1.465645
1.445372
1.388931
1.728549
1.536763
1.529167
1.571605
1.653517
1.747934
1.945308
1.595404
1.866367
1.333842
1.529855
1.834861
1.152376
1.507716
1.513698
1.840077
1.203824
1.659274
1.288507
1.168540
1.701850
1.481321
1.960868
1.710894
1.487433
1.987926
1.608053
1.614188
1.636854
1.651803
1.984020
1.889019
1.867470
1.615818
1.798164
1.545398
1.372412
0.945385
1.870026
1.551274
1.780123
1.969011
1.352683
1.744185
1.904058
1.916000
1.527156
1.746803
1.707388
1.460666
1.618056
1.826583
1.994897
1.700853
1.820343
1.786600
1.756938
1.515915
1.947400
1.712534
1.662847
1.217102
1.860521
1.693881
1.136476
1.850904
1.928192
1.471551
1.478983
1.590817
1.983485
1.818842
1.195715
1.081384
1.058387
1.533327
1.769633
1.382641
1.905653
1.515825
1.962355
1.221363
1.132940
1.059391
1.911789
1.960294
1.412728
1.385473
1.932439
1.954555
1.554863
1.130048
1.554068
1.325780
1.790442
1.369162
1.592633
1.738143
1.992271
1.162161
1.179382
1.606060
1.582585
1.671856
1.451826
1.389545
1.411396
1.725885
1.495061
1.197992
1.713325
1.610777
1.505573
1.962843
1.625505
1.290181
1.895529
1.497919
1.724191
1.908709
1.034215
1.722455
1.553609
1.863371
1.532825
1.240368
1.748478
1.140963
1.068650
0.977529
1.479181
1.839779
1.142336
1.451388
1.746835
1.451696
1.504841
1.749856
1.861802
1.565114
1.500382
1.604214
1.979448
1.042938
1.271102
1.408202
1.436894
1.216481
1.807994
1.473784
1.897395
1.986850
1.183524
1.961664
1.719646
1.869002
1.888523
1.472954
1.878677
1.783639
1.535804
1.851993
1.739216
1.936714
1.624795
1.631192
1.042978
1.861837
1.765938
1.613507
1.331671
1.965579
1.843343
1.471916
1.369609
1.456446
1.615240
1.579409
1.151487
1.776410
1.336241
1.846443
1.740686
1.284917
1.406054
1.627710
1.619221
1.717694
1.575100
1.593121
1.564653
1.696753
1.714028
1.220209
1.987242
1.934175
1.800396
1.433893
1.083176
1.954113
1.021696
1.091760
1.232353
1.215105
1.600518
1.716176
1.188132
1.951865
1.264440
1.477463
1.055066
1.924819
1.098671
1.821938
1.285522
1.565184
1.681848
1.462001
1.463943
1.249326
1.606083
1.559583
1.802326
1.281448
1.920317
1.837028
1.452563
1.911416
1.533498
1.637210
1.730888
1.371457
1.668763
1.245299
1.984165
1.459418
1.227902
1.906891
1.862322
1.827088
1.353751
1.445895
1.346717
1.686210
1.337886
0.986753
1.166921
1.623101
1.675832
1.438726
1.779020
1.666720
1.795172
1.594472
1.540990
1.925710
1.853702
1.227906
1.862990
1.335136
0.976502
1.447428
1.592690
1.216748
1.184151
1.287939
1.461824
1.945716
1.762269
1.870164
1.498318
1.621455
1.986330
1.641563
1.585495
1.641393
1.078158
1.469205
1.515537
1.589245
1.708893
1.798699
1.998815
1.402887
1.523825
1.449860
1.332049
1.260915
1.767742
1.455476
1.381614
1.529869
1.509114
1.618226
1.295139
1.375287
1.899391
1.960126
1.530699
1.357686
1.661374
1.099601
1.700469
0.924929
1.827719
1.625868
1.706703
1.324167
1.205553
0.969304
1.251777
1.789155
1.572392
1.672108
1.891710
1.039591
1.100686
1.226219
1.374818
1.252910
1.880883
1.756186
1.885333
1.733639
1.309790
1.684368
1.575484
1.757222
1.517128
1.663387
1.972118
1.794103
1.645698
1.791614
1.396164
1.809249
1.099820
1.693264
1.060580
1.400180
1.798054
1.856140
1.533485
1.380228
0.892229
1.772453
1.779298
1.564574
1.981927
1.033688
1.541739
1.833757
1.451968
0.909406
1.676584
1.485827
1.462928
1.398574
1.800440
1.373751
1.344653
1.998268
1.216170
1.584040
1.565081
1.761400
1.899896
1.300251
1.412373
1.586284
0.903815
1.980730
1.812817
1.507923
1.370882
1.177895
1.421517
1.532336
1.883899
1.389236
1.401928
1.527232
1.652108
1.862513
0.709240
1.425840
1.502977
0.992959
1.277475
1.193563
1.170540
1.285738
1.715053
1.711582
1.526868
1.847543
1.574383
1.852591
1.528826
1.622809
1.747149
1.803596
1.904817
1.850001
1.392281
1.107074
1.434318
1.685364
1.626161
1.947641
1.293693
1.347051
1.212692
1.807299
1.654626
1.661954
1.858723
1.735406
1.317028
1.742686
1.481307
1.083562
1.394809
1.203232
1.156833
1.498392
1.513903
1.460178
1.202919
1.713989
1.752187
0.942560
1.859832
1.869036
1.075920
1.921863
1.689946
1.586823
1.722763
1.539510
1.142183
0.965667
1.878262
1.485496
1.470030
1.800269
1.471264
1.519063
1.060549
1.310615
1.529744
1.887051
1.355760
1.302957
1.233929
1.889848
1.880938
1.577316
1.787161
1.994705
1.678499
1.440654
1.666111
1.171692
1.357552
1.552370
1.036417
1.628647
1.506743
1.994826
1.816236
1.011335
1.931677
1.180702
1.536180
1.170054
1.809364
1.091427
1.651989
1.964384
1.868770
1.928235
1.138073
1.892756
1.009733
1.490115
1.196474
1.967761
1.416080
1.900339
1.417321
1.000957
1.237538
1.229409
1.675518
1.874262
1.355106
1.222060
1.397995
0.995306
1.799686
1.685458
1.937900
1.738183
1.935721
1.587548
1.317447
0.989257
1.928700
1.838528
1.929570
1.646279
1.573697
1.902588
1.726038
1.647181
1.140376
1.788200
0.950110
1.743001
0.795299
1.819393
1.677408
1.361310
1.934020
1.303940
1.135534
1.826166
0.904318
0.929447
1.384834
1.221485
1.241123
1.915261
1.526013
1.559016
1.071049
0.760438
1.440532
1.996542
1.878491
1.614994
1.935674
1.489146
1.470468
1.251099
1.301779
1.200316
1.514206
1.693429
1.715044
1.965660
