1.901686
1.888023
1.857548
1.870492
1.956019
1.956303
1.876874
1.787141
1.974509
1.728547
1.836465
1.836572
1.905045
1.952969
1.825552
1.917036
1.752483
1.956620
1.837990
1.777166
1.688619
1.964614
1.941303
1.792183
1.742386
1.711268
1.943277
1.929078
1.653873
1.826923
1.760652
1.986605
1.966944
1.743008
1.747904
1.968886
1.928398
1.982111
1.868439
1.764625
1.761309
1.823020
1.844042
1.793241
1.912288
1.528833
1.907770
1.931028
1.908051
1.648380
1.723176
1.782326
1.911215
1.924840
1.831252
1.836326
1.581666
1.713832
1.834934
1.756691
1.586723
1.917131
1.574393
1.888890
1.487452
1.902248
1.832691
1.969356
1.952792
1.961039
1.974178
1.642936
1.536860
1.968267
1.654247
1.793876
1.608717
1.807075
1.894590
1.667252
1.851716
1.642934
1.648396
1.822812
1.592999
1.595326
1.969619
1.798323
1.691381
1.634243
1.853469
1.556755
1.501322
1.821457
1.716941
1.679841
1.877123
1.853991
1.922149
1.967847
1.800205
1.610073
1.743688
1.584437
1.829454
1.571919
1.950560
1.611201
1.822341
1.948210
1.851096
1.730071
1.904726
1.564391
1.853600
1.652035
1.484814
1.646161
1.999546
1.584576
1.457394
1.956604
1.697231
1.965875
1.361149
1.342877
1.910186
1.978959
1.875374
1.677770
1.775410
1.836125
1.959128
1.227265
1.417059
1.628130
1.602190
1.971544
1.643241
1.614619
1.929523
1.888758
1.302221
1.956831
1.848294
1.798989
1.823440
1.640884
1.371893
1.449967
1.975077
1.613761
1.362459
1.928820
1.717025
1.302710
1.885432
