1.944939
1.969544
1.853218
1.936312
1.960230
1.738141
1.943299
1.997646
1.966709
1.970756
1.876987
1.867933
1.834626
1.998307
1.874376
1.896277
1.754855
1.719826
1.730934
1.836826
1.922065
1.854572
1.871907
1.982350
1.784857
1.973878
1.972950
1.793903
1.756102
1.871049
1.974344
1.772140
1.927205
1.768832
1.978086
1.976992
1.814545
1.996606
1.998105
1.806841
1.733068
1.769888
1.850722
1.999817
1.951404
1.970965
1.821613
1.752774
1.745697
1.898034
1.926773
1.668460
1.923053
1.727046
1.718388
1.933114
1.958649
1.672005
1.621891
1.736251
1.764606
1.734358
1.894074
1.812529
1.900913
1.673435
1.976092
1.933321
1.980101
1.777697
1.965138
1.946048
1.793185
1.784523
1.945682
1.651466
1.611938
1.778670
1.762577
1.571218
1.922384
1.925912
1.941721
1.706094
1.731631
1.785407
1.856510
1.918869
1.890223
1.866070
1.800750
1.891941
1.959131
1.628128
1.876201
1.734362
1.722527
1.882734
1.625231
1.994133
1.680740
1.449348
1.842162
1.397169
1.994519
1.493720
1.856027
1.678301
1.849355
1.638006
1.916955
1.688177
1.908313
1.803898
1.916255
1.720320
1.521452
1.559949
1.882270
1.865379
1.957296
1.953625
1.873814
1.671717
1.463408
1.751575
1.574791
1.923471
1.850381
1.625528
1.337066
1.764740
1.711579
1.424488
1.771546
1.863162
1.959798
1.577678
1.763041
1.750774
1.542788
1.992041
1.882148
1.903407
1.863001
1.864054
1.786704
1.868770
1.935741
1.424515
1.948641
1.675005
1.435280
1.610405
1.951912
1.666270
1.715649
1.665063
1.412891
1.989987
1.292840
1.961082
1.826696
1.642362
1.519198
1.487105
1.598263
1.420042
1.922807
1.980166
1.445474
1.802091
1.863884
1.713190
1.733987
1.796183
1.942738
1.605316
1.522163
1.826574
1.490490
1.302407
1.362010
1.197087
