1.936433
1.805655
1.955303
1.841067
1.894369
1.793194
1.966818
1.989009
1.896852
1.878717
1.810351
1.815912
1.847739
1.973543
1.871172
1.804102
1.921966
1.953338
1.464745
1.975281
1.633969
1.911335
1.847799
1.925573
1.831534
1.944119
1.732035
1.656058
1.772748
1.769450
1.952735
1.880462
1.594134
1.893488
1.733135
1.875673
1.771195
1.923820
1.835282
1.881067
1.885667
1.812899
1.814536
1.880126
1.659994
1.683664
1.640738
1.713347
1.695858
1.653293
1.709449
1.794559
1.961809
1.925077
1.556275
1.984488
1.717503
1.940791
1.500009
1.800176
1.925296
1.787582
1.498443
1.768370
1.681377
1.814861
1.922462
1.892108
1.599096
1.914205
1.727732
1.795177
1.834936
1.688624
1.796671
1.836156
1.949590
1.598172
1.683945
1.977488
1.611672
1.912249
1.557367
1.742928
1.967577
1.593305
1.623401
1.649250
1.771348
1.994980
1.807085
1.717443
1.785112
1.965248
1.836971
1.688068
1.781720
1.845960
1.714182
1.652134
1.501133
1.504990
1.927847
1.683386
1.656641
1.626275
1.492766
1.725512
1.645253
1.982531
1.733343
1.880721
1.678982
1.744545
1.595930
1.488185
1.619904
1.719585
1.721534
1.392618
1.956014
1.930908
1.607260
1.717375
1.955013
1.567760
1.894854
1.414878
1.842143
1.918999
1.730543
1.546739
1.907470
1.765180
1.367670
1.642846
1.761159
1.721397
1.881264
1.719751
1.744389
1.869739
1.925699
1.571983
1.756812
1.705922
1.528765
1.304477
1.762783
1.738472
1.984569
1.536320
1.294501
1.921542
1.942901
1.518840
1.640540
1.719238
1.674901
1.405050
1.885034
1.331991
1.586212
1.753266
1.675802
1.521122
1.924889
1.869969
1.713669
1.874113
1.250154
1.518500
1.593536
1.318949
1.768182
1.280950
1.767177
1.202020
1.702413
1.948546
