1.730325
1.707342
1.391820
1.491978
1.539119
1.859614
1.865076
1.350156
1.783939
1.964883
1.556405
1.455480
1.682017
1.949454
1.982322
1.394319
1.459868
1.947290
1.341998
1.641979
1.599262
1.764611
1.638346
1.868529
1.930659
1.440078
1.929389
1.381691
1.505979
1.372704
1.262355
1.757157
1.930725
1.283409
1.970721
1.615920
1.887949
1.957756
1.974696
1.839368
1.531942
1.895552
1.353427
1.262271
1.614993
1.903119
1.700996
1.873191
1.763462
1.664012
1.703266
1.965957
1.894214
1.312113
1.559990
1.919723
1.642628
1.899796
1.975010
1.773616
1.595929
1.989914
1.778155
1.575564
1.636511
1.185520
1.445097
1.389841
1.334930
1.783973
1.634738
1.096793
1.112777
1.430541
1.889712
1.639794
1.838458
1.409106
1.970791
1.551028
1.509009
1.840970
1.589270
1.435239
1.379288
1.800598
1.471061
1.857375
1.924224
1.685482
1.751106
1.566289
1.866902
1.957405
1.247074
1.701974
1.838619
1.794241
1.623080
1.372385
1.875583
1.772422
1.083247
1.695762
1.823288
1.455496
1.875785
1.770778
1.540682
1.680552
1.739291
1.766790
1.377853
1.448362
1.613586
1.770494
1.640527
1.002969
1.392105
1.498043
1.585594
1.758346
1.142334
1.307235
1.382937
1.953363
1.410323
1.496039
1.805482
1.829011
1.350733
1.736283
1.725936
1.542227
1.911526
1.561943
1.828689
1.377183
1.812422
1.871749
1.518957
1.681236
1.581194
0.905974
1.975529
1.812908
1.285837
1.183968
1.367320
1.626059
1.768635
1.396360
1.574304
1.752802
1.464023
1.416480
1.772887
1.262389
1.567880
1.886395
1.555363
1.400025
1.976919
1.725010
1.394813
1.128756
1.918693
1.924864
1.990954
1.723313
1.788751
1.700018
1.215687
1.434680
1.012316
1.699344
1.704805
1.125773
1.905761
1.816600
1.567553
1.144328
1.724221
1.343511
1.552649
1.845928
1.757208
1.280569
1.816028
1.910280
1.330953
1.384176
1.847036
1.854183
1.622931
1.918613
1.978177
0.839659
1.591064
1.302515
1.937268
1.531536
1.454321
1.639106
1.393639
1.753992
1.791194
1.124964
1.437957
1.575920
1.488927
1.625285
1.596929
1.536612
1.302556
1.230030
1.815053
1.694875
1.955271
1.977202
1.472894
1.884365
1.598011
0.875462
1.780351
1.270569
1.119083
0.947752
1.938246
1.967064
0.895524
1.457026
1.479205
1.245983
1.541291
1.506958
0.999677
0.953555
1.224406
1.511473
1.119226
1.751908
1.414703
1.722960
1.106032
1.878115
1.372299
1.891926
1.733706
1.758135
1.402393
1.317550
1.288864
1.941989
1.183091
1.319633
1.957740
1.244611
1.923431
1.979169
1.797091
1.467750
1.016301
1.940578
1.677675
1.793726
1.881580
1.714695
1.533861
1.328125
1.502166
1.615017
1.141138
1.114871
1.722245
1.248342
1.238014
1.919234
1.572110
1.745324
1.614831
1.646865
1.670881
1.489330
1.797974
1.209281
1.473355
1.364766
1.347028
1.307557
1.836783
1.850677
1.815146
1.398879
1.837924
1.207419
1.120327
1.408883
1.394437
1.225381
1.726495
1.365281
1.527874
1.602103
1.315696
1.891784
1.451804
1.679895
1.939845
1.569111
1.448093
1.854748
1.355973
1.216538
0.920010
0.837860
1.986280
1.372056
1.949944
1.733105
1.565714
1.355032
1.623601
1.840265
1.275074
1.760915
1.576161
1.620975
1.316776
1.500843
1.010866
1.475912
1.136652
1.799659
1.463374
1.890213
1.393384
1.944462
1.265513
1.795824
1.251985
1.336169
1.830189
1.406234
1.413788
1.382416
0.994104
1.793689
1.921553
1.904396
1.815695
1.731228
1.921850
1.043571
1.038853
1.029970
1.571771
1.273140
1.534423
1.894385
1.524243
1.346526
1.684042
1.258517
0.918117
0.941845
0.837521
0.748404
1.118353
1.527626
1.693797
1.866555
1.749559
1.954444
1.391103
1.647737
1.601351
1.272433
1.142428
1.486616
1.912020
1.512861
0.959227
1.296738
