1.727345
1.957489
1.981478
1.566395
1.907630
1.858700
1.572843
1.919630
1.603287
1.543649
1.539582
1.607766
1.753496
1.575011
1.248794
1.456349
1.294256
1.807859
1.647392
1.415585
1.941931
1.911220
1.456974
1.758958
1.855697
1.596995
1.285477
1.712382
1.571346
1.473040
1.875904
1.781132
1.606445
1.850610
1.388971
1.951026
1.736864
1.439184
1.526989
1.699449
1.971962
1.994022
1.890494
1.813471
1.163590
1.970447
1.850643
1.713582
1.804408
1.814170
1.726227
1.330429
1.889722
1.889106
1.050246
1.760319
1.564737
1.681607
1.567731
1.703899
1.623870
1.923730
1.997834
1.390948
1.518567
1.649391
1.661676
1.759823
1.262323
1.232093
1.873750
1.379574
0.959272
1.637190
1.950391
1.690645
1.036414
1.298299
1.437832
1.526939
1.032991
1.634663
1.917975
1.730280
1.210582
1.691586
1.607139
1.401274
1.329674
1.845987
1.377129
1.631493
1.236658
1.622095
1.615862
1.699941
1.887083
1.681518
1.487427
1.630884
1.596622
1.982458
1.638874
1.818502
1.849057
1.674551
1.484071
1.954942
1.941574
1.932061
1.260794
1.205685
1.545653
1.627020
1.495797
1.610967
1.933100
1.932519
1.943056
1.663056
1.877600
1.296249
1.595524
1.194123
1.480227
1.689754
1.613907
1.743591
1.418205
1.553314
1.624108
1.080199
1.509182
1.177655
1.798289
1.599229
1.017260
1.821082
1.845423
1.525945
1.385291
1.215258
1.978370
1.285676
1.844101
1.488065
1.423676
1.366281
1.849566
1.916203
1.414512
1.879306
1.328045
1.804339
1.016722
1.084301
1.610148
1.795006
1.050949
1.817496
1.411840
1.791111
1.402570
1.235338
1.868604
1.726485
1.729541
1.554277
1.587775
1.489946
1.714683
0.979521
1.431258
1.319975
1.670512
1.913506
1.786130
1.505212
1.755010
1.653209
1.071768
1.339928
1.298510
1.527865
1.170594
1.864133
1.958768
1.392033
1.697236
1.490110
1.486613
1.954298
1.717517
1.502518
1.819988
1.387379
1.646908
1.600391
1.759777
1.177840
1.986850
1.438113
1.218623
1.598616
1.971223
0.898302
1.526482
1.328279
1.839808
1.955115
1.274867
1.600833
1.882298
1.367351
1.212114
1.789700
1.536223
1.085502
1.353355
1.514183
1.720399
1.137916
1.619453
1.355066
1.420325
1.385350
1.477234
1.243865
1.391884
1.625084
1.632275
1.895854
1.966189
1.802215
1.833293
1.802709
1.305009
1.399968
1.584945
1.192788
1.588949
1.600978
1.134692
1.811669
1.859060
1.565020
1.086994
1.667101
1.146984
1.416828
0.945351
1.405842
1.604338
1.650416
1.693008
1.751120
1.608793
1.758329
1.547684
1.252272
1.379453
1.840403
1.388970
1.637915
1.397278
1.977768
1.527028
1.878296
1.139352
1.945874
1.346633
1.387462
1.192978
1.477648
1.458834
1.538341
1.391488
1.822333
1.991057
1.941726
1.412317
1.842577
1.306155
1.490290
1.503416
1.107085
1.734018
1.048237
1.646934
1.556670
1.657617
1.942106
1.762134
0.921790
1.953947
1.636393
0.933196
1.958861
1.977878
1.961922
1.336658
1.993862
1.116380
1.332506
1.411740
1.375056
1.909182
1.962259
1.273003
1.900631
1.053970
0.960115
1.831182
1.137938
1.681894
1.502122
1.039729
1.133458
1.217900
1.523681
1.840832
1.570187
1.514569
1.296948
1.934790
1.239020
1.611295
1.344337
1.978646
0.980165
1.698253
1.184488
1.537300
1.586991
1.764703
1.794301
1.517592
1.781180
1.206674
1.802875
1.939955
0.985127
1.493460
1.754364
1.781849
1.749083
1.919055
1.096694
1.217680
1.989690
1.679517
1.315918
1.462376
1.246628
1.644947
1.684598
1.976451
1.857431
1.738857
1.992612
1.221079
1.453726
0.923368
1.498197
1.573219
1.601939
1.971878
1.531562
1.476783
0.879458
1.242774
1.523026
1.990246
1.865619
0.823915
1.575954
1.926935
1.909509
0.972323
1.112678
1.695031
1.968621
1.863230
1.443971
1.238585
1.750260
1.452356
1.628603
