1.628981
1.562218
1.781566
1.739682
1.487084
1.945382
1.758273
1.975019
1.505843
1.931180
1.817413
1.448869
1.766705
1.676406
1.516876
1.831154
1.222297
1.575772
1.679684
1.282521
1.995279
1.496882
1.257674
1.871742
1.695308
1.985774
1.445931
1.941761
1.889069
1.449514
1.515409
1.996164
1.763870
1.127453
1.435351
1.164707
1.431248
1.859216
1.544329
1.593632
1.832439
1.816866
1.857882
1.789072
1.875746
1.784739
1.933719
1.352768
1.369651
1.887129
1.675872
1.308938
1.270804
1.892267
1.965536
1.519269
1.267286
1.294690
1.551721
1.948927
1.701067
1.632760
1.647243
1.811580
1.669695
1.778341
1.980784
1.739060
1.519564
1.183783
1.586050
1.966953
1.888168
0.996899
1.311195
1.809042
1.654138
1.380932
1.804263
1.673496
1.520393
1.796619
1.404374
1.278585
1.735222
1.823974
1.616369
1.268873
1.282562
1.875973
1.980617
1.477980
1.734864
1.275125
1.633314
1.849111
1.537733
1.599511
1.447722
1.526862
1.601097
1.748918
1.767812
1.651008
1.523803
1.804571
1.705318
1.285830
1.569329
1.386902
1.277914
1.379055
1.726389
1.804709
1.030858
1.379950
1.618664
1.959165
1.435191
1.596692
1.762242
1.583169
1.509168
1.359238
1.750776
1.774495
1.938050
1.895850
1.168862
1.964027
1.996099
1.827535
1.756272
1.497103
1.820588
1.907671
1.910109
1.797781
1.693525
1.833978
1.739582
1.778842
1.331626
1.150971
1.055272
1.085870
1.848169
1.621418
1.974811
1.761462
1.668454
1.339410
1.501787
1.052134
1.111694
1.410419
1.856679
1.550809
1.550595
1.873837
1.073267
1.016813
1.448152
1.576784
1.810767
1.742315
1.519768
1.423903
1.862213
1.872723
1.912647
1.216145
1.227039
1.689770
1.703371
1.626983
1.460022
1.845916
1.789337
1.513852
1.106627
1.453092
1.527083
0.901546
1.587717
1.847472
1.267859
1.982596
1.434125
0.972960
1.930679
1.561074
1.994270
1.709643
1.388544
1.911330
1.769048
1.553492
1.476512
1.969478
1.729465
1.860628
1.281171
1.716277
1.676512
1.815433
1.726046
1.349372
1.820973
1.390057
0.936216
1.569783
1.230255
1.012331
1.337060
1.894736
1.576584
1.203597
1.562155
1.878840
1.644034
1.921503
1.704983
1.024885
1.206182
1.780323
1.799246
1.902368
1.317713
1.200783
1.946809
1.989171
1.550504
1.609337
1.925991
1.120559
1.970613
1.430768
1.730368
1.686097
1.656388
1.798161
1.481306
1.933130
1.688391
1.525553
1.975159
1.418125
1.195936
1.908731
1.652738
1.611033
1.621754
1.786524
1.081256
1.681613
1.782641
1.304187
1.300296
1.394967
1.384768
1.636172
1.785542
1.257814
1.631049
1.750545
1.731231
0.923883
1.341913
1.734845
1.978470
1.982767
1.297875
1.603966
1.839488
1.686095
1.345004
1.616259
1.402436
1.733799
1.016722
1.331842
1.730633
1.502671
1.421036
1.526717
1.369383
1.270047
1.652606
1.836247
1.332087
0.989016
1.598040
1.153707
1.014147
1.383064
1.458469
1.414934
1.706045
1.929395
1.949399
1.044337
1.745857
1.047553
1.134464
1.852448
1.788850
1.219300
1.908115
1.762610
1.606613
1.629009
1.633006
1.958152
1.853639
1.644050
1.377667
1.236977
1.684384
1.206247
1.409655
1.543774
1.755371
1.413126
0.960963
1.937302
1.671390
1.656502
1.774010
1.891653
1.858313
1.507992
1.943149
1.251591
1.372498
1.444359
1.732280
1.936174
1.493355
1.425832
1.582454
1.124852
1.815579
1.578615
1.220043
1.860939
1.808506
1.768157
1.757400
1.716331
1.839584
0.972833
1.397789
1.738826
1.370880
1.648168
1.622880
1.696873
1.600758
1.523864
1.282430
1.576494
1.888121
1.705518
0.967213
1.697311
1.281087
1.697648
0.815613
1.918046
1.672400
1.503121
1.177930
1.928085
1.443563
1.997081
1.726083
1.178048
0.839495
1.458551
1.670913
1.158017
1.099253
1.160690
1.603336
0.922062
1.154614
1.985578
1.594305
1.991705
1.249358
1.880171
1.643892
1.331187
1.055575
1.203097
1.784847
1.938718
1.575148
1.182336
1.322201
1.296136
1.592363
1.656789
1.537275
1.832557
1.503337
1.570948
1.499840
1.751101
1.721558
1.775906
1.704607
1.960268
1.136393
0.837457
1.624768
1.895335
1.172939
1.199883
1.304257
1.852455
1.528525
1.296723
1.353311
1.193736
1.986841
1.708372
1.864117
1.117731
