1.683214
1.983072
1.691321
1.882014
1.589382
1.638529
1.987674
1.614038
1.871483
1.732195
1.541492
1.834148
1.762384
1.913813
1.604162
1.851321
1.258296
1.529425
1.906277
1.810193
1.376730
1.817779
1.932638
1.360756
1.672962
1.865406
1.571657
1.275252
1.545464
1.370695
1.692984
1.666926
1.773781
1.493009
1.843174
1.568442
1.954806
1.201930
1.636205
1.857073
1.913213
1.641553
1.959247
1.498548
1.821849
1.847996
1.901085
1.897411
1.948646
1.696871
1.559125
1.975362
1.931368
1.334861
1.829776
1.790173
1.687972
1.879009
1.420191
1.316747
1.095319
1.908486
1.490000
1.960146
1.661569
1.961424
1.714452
1.524142
1.397943
1.760241
1.848351
1.677091
1.867209
1.695641
1.915830
1.428496
1.377117
1.690193
1.269086
1.124262
1.798474
1.648175
1.576225
1.687598
1.822453
1.806657
1.683722
1.544175
1.457729
1.564079
1.984432
1.875571
1.718404
1.737664
0.942088
1.711354
1.642727
1.751967
1.841483
1.773623
1.851415
1.607512
1.987988
1.677662
1.885423
1.081598
1.813442
1.763736
1.312435
1.658208
1.880547
1.777336
1.900088
1.766732
1.960183
1.379511
1.789271
1.723681
1.738450
1.476348
1.550151
1.301664
1.010722
1.948248
1.849331
1.898261
1.558708
1.408636
1.533584
1.606074
1.713062
1.711982
1.588364
1.651898
1.975282
1.981427
1.958948
1.471109
1.474540
1.411693
1.869923
1.644085
1.192640
1.971329
1.708231
1.257681
1.681405
1.813421
1.843007
1.644140
1.993785
1.588746
1.497283
1.738554
1.697046
1.571478
1.686347
1.216522
1.146596
1.612394
1.789185
1.263408
1.250714
1.773091
1.811127
1.933450
1.564749
1.889090
1.754077
1.855276
1.695330
1.983097
1.656698
1.848780
1.643813
1.152187
1.690373
1.442970
1.777629
1.572765
1.108258
1.664720
1.844543
1.419075
1.942388
1.838946
1.060348
1.881755
1.865007
1.655622
1.621456
1.720774
1.421031
1.997748
1.996066
1.840968
1.648027
1.660440
1.737241
1.945101
1.481401
1.289808
1.306014
1.330936
1.488669
1.885723
1.785114
1.959890
1.737960
1.763379
1.735387
1.772247
1.727191
1.668019
1.426192
1.835102
1.888032
1.968176
1.302004
1.255844
1.875730
1.396812
1.245019
1.644054
1.877362
1.764885
1.474708
1.570819
1.276606
1.714394
1.401154
1.344879
1.887870
1.505463
1.948156
1.920569
1.818449
1.916348
1.636135
1.377146
1.460614
1.670052
1.441929
1.759464
1.397440
1.883157
1.934225
1.840782
1.324082
1.684358
1.672779
1.861614
1.840987
1.366519
1.766728
1.474540
1.516423
1.497983
1.784783
1.525055
1.642379
1.778573
1.859675
1.424164
1.300731
1.608655
1.814021
1.379869
1.617906
1.460094
1.758103
1.502754
1.725524
1.521402
1.331153
1.653209
1.598325
1.999611
1.909146
1.683982
1.435897
1.941949
1.984011
1.816181
1.330999
1.934026
1.328244
1.889198
1.618588
1.899944
1.867257
1.816786
1.190581
1.492696
1.552357
1.971601
1.586150
1.815910
1.652928
1.174278
1.649150
1.011432
1.831812
1.684821
1.579410
1.655278
1.939619
1.982372
1.795997
1.927315
1.546126
1.814508
1.361651
1.517680
1.205812
1.051345
1.609163
1.808718
1.801684
1.765975
1.798771
1.177693
1.976950
1.035005
1.133404
1.295072
1.259067
1.794503
1.335024
1.172610
1.063894
1.341682
1.582526
1.381621
1.389947
1.862640
1.954850
1.562531
1.713637
1.600764
1.805573
1.747012
1.308332
1.595392
1.582048
1.896424
1.385961
1.910036
1.388902
1.424274
1.599349
1.604708
1.619989
1.931212
1.472320
1.641210
1.492083
1.390533
1.453897
1.568134
1.497549
1.831214
1.587603
1.811385
1.819313
1.761300
1.335632
1.580679
1.704420
1.866123
1.576159
1.129183
1.410825
1.138564
1.679388
1.782845
1.696095
1.700054
1.727157
1.581084
1.467912
1.669962
1.937518
1.466866
1.515929
1.933379
1.869140
1.448877
1.303984
1.792923
1.686360
1.891053
1.968616
1.730630
1.594584
1.869365
1.975417
1.341235
1.963691
1.937824
1.932367
1.862922
1.774413
1.925749
1.619884
1.912948
1.741020
1.891157
1.703703
1.724542
1.729263
1.134053
1.554420
1.990353
1.039933
1.162070
1.653339
1.934113
1.421509
1.439675
1.055276
1.797295
1.485571
1.373909
1.617040
1.789501
1.847653
1.998295
0.970369
1.451628
1.345124
1.914471
1.725096
1.158106
1.674903
1.285456
1.896525
1.834363
1.291026
1.341423
1.283230
1.063833
1.264740
1.437688
1.409227
1.810888
1.609440
1.174380
1.728112
1.942666
1.793785
1.021231
1.950207
1.349284
1.068701
1.028343
1.386870
1.481334
0.959380
1.273918
1.746909
1.719956
1.330328
1.878594
1.896729
1.786486
1.299029
0.881780
1.045017
1.742545
1.637213
1.915717
1.807724
0.882136
1.330526
1.902878
1.887506
1.190911
1.558895
1.413359
1.901539
1.917939
1.758652
1.529380
1.490989
1.059365
1.014340
1.377555
1.061842
1.764077
1.322553
1.731184
1.940880
1.838155
1.852550
1.982935
1.686661
1.873496
1.031115
1.789944
1.819719
1.864000
1.470466
1.390921
1.261656
1.904711
1.950175
1.069560
1.533573
1.344312
1.941306
1.990079
1.884998
1.189146
1.369851
1.657513
1.607522
1.631957
1.006131
1.061994
1.781101
1.912069
1.383179
1.556497
1.327390
1.978502
1.946686
0.972897
1.126408
1.128193
1.347493
1.609392
1.408657
0.942172
1.965818
1.758247
1.419426
1.320521
1.069509
1.868475
1.998142
1.236910
1.557174
1.869824
1.774380
1.031203
1.114822
1.040745
1.682800
1.721905
1.927382
1.250627
1.831452
1.342265
1.340644
0.993299
1.544908
1.622460
1.548255
1.044850
1.003713
1.157916
1.536689
1.845828
1.167859
1.319800
1.747871
1.909305
1.135213
1.347709
1.858425
1.977912
1.314030
1.337597
1.533093
1.422304
0.997546
1.653695
1.411123
1.716522
1.550817
1.236868
1.223140
1.214380
1.123006
1.597913
1.366492
1.508976
1.894790
1.126257
1.895875
1.459454
1.264299
1.118724
1.763858
0.948505
1.284139
1.611283
1.994356
1.881206
1.261475
1.073556
1.283853
1.765591
1.889793
1.636671
1.733295
1.989308
1.315022
1.037134
1.944772
1.942723
1.377344
1.570220
1.374639
1.824968
1.088656
1.860484
1.956517
1.529834
1.706895
1.400470
1.698220
1.405400
1.850972
1.364290
1.718381
1.470912
1.604848
1.932638
1.761215
1.676144
1.717775
1.236167
1.213356
1.856225
1.357994
0.805387
0.900030
1.087493
1.660168
1.639035
1.536488
1.651937
1.793452
1.526101
1.624081
0.968651
1.886035
1.176092
1.059476
1.772512
1.951883
1.431617
1.683868
0.965945
1.735432
1.412359
1.520409
1.508687
1.199824
1.003923
1.478513
1.782384
0.916227
1.582958
1.808912
1.591855
1.251708
1.197928
1.084257
1.507409
1.896848
1.847721
1.085215
1.419305
1.028459
0.959152
1.713173
0.964254
1.257657
1.150371
1.661233
0.953379
1.310997
1.025832
1.150514
1.825951
1.262248
1.987939
1.156089
1.503351
1.596542
1.894896
1.115508
1.476329
1.508646
1.467802
1.476084
1.789959
0.854220
1.041935
1.579111
1.035003
1.167775
1.312385
0.858213
1.722946
1.181470
1.657754
0.844784
1.391395
0.969965
1.082606
1.419042
1.459345
