1.926893
1.505212
1.607051
1.891516
1.967754
1.967683
1.836489
1.693434
1.788775
1.887788
1.671236
1.757573
1.866580
1.502139
1.315862
1.965458
1.913083
1.179014
1.687189
1.554530
1.641201
1.870711
1.514674
1.522784
1.670021
1.408365
1.352151
1.604393
1.291173
1.418633
1.500038
1.886231
1.362277
1.543197
1.742756
1.742177
1.746336
1.757195
1.194086
1.763854
1.492992
1.529064
1.624953
1.763458
1.659904
1.688164
1.276264
1.826880
1.577086
1.653582
1.482290
1.928415
1.876902
1.832249
1.190869
1.259758
1.194871
1.992440
1.544761
1.989195
1.348857
1.572327
1.906423
1.847607
1.401476
1.292865
1.487200
1.257592
1.519038
1.666627
1.766823
1.753143
1.184990
1.535661
1.908587
1.194221
1.917745
1.722226
1.888992
1.708827
1.859810
1.493598
1.585015
1.897976
1.492942
1.885883
1.928054
1.588501
1.580060
1.611448
1.281512
1.910702
1.193112
1.674392
1.543336
1.889890
1.504240
1.468466
1.871970
1.860083
1.832081
1.938565
1.638754
1.125840
1.851869
1.759821
1.869882
1.424327
1.844329
1.569519
1.769152
1.939986
1.911372
1.788771
1.954883
1.537413
1.615427
1.428237
1.460842
1.869332
1.531153
1.717242
1.920950
1.485367
1.073477
1.493392
1.821701
1.746372
1.838751
1.238289
1.700122
1.118675
1.481888
1.649738
1.786792
1.948681
1.770401
1.713631
1.715775
1.598345
1.469036
1.854829
1.481215
1.700432
0.930300
1.350332
1.267994
0.992352
1.910407
1.783456
1.381343
1.588859
1.907474
1.984582
1.873185
1.164337
1.127482
1.620825
1.244709
1.724334
1.876454
1.403093
1.877503
1.877399
1.579912
1.776145
1.956696
1.674383
1.814882
1.995050
1.721108
1.812600
1.415761
1.719152
1.721578
1.599834
1.975641
1.737576
1.514830
1.756592
1.452091
1.175473
1.948408
1.360702
1.381833
1.303629
1.238183
1.651424
1.824866
1.021499
1.846458
1.719254
1.856282
1.565175
1.913886
1.166574
1.448811
1.261587
1.778431
1.988580
1.839426
1.991017
1.351570
1.122240
1.071077
0.872613
1.847940
1.468540
1.215026
1.805068
1.550726
1.311268
1.998161
1.400905
1.591343
1.750766
1.410452
1.965267
1.503346
1.848780
1.946308
1.663122
1.688769
1.350254
1.884553
1.353737
1.641917
1.362302
1.338391
1.584594
1.559105
1.462395
1.900712
0.886838
1.758157
1.941344
1.456138
1.170720
1.729635
1.341571
1.248745
1.047675
1.969384
1.747421
1.707045
1.358611
1.692578
0.890660
1.859210
1.632017
1.256043
1.739104
1.342698
1.318201
1.103732
1.526823
1.511060
1.391844
1.676434
1.418288
1.156684
1.654251
1.513269
1.497753
1.627222
1.862370
1.620421
1.616842
1.794987
1.715565
1.755708
1.009152
1.265378
1.212650
1.533648
1.541940
1.549692
1.963663
1.779362
1.114111
1.392486
1.127888
1.901412
1.865245
1.258162
1.663742
1.372721
1.327050
1.817608
1.717886
1.492920
1.584126
1.206856
1.035506
1.374626
1.021778
1.568212
1.889645
1.087614
1.602397
1.683616
1.869805
1.561030
1.294917
1.601490
1.556860
1.430669
1.735218
1.737434
1.351398
1.735887
1.596077
1.252863
1.777438
1.408338
0.970617
1.768265
0.853006
1.268997
1.946702
1.819836
1.739235
1.280577
1.178526
1.715965
1.852583
1.700972
1.719284
1.939015
1.189886
1.845197
1.498154
1.532402
1.985530
1.526767
1.691292
1.894424
1.004929
1.552723
1.678430
1.211114
1.421167
1.644248
1.623399
1.307618
1.369686
1.311851
1.489324
1.942691
1.312525
1.543866
0.947795
1.310193
1.313933
1.313129
1.979644
1.808901
1.359833
1.743299
1.527706
1.537715
1.634257
1.724143
1.277194
1.907452
1.850311
1.594523
1.957952
1.923441
1.817713
1.374768
1.262532
1.179779
1.872373
1.386236
1.131693
1.839889
1.820687
1.901102
1.511805
1.371984
0.945152
1.059583
1.375945
1.224110
1.202936
0.990399
1.168944
1.861793
1.446314
1.312455
1.827653
1.558849
1.325541
1.369243
1.065640
1.748807
1.733943
1.409055
0.956067
1.323083
1.161224
1.453464
0.987661
0.895301
1.271773
1.458190
1.674901
1.054942
