1.963795
1.995359
1.827548
1.978124
1.941061
1.916486
1.946030
1.999186
1.951537
1.892299
1.986847
1.883706
1.959508
1.869290
1.764664
1.991901
1.976693
1.905124
1.752687
1.937576
1.847723
1.604650
1.875907
1.856876
1.847244
1.940531
1.897533
1.873511
1.805931
1.859466
1.845524
1.709755
1.840698
1.715107
1.717030
1.847712
1.928495
1.874728
1.829076
1.961069
1.679725
1.568767
1.986319
1.909537
1.710494
1.702316
1.875528
1.896104
1.956113
1.908210
1.943848
1.888716
1.714903
1.756355
1.747398
1.793905
1.713453
1.664732
1.980999
1.977165
1.700948
1.592727
1.901146
1.959020
1.827062
1.653861
1.581728
1.999277
1.927610
1.692221
1.993070
1.768901
1.554251
1.974890
1.719065
1.714273
1.853151
1.647345
1.482769
1.874933
1.625949
1.796479
1.643378
1.994797
1.813063
1.829520
1.444674
1.995513
1.548359
1.753846
1.613966
1.951397
1.422161
1.878971
1.892219
1.915788
1.767605
1.705914
1.622696
1.667009
1.810701
1.940392
1.953177
1.557861
1.269324
1.566940
1.965832
1.847098
1.461461
1.987941
1.872011
1.541911
1.833297
1.706641
1.410051
1.777532
1.726279
1.788057
1.830557
1.276851
1.592416
1.377160
1.919131
1.998440
1.398869
1.497336
1.680408
1.474220
1.347121
1.938691
1.752767
1.807705
1.331764
1.851677
1.528851
1.487047
1.906177
1.703980
1.355333
1.409463
1.804378
1.847301
1.470050
