1.869622
1.966165
1.989029
1.675867
1.559691
1.668684
1.915428
1.634853
1.695107
1.810426
1.773603
1.492103
1.750343
1.783135
1.941320
1.870782
1.818522
1.967978
1.859651
1.745542
1.895896
1.895545
1.926011
1.712713
1.958190
1.954706
1.887085
1.682370
1.455867
1.930816
1.597685
1.752075
1.861781
1.863980
1.977717
1.998321
1.775693
1.741444
1.953621
1.934664
1.842637
1.855474
1.890479
1.689616
1.582654
1.584144
1.798899
1.701998
1.954214
1.507950
1.847094
1.775809
1.942578
1.555413
1.719236
1.558383
1.295674
1.676741
1.906086
1.479295
1.801332
1.901206
1.719600
1.678610
1.668250
1.778974
1.879604
1.354701
1.779598
1.824971
1.744086
1.748674
