1.888517
1.648086
1.652496
1.898701
1.306068
1.505387
1.600827
1.985727
1.895467
1.927134
1.905561
1.820051
1.991483
1.782172
1.890390
1.479878
1.834483
1.425437
1.550394
1.591007
1.768478
1.796471
1.922132
1.346846
1.676966
1.997905
1.530697
1.652200
1.871344
1.639804
1.547845
1.675727
1.482624
1.278519
1.673434
1.960564
1.977151
1.414937
1.446126
1.600916
1.349772
1.367911
1.670791
1.984005
1.728824
1.999935
1.524091
1.443693
1.397108
1.178385
1.284451
1.446357
1.394501
1.467201
1.627617
1.543082
1.679776
1.657219
1.688605
1.469329
1.760487
1.639752
1.526983
1.789874
1.422945
1.218129
1.795405
1.425578
1.979396
1.777370
1.847256
1.677397
1.549625
1.776153
1.917509
1.828694
1.990263
1.857729
1.529556
1.429583
1.565597
1.923212
1.640661
1.805691
1.291816
1.198457
1.995769
1.727018
1.288597
1.463155
1.422195
1.896164
1.593065
1.971053
1.878399
1.713358
1.712302
1.897441
1.705863
1.584471
1.812547
1.884691
1.569821
1.513982
1.780672
1.817356
1.510861
1.430893
1.234869
1.667442
1.496984
1.536675
1.910558
1.548133
1.972390
1.486510
1.729500
1.546374
1.633425
1.850872
1.019883
1.941471
1.691683
1.680609
1.379228
1.388338
1.440635
1.961636
1.719322
1.468764
1.308551
1.422440
1.899274
1.691626
1.760335
1.811574
1.856457
1.849507
1.674259
1.632178
1.224730
1.933785
1.458378
1.737146
1.918544
1.658233
1.240554
1.843379
1.510351
1.964980
1.526202
1.819541
1.274600
1.532454
1.328355
1.765088
1.531351
1.875476
1.297812
1.896836
1.718920
1.995790
1.424830
1.809994
1.597421
1.953286
1.859344
1.813039
1.350482
1.923210
1.433395
1.104004
1.996415
1.642197
1.735664
1.442704
1.836970
1.289068
1.604322
1.765928
1.804682
1.619168
1.556726
1.374372
1.577903
1.284492
1.697095
1.704830
1.391407
1.679907
1.604061
1.477453
1.718725
1.404309
1.240890
1.182218
1.387673
1.629829
1.324428
1.619362
1.908425
1.919191
1.972997
1.313251
1.611456
1.765484
1.654663
1.760280
1.653061
1.365149
1.933426
1.954222
1.411224
1.512089
1.645201
1.624430
1.784179
1.734732
1.203389
1.408089
1.631578
1.676833
1.288961
1.693254
1.893962
1.399035
1.265936
1.124424
1.951875
1.968518
1.656304
1.513044
1.422255
1.649374
1.797958
1.321117
1.991898
1.875874
1.572053
1.477531
1.625807
1.576253
1.905017
1.309612
1.915974
1.528556
1.830582
1.827129
1.938725
1.212098
1.983678
1.593870
1.998568
1.968406
1.926709
1.158397
1.573441
0.898655
1.404064
1.611879
1.572937
1.789848
1.745292
1.185902
1.968098
1.780212
1.459440
1.337587
1.278114
1.864730
1.200021
1.491743
1.741983
1.736913
1.598992
1.450978
1.725967
1.916695
1.956352
1.621793
1.119622
1.797030
1.708083
1.928954
1.970608
1.830256
1.669985
1.720186
1.298941
1.958843
1.531331
1.435646
1.903062
1.302355
1.993718
1.545528
1.256362
1.567694
1.296016
1.983501
1.992390
1.136528
1.455334
1.964098
1.518445
1.815793
1.492931
1.284896
1.964906
1.373992
1.372138
1.761197
1.337087
1.321163
1.683807
1.629101
1.285785
1.332690
1.414410
1.600927
1.769042
1.575907
1.806056
1.268611
1.634881
1.471028
1.866943
1.080156
1.327677
1.932796
1.263575
1.344570
1.887118
1.795698
1.453334
1.879591
1.267503
1.319770
1.538586
1.172518
1.899710
1.359353
1.184600
1.311156
1.818899
1.805337
1.459620
1.438913
1.566872
1.283419
1.950132
1.377666
1.381474
1.764717
1.629583
1.618554
1.544670
1.935477
1.937013
1.966419
1.688972
1.551329
1.379785
1.912550
1.612809
1.571990
1.441111
1.453262
1.985060
1.794814
1.486965
1.510175
1.731309
1.561243
1.534444
1.624736
1.870459
1.715257
1.382251
1.605642
1.145835
1.929114
1.872568
1.626756
1.864243
1.357085
1.864171
1.378371
1.412595
1.723689
1.551382
1.545921
1.568308
1.710001
1.368150
1.719954
1.231445
1.870058
1.874970
1.877178
1.731508
1.345442
1.997195
1.299457
1.463469
1.525604
1.681444
1.616898
1.028582
1.206445
1.913877
1.145434
1.601409
1.861493
1.762327
1.375267
1.766667
1.968476
1.703410
1.894855
1.721828
1.675938
1.372224
1.401693
1.985489
1.785026
1.579523
1.752121
1.495024
1.655145
1.534896
1.470234
1.037709
1.622256
1.387539
1.989148
1.080454
1.245162
1.759793
1.598761
1.013280
1.940593
1.107299
1.366061
1.183358
1.278749
1.489704
1.699629
1.071291
1.235188
1.387053
1.712064
1.855257
1.444331
0.948129
1.817061
1.632778
1.675593
1.508939
1.943193
1.544986
1.224821
1.587256
1.687739
1.297944
1.528921
1.171130
1.152495
1.607184
1.629570
1.366312
0.944623
1.449439
1.813582
1.841208
1.818011
1.831641
1.249934
1.321864
1.947801
1.795761
1.564654
1.068957
1.740982
1.622463
1.250399
1.550942
1.605813
1.715404
1.859853
1.809113
1.107572
1.468820
1.538393
1.821499
1.659078
1.563869
1.466325
1.795999
1.754079
1.313455
1.730681
1.636861
1.564616
1.339546
1.395786
1.883274
1.529306
1.556629
1.069924
1.239510
1.740256
1.480368
1.801729
1.954929
1.981536
1.431746
1.678259
1.924731
1.466893
1.498882
1.909067
1.985229
1.648681
1.271506
1.179631
1.424563
1.648511
1.363332
1.907181
1.960644
1.336175
1.563113
1.703057
1.704383
1.277404
1.659799
1.781865
1.817438
1.627527
1.225005
1.438733
1.268314
1.575094
1.822722
1.845741
1.581137
1.054704
1.444452
1.198544
0.896662
1.646992
0.881499
1.785601
1.877013
1.984838
1.915316
1.075081
1.577347
0.975463
1.506220
1.769579
1.963731
1.640891
1.594874
1.686332
1.342251
1.621200
0.880648
1.749758
1.739348
1.179138
1.022614
1.355212
1.783436
1.991829
0.930999
1.902156
1.941087
1.667525
1.586133
0.940631
1.330247
0.876325
1.404521
1.855242
1.808613
1.218983
1.618930
1.671353
1.244031
1.989521
1.713427
1.363660
1.947858
1.813219
1.443717
1.512602
1.085281
1.785988
1.514257
1.232290
1.468497
1.495229
1.626360
1.992303
1.311943
1.950542
0.903452
1.458287
1.775845
1.511211
1.009009
1.396047
1.604667
1.680278
1.176731
1.487237
1.834232
1.929851
1.231616
1.245554
1.411970
1.857516
1.038499
1.261250
1.485420
1.374015
1.452108
1.932760
1.994477
1.794283
1.202003
1.501762
1.792724
1.338322
1.548037
1.462584
1.813006
1.772202
1.770010
1.745387
1.932240
1.898408
1.541551
1.646181
1.434054
1.948989
1.358776
1.843378
1.636224
0.998482
1.808398
1.730365
1.579894
1.281868
1.636377
1.549164
1.230251
0.940913
1.886336
1.530441
1.973811
1.247157
1.916843
1.686927
1.347027
1.675763
1.618746
1.697423
1.206671
1.860194
1.636767
1.537690
1.424403
1.455181
1.621763
1.131892
1.115016
1.259407
1.678641
1.925866
1.764918
1.579104
1.643315
1.951404
1.755990
1.763419
1.996646
1.423146
1.618622
1.888984
1.605221
1.889565
1.753062
1.780370
1.407137
1.197477
1.688030
0.997309
1.381643
1.788987
1.031354
1.538294
1.681843
1.462485
1.511249
1.599846
1.275318
1.073538
1.736915
1.200574
1.676850
1.231573
0.961799
1.887137
1.278309
1.294541
1.993257
1.310880
1.983004
1.442549
1.216575
1.106136
1.714511
1.699475
1.312875
1.925806
1.077312
1.994281
1.400010
1.171913
0.987457
1.481210
1.439691
1.166520
1.190679
1.113402
1.332079
1.677379
1.799719
1.171105
1.749108
1.233808
1.996959
1.197370
1.321380
1.870231
1.958343
1.016812
1.007514
1.618393
0.979560
1.272322
1.855612
1.554585
1.641203
1.667859
0.925437
1.929085
1.480306
1.983211
1.222608
1.739910
0.994640
0.980745
1.330624
1.390052
1.772751
1.943968
1.909646
1.411107
1.265850
1.943903
1.724970
1.251963
1.349898
1.421429
1.207353
0.868929
1.100862
1.306315
1.242454
1.179573
1.669541
1.091265
1.350752
1.387746
1.020731
1.653095
1.783939
1.618649
1.731846
1.931019
0.895117
1.810734
1.150032
1.033330
1.495363
1.062556
1.621624
1.473822
1.568728
1.511031
1.450981
1.420665
1.657438
1.755064
1.589902
1.420421
0.848908
1.189336
1.239535
