1.930504
1.615803
1.964940
1.841985
1.880792
1.681874
1.836088
1.982618
1.794581
1.839366
1.679611
1.937684
1.722890
1.582164
1.828126
1.577056
1.903659
1.692268
1.827315
1.890196
1.759396
1.792621
1.538718
1.819683
1.654595
1.885458
1.654871
1.790475
1.857663
1.976608
1.532889
1.668629
1.793424
1.826004
1.893722
1.890845
1.991822
1.832497
1.723388
1.603328
1.795237
1.941062
1.964052
1.622402
1.556218
1.727801
1.913816
1.864944
1.985033
1.750660
1.751257
1.875780
1.737788
1.559725
1.640514
1.784039
1.703843
1.975673
1.910459
1.456278
1.512008
1.709796
1.877123
1.988720
1.811539
1.817903
1.885229
1.474118
1.942237
1.979016
1.590653
1.940679
1.666038
1.853051
1.987058
1.835505
1.977583
1.585937
1.568436
1.522831
1.678697
1.580286
1.889853
1.431861
1.802047
1.540555
1.949153
1.969402
1.529762
1.775502
1.371702
1.874427
1.944265
1.740342
1.953955
1.715076
1.976721
1.893128
1.982749
1.830691
1.898426
1.571173
1.995762
1.559864
1.873247
1.304610
1.537037
1.636585
1.822552
1.619139
1.967795
1.969049
1.584001
1.376139
1.908826
1.392110
1.973939
