1.971846
1.996626
1.947719
1.994477
1.923399
1.835832
1.831400
1.786307
1.926281
1.957906
1.947783
1.633104
1.984444
1.788097
1.849172
1.940757
1.949618
1.898010
1.973206
1.987851
1.941374
1.881133
1.625246
1.800170
1.902499
1.874511
1.744651
1.868436
1.784291
1.813993
1.912104
1.716996
1.866489
1.694944
1.969433
1.771777
1.753880
1.871153
1.717791
1.932645
1.773286
1.658827
1.940090
1.621907
1.689698
1.776218
1.966927
1.619924
1.997989
1.957912
1.984229
1.897851
1.924289
1.830389
1.964440
1.730230
1.794871
1.660544
1.760586
1.914237
1.943515
1.896170
1.900570
1.810738
1.641870
1.855214
1.689749
1.773929
1.687945
1.550564
1.818898
1.972794
1.674211
1.930531
1.881863
1.552717
1.854965
1.890838
1.877497
1.969178
1.932978
1.719014
1.600687
1.875198
1.816764
1.728053
1.348890
1.764011
1.561264
1.611205
1.826876
1.546309
1.616020
1.923041
1.923933
1.645863
1.963402
1.814783
1.603164
1.544759
1.520586
1.747902
1.831363
1.481937
1.959155
1.953839
1.990430
1.829608
1.369485
1.734369
1.949321
1.881774
1.607704
1.860882
1.435377
1.675867
1.399927
1.610906
1.528715
1.602066
1.717732
1.759308
1.541066
1.789178
1.517746
1.851081
1.792850
1.859610
1.933960
1.455489
1.848524
1.684792
1.581962
1.573395
1.872326
1.426266
1.848322
1.985934
1.544254
1.268304
1.635400
1.863645
1.915837
1.646408
1.851316
1.597137
1.703424
1.478027
1.704377
1.830366
1.810501
1.936845
