1.996508
1.934850
1.962542
1.873768
1.971015
1.936996
1.750822
1.793203
1.792793
1.910040
1.864012
1.858008
1.932864
1.883332
1.911884
1.855864
1.969533
1.815208
1.784664
1.871604
1.895025
1.913770
1.915816
1.836381
1.667153
1.848664
1.884983
1.960188
1.743004
1.885483
1.965533
1.962387
1.771595
1.758105
1.941000
1.817584
1.844533
1.635646
1.954956
1.546920
1.991481
1.777433
1.566902
1.812531
1.945993
1.965647
1.959585
1.989323
1.978902
1.820678
1.660424
1.619604
1.601043
1.650078
1.940494
1.847319
1.873039
1.874952
1.993205
1.903140
1.852794
1.838094
1.575186
1.848045
1.633788
1.608458
1.553133
1.921125
1.864054
1.784560
1.859602
1.750858
1.780902
1.996396
1.564351
1.483523
1.890974
1.716781
1.528952
1.857470
1.979378
1.527363
1.651173
1.959374
1.539531
1.509825
1.822245
1.605622
1.654534
1.982980
1.431902
1.717740
1.511623
1.912154
1.575088
1.776249
1.685937
1.923559
1.974982
1.683171
1.998307
1.387798
1.890192
1.726137
1.753317
1.651101
1.788880
1.537983
1.790631
1.811180
1.504241
1.927887
1.934227
1.732086
1.384723
1.765233
1.766490
1.903862
1.734822
1.622292
1.668858
1.827189
1.830077
1.280317
1.927725
1.376311
1.695377
1.261555
1.566976
1.645254
1.061661
1.837833
1.732110
1.548118
