1.887435
1.916038
1.937793
1.899144
1.664786
1.967921
1.855218
1.989335
1.949127
1.985215
1.973161
1.867678
1.953553
1.875941
1.746362
1.981062
1.916057
1.648562
1.963879
1.808647
1.955605
1.823228
1.967697
1.702486
1.930674
1.792428
1.699929
1.924267
1.826510
1.697866
1.757864
1.697819
1.930780
1.954386
1.684588
1.875287
1.879150
1.844703
1.792427
1.733807
1.752307
1.953222
1.915126
1.809332
1.571516
1.565666
1.949884
1.987138
1.840658
1.966646
1.750958
1.705845
1.741217
1.586060
1.950884
1.894749
1.963120
1.934075
1.689151
1.829748
1.933708
1.921391
1.956801
1.905316
1.657592
1.761863
1.630121
1.763932
1.998098
1.936696
1.839364
1.830729
1.597045
1.904707
1.751368
1.852454
1.996916
1.708773
1.749570
1.755563
1.491614
1.703525
1.660583
1.840700
1.943039
1.783691
1.763513
1.853833
1.899531
1.954375
1.565628
1.763616
1.663132
1.612842
1.978099
1.983890
1.801811
1.857493
1.707254
1.523040
1.752169
1.839192
1.596368
1.839840
1.974242
1.849822
1.935957
1.750796
1.460693
1.473115
1.660118
1.526279
1.704404
1.814498
1.476378
1.988591
1.990713
1.956705
1.433379
1.459015
1.948426
1.474603
1.489373
1.795716
1.493465
1.509779
1.700040
1.769825
1.998693
1.974449
1.879182
1.382864
1.691320
1.758273
1.799541
1.800242
1.862275
1.542862
1.760925
1.928576
1.674273
1.258738
1.437789
1.603154
1.566350
1.997755
1.764860
1.484054
