1.995473
1.970884
1.554190
1.999489
1.798230
1.570229
1.743366
1.588129
1.346979
1.843069
1.531924
1.690156
1.793273
1.527490
1.995826
1.481042
1.866529
1.180011
1.277969
1.980099
1.615767
1.249904
1.562873
1.524053
1.849844
1.783569
1.870725
1.839577
1.738243
1.733219
1.893610
1.447894
1.907184
1.937447
1.804145
1.414673
1.705957
1.602043
1.594944
1.756705
1.809692
1.283442
1.963118
1.639729
1.466403
1.898873
1.846384
1.909501
1.843456
1.858467
1.740798
1.202807
1.859731
1.875076
1.770324
1.632913
1.198294
1.611052
1.290893
1.699846
1.720222
1.343150
1.614136
1.257289
1.358087
1.612295
1.815506
1.527415
1.612526
1.624173
1.775399
1.407775
1.828895
1.742158
1.998542
1.840783
1.850682
1.679790
1.678955
1.954787
1.780375
1.555351
1.649232
1.825071
1.732367
1.351545
1.335750
1.411858
1.694395
1.634670
1.883342
1.880319
1.223240
1.267307
1.811303
1.831850
1.537796
1.801627
1.883200
1.550429
1.611144
1.387992
1.826625
1.301625
1.618495
1.626132
1.517733
1.830030
1.850440
1.930088
1.171183
1.877565
1.270949
1.567032
1.931774
1.311346
1.558507
1.992026
1.849570
1.689426
1.046998
1.294333
1.581392
1.791158
1.272564
1.682828
1.979048
1.858279
1.725104
1.879709
1.594107
1.706897
1.730627
1.676173
1.499669
1.976442
1.704748
1.272802
1.867450
1.999544
1.952937
1.847935
1.525762
1.797501
1.736902
1.938540
1.449219
1.122185
1.482069
1.970451
1.462838
1.320533
1.641469
1.929753
1.498690
1.840854
1.616136
1.798932
1.849497
1.153030
1.993857
1.719350
1.882776
1.573133
1.879426
1.712597
1.697885
1.787388
1.848925
1.300128
1.736354
1.199180
1.376174
1.306194
1.409303
1.785951
1.611367
1.873843
1.868997
1.577780
1.718752
1.472779
1.939692
1.370137
1.479618
1.185106
1.920053
1.256769
1.707838
1.397007
1.935164
1.874158
1.349486
1.571783
1.959770
1.633916
1.467118
1.602593
1.970574
1.352573
1.966859
1.408100
1.622678
1.738542
1.708040
1.203648
1.898895
1.072013
1.451644
1.705374
1.786994
1.088152
1.845901
1.910948
1.837504
1.372772
1.764197
1.079882
1.371348
1.984178
1.770978
1.876328
1.833342
1.581554
1.960891
1.861567
1.466274
1.547690
1.891118
1.536251
1.959379
1.295926
1.552086
1.718529
1.651911
1.754783
1.626126
1.853213
1.700906
1.395704
1.742541
1.395572
1.685822
1.529219
1.533075
1.772891
1.061295
1.372466
1.193101
1.320829
0.894952
1.506919
1.884659
1.268416
1.140005
1.669933
1.862763
1.478116
1.878108
1.752171
1.868543
1.892470
1.492242
1.870416
1.542790
1.833207
1.909805
1.931111
1.717994
1.868644
1.872343
1.838869
1.293104
1.013642
1.628397
1.958032
1.355873
1.821397
1.948228
1.406329
1.913019
1.671309
1.769982
1.308962
1.469850
1.837954
1.658403
1.243956
1.528898
1.449296
1.992429
1.601322
1.140590
0.936598
1.837649
0.926691
1.865579
1.775050
1.952604
1.510548
1.489183
1.751648
1.421306
1.708759
1.579883
1.582176
1.099059
1.074698
1.272425
1.496232
1.824380
1.237201
1.388075
1.384525
1.869848
1.755461
1.495889
1.318144
1.328925
1.593547
1.350761
1.645396
1.463206
1.196793
1.360966
1.899968
1.600473
1.844840
1.290210
1.692566
1.874629
1.436968
1.798324
1.826741
1.126312
1.931584
1.783042
1.337674
1.646704
1.905786
1.385871
1.693257
1.724867
1.716729
1.891736
1.508220
1.954020
1.171772
1.934305
1.702763
1.945035
1.525860
0.926026
1.847360
1.342690
1.976094
1.945757
1.932363
1.375346
1.528561
1.238205
1.401221
1.064238
1.974938
1.781427
1.053794
1.920839
1.125951
1.867999
1.990648
1.936018
1.328046
1.096026
1.952040
1.478849
1.410571
1.347156
1.915867
1.411558
1.663974
1.890248
1.861618
1.245158
1.920304
1.942828
1.435866
1.676174
1.733022
1.050229
1.768419
1.538279
1.517902
1.766728
1.286608
1.422952
1.798103
1.641183
1.903128
1.347550
1.900984
1.273482
1.020782
1.976234
1.960099
1.571210
1.286222
1.566594
1.471667
1.444046
1.027935
1.913757
1.858308
0.976107
1.164008
1.999592
1.672818
1.905671
1.018087
1.834616
1.098730
1.912041
1.933587
1.461951
1.661068
1.085524
1.975555
1.077308
1.971583
1.543712
1.762261
1.205863
1.688768
1.286135
1.162592
1.762107
1.429325
1.706226
1.795587
1.687549
1.869780
1.327735
1.124073
1.760633
1.483759
1.635167
1.676240
1.998775
1.503909
1.124235
1.823113
1.633632
1.561276
1.429351
1.311952
1.340076
0.807254
1.455071
1.422245
1.315048
1.964293
1.834838
1.879439
1.611110
1.894104
1.105755
1.325975
1.940780
1.472044
1.169671
1.269120
1.794262
1.791982
1.573702
1.860064
1.819648
1.809037
1.330967
1.365688
1.999175
1.807538
1.275873
1.783327
1.216323
1.797692
1.991228
1.592701
1.885045
1.685737
1.656865
1.366775
1.777301
1.040615
1.182801
0.981988
1.923255
1.014436
1.074423
1.756012
1.408663
1.417174
1.848125
1.226912
1.510457
1.889703
0.892114
1.990348
1.435105
1.468119
1.592189
0.955280
1.878836
1.392842
1.828765
1.124190
1.617847
1.477865
1.523276
1.692753
1.948310
1.716529
0.983438
1.113356
1.739474
1.375411
1.730729
1.568481
1.974094
1.467803
1.834575
1.243199
1.031891
1.135723
0.746080
1.765680
1.105289
1.257163
1.940547
1.468338
1.723163
1.477268
1.683578
1.165004
1.148335
1.811166
1.990847
1.615864
1.127285
1.506461
1.503894
1.071128
1.789580
1.631908
1.393607
1.209514
1.509472
1.178532
1.944988
1.740889
1.216028
1.673608
1.278167
1.825494
1.856534
1.253407
1.381354
1.433208
0.996149
1.649770
1.065679
1.559522
1.574550
1.788958
1.416292
1.746516
1.257180
1.197715
1.007152
1.057519
1.753236
1.025808
1.221090
1.152742
1.190759
1.288592
1.492557
1.580839
1.092529
1.903563
1.238066
1.193884
1.672125
1.650435
1.687060
1.823790
1.290282
0.972579
1.862338
0.985413
1.484782
1.936351
1.363315
1.682407
1.243603
1.388946
0.819854
1.927709
1.606798
0.928124
1.425623
1.801261
1.922391
1.553779
1.081338
1.958209
1.292834
