1.983229
1.998495
1.911612
1.852880
1.714035
1.908540
1.968151
1.812483
1.805957
1.985068
1.883394
1.865934
1.854623
1.943211
1.628359
1.949061
1.777875
1.949450
1.908937
1.883386
1.971274
1.793845
1.947838
1.727368
1.984674
1.488465
1.693844
1.556692
1.620760
1.648982
1.955471
1.842417
1.929939
1.322829
1.722989
1.925536
1.900228
1.855827
1.954918
1.807686
1.894264
1.781238
1.591783
1.857718
1.598542
1.556984
1.752074
1.847943
1.978569
1.837525
1.720417
1.875210
1.547091
1.773124
1.973737
1.838653
1.450456
1.594746
1.924445
1.721161
1.904981
1.953246
1.714571
1.779737
1.954242
1.929684
1.997794
1.625314
1.818778
1.664066
1.797965
1.797133
1.703163
1.667325
1.641060
1.809750
1.971272
1.436250
1.663533
1.923052
1.450025
1.290437
1.982688
1.259303
1.985681
1.448757
1.412269
1.958403
1.300354
1.794239
