1.509529
1.992935
1.835694
1.924066
1.681221
1.686166
1.825391
1.168400
0.964906
1.665594
1.311202
1.767329
1.450483
1.919390
1.706663
1.651784
1.955199
1.641781
1.204797
1.524033
1.537982
1.754080
1.634649
1.112991
1.422730
1.905571
1.563327
1.742301
1.180334
1.943340
1.551500
1.555484
1.791874
1.750305
1.861523
1.442802
1.218165
1.822589
1.941807
1.418881
1.086585
1.841281
1.762079
1.923679
1.392929
1.092321
1.556846
1.195998
1.297098
1.356548
1.587839
1.730810
1.861004
1.456582
1.718128
1.159313
1.647958
1.266790
1.945947
1.797526
1.427638
1.298939
1.761006
1.252477
1.205843
1.853217
1.457632
1.786036
1.866119
1.570650
1.472676
1.384846
1.355733
1.720369
1.852719
1.904183
1.562580
1.942211
1.400281
1.569353
1.244453
1.810254
1.603328
1.777868
1.989781
1.854734
1.536585
1.496683
1.480126
1.279561
1.305801
1.648976
1.888908
1.939146
1.161249
1.966258
1.703418
1.441319
1.665885
1.814619
1.824554
1.145242
1.717432
1.456866
1.648749
1.724987
1.327082
1.709267
1.403502
1.309940
1.688542
1.259584
1.465884
1.847728
1.175234
1.973511
1.420882
1.632758
1.861943
1.455650
1.386332
1.649665
1.504934
1.885500
1.068771
1.915246
1.165345
1.874879
1.607551
1.510422
1.665507
1.095293
1.833609
1.897946
1.353752
1.845151
1.990987
1.507180
1.229340
1.744966
1.372264
1.606828
1.226142
1.946530
1.166732
1.554949
1.532759
0.947033
1.828523
1.526793
1.644588
1.944599
1.927462
1.019327
1.690572
1.862152
1.110765
1.935881
1.742394
1.742188
1.349373
1.994631
1.574345
1.119401
1.723178
1.102020
1.567071
1.505887
1.599969
1.091065
1.837581
1.424002
1.472393
1.726956
1.378730
1.244431
1.126833
1.415594
1.886177
1.739383
1.599794
1.320626
1.937971
1.583216
1.760459
1.927148
1.513476
1.380761
1.679946
1.801822
1.512923
1.326250
1.859206
1.226401
1.252422
1.704157
1.842778
1.762956
1.688558
1.317264
1.814171
1.885452
1.856259
1.648306
1.152853
1.731835
1.906692
1.529896
1.553270
1.053770
1.757909
1.683759
1.930922
1.055723
1.696068
1.590785
1.361964
1.458372
1.684131
1.954024
1.324838
1.771198
1.940748
0.978025
1.417688
1.341556
1.376176
1.933622
1.193835
1.581627
1.559610
1.155040
0.998192
1.151282
1.858510
1.789237
1.149470
1.653916
1.282165
1.517700
1.386481
1.574445
1.906797
1.842169
1.581196
1.389765
1.734824
1.835615
1.381329
1.509387
1.241332
1.930463
1.772948
1.971378
1.924022
1.780801
1.339179
1.651471
1.390565
0.969058
1.329312
1.681667
1.493233
1.437952
1.871775
1.174028
1.774838
1.499437
1.420109
1.546694
1.296294
1.821695
1.791477
1.522395
1.673818
1.367973
1.354728
1.131399
1.511771
1.415618
1.712998
1.781358
0.987884
1.835806
1.969256
1.630457
1.883859
1.941205
1.962977
1.921348
1.886140
1.928378
1.456268
1.728016
1.847571
1.372203
1.193430
1.279339
1.284191
1.627432
1.105043
1.543192
1.405148
1.245861
1.590268
1.321601
1.794402
1.416125
1.283323
1.886031
1.660388
1.659790
1.670917
1.472984
1.851394
1.197592
0.949236
1.708144
1.624157
1.632101
1.506771
1.718924
1.955694
1.838773
1.838784
1.835571
1.434509
1.140339
1.907861
1.863676
1.088557
1.461264
1.001330
1.676512
1.845198
1.574636
1.620893
1.441856
1.492646
1.475685
1.679800
1.617150
1.708756
1.849959
1.174040
1.623979
1.688596
1.782022
1.642746
1.736274
1.044605
1.779171
1.326169
1.836334
1.617196
1.196515
1.147320
1.489667
1.930847
1.637037
1.951097
1.767777
1.885212
1.974913
1.232342
1.293231
1.919023
1.471602
1.407138
1.349385
1.783911
1.821994
1.217232
1.375247
1.148231
1.259758
1.941168
1.177429
1.310729
1.296829
1.972798
1.434150
1.215017
1.136624
0.870667
0.915805
1.229838
1.518824
1.664418
1.745096
1.867438
1.124399
1.067462
1.449114
1.719973
1.563956
1.554910
1.965511
1.843800
1.220465
1.713075
1.895703
1.818245
1.609683
1.458985
1.486725
1.131001
1.995767
1.346035
1.498712
1.655672
1.139070
1.224485
1.890202
1.297762
1.305012
1.803606
1.715084
1.228258
1.241596
1.433950
1.958738
1.932664
1.989448
1.368085
1.766210
1.238370
0.879959
1.544098
1.188640
1.152270
1.857169
1.998200
1.497782
1.595534
1.720822
1.017584
1.019101
1.960100
1.908783
1.111492
1.726193
1.379360
0.966360
1.263453
1.292196
1.192146
1.565783
1.848842
