1.621608
1.881306
1.900686
1.904608
1.786527
1.881600
1.944861
1.771736
1.938152
1.952639
1.902248
1.896810
1.830457
1.961122
1.589397
1.677891
1.575961
1.695819
1.892123
1.554153
1.693250
1.837573
1.545696
1.715751
1.941519
1.930619
1.725791
1.912505
1.619735
1.482054
1.764258
1.933616
1.726321
1.823666
1.645395
1.975311
1.918785
1.539046
1.904263
1.855353
1.873871
1.489428
1.945565
1.658038
1.611752
1.722758
1.818534
1.887199
1.986954
1.866280
1.901394
1.574340
1.691387
1.722451
1.518556
1.253180
1.685388
1.624446
1.359938
1.813727
1.848941
1.744278
1.654301
1.603221
1.338748
1.572102
