1.377555
1.797696
1.620992
1.388630
1.765045
1.785717
1.949647
1.947444
1.309816
1.695616
1.925850
1.820468
1.592798
1.417048
1.841822
1.657390
1.516824
1.228254
1.724014
1.748864
1.954232
1.991019
1.494375
1.901808
1.784906
1.846237
1.999997
1.530244
1.841897
1.919248
1.422452
1.597932
1.993395
1.772290
1.965182
1.714029
1.909602
1.535714
1.870731
1.312905
1.781672
1.571612
1.948381
1.928907
1.589696
1.137810
1.849876
1.753661
1.903185
1.848915
1.125211
1.447867
1.873084
1.666279
1.825677
0.976803
1.743560
1.109911
1.475258
1.840421
1.430335
1.084511
1.957964
1.053530
1.674025
1.268284
1.510689
1.547456
1.532842
1.564734
1.765181
1.799649
1.004535
1.350647
1.502573
1.765343
1.564628
1.633631
1.296434
1.838828
1.909121
1.032449
1.799282
1.807879
1.822123
1.195115
1.790505
1.591391
1.917600
1.990440
1.748883
1.685787
1.891613
1.853171
1.196262
1.874339
1.006402
1.985325
1.217987
1.306477
1.931565
1.730140
1.547281
1.069476
1.870023
1.864424
1.413817
1.667388
1.226474
1.411170
1.864074
1.742663
1.211361
1.735396
1.607001
1.841465
1.637904
1.078522
1.553434
0.929011
1.189586
1.748777
1.630468
0.981199
1.461349
1.562385
1.760912
1.202957
1.373745
1.859327
1.672224
1.860568
1.315723
1.823239
1.848369
1.892832
1.976458
1.650461
1.731256
1.200310
1.436710
1.286425
1.666469
1.633135
1.806595
1.118970
1.119871
1.907686
1.862308
0.891933
1.681082
1.021882
1.531423
1.354403
1.576901
1.691954
1.610133
1.993128
1.802303
1.759997
1.012863
1.027165
1.469747
1.750090
1.579112
1.759624
1.048697
1.593972
1.249697
1.718348
1.676890
1.440432
1.272350
1.463137
1.710303
1.853972
1.584592
1.796889
1.920667
1.407472
0.865399
1.858127
1.485728
1.343565
1.671278
1.468314
1.099786
1.467220
1.553222
1.441063
1.264290
1.137821
1.573100
1.707452
1.063073
1.303849
1.138607
1.616885
1.931091
1.033705
1.373784
1.672697
1.480559
1.446109
1.454493
1.845637
1.524800
1.324624
1.309857
1.939117
1.392434
1.696568
1.793292
1.826039
1.627257
1.790408
1.332137
1.420115
1.259905
1.751984
1.285387
1.612097
1.565424
1.752043
1.300413
1.144345
1.308435
1.603467
1.618749
1.690886
1.321512
1.383561
1.598459
1.332595
1.580997
1.883364
1.823992
1.078593
1.975500
0.935537
1.792994
1.674422
0.776700
1.086510
0.984681
1.291469
1.883941
0.991455
1.939743
1.866637
1.299021
1.226321
1.192336
1.490884
1.655464
1.297984
1.380391
1.450676
1.810559
1.422842
1.814035
1.285238
1.370501
1.652976
1.197807
0.921422
1.715702
1.719512
1.353747
1.732038
1.919789
1.777198
1.627080
1.585542
1.364332
1.855488
0.996689
0.955372
1.979006
1.481489
1.956842
1.200577
1.446528
1.769456
1.767186
1.527500
1.450463
1.972074
