1.474022
1.406250
1.953121
1.950679
1.604551
1.524648
1.706170
1.480373
1.339868
1.571176
1.455848
1.790936
1.650986
1.955077
1.874839
1.667558
1.834327
1.947992
1.598054
1.217986
1.229443
1.632301
1.990412
1.834369
1.847956
1.616024
1.600428
1.973713
1.501335
1.998505
1.782337
1.718019
1.708530
1.571665
1.875626
1.978209
1.938549
1.725509
1.548408
1.746820
1.237177
1.966905
1.989248
1.958514
1.583355
1.336841
1.622513
1.849894
1.163065
1.821968
1.443990
1.996293
1.244717
1.174968
1.239240
1.363606
1.694060
1.499561
1.823592
1.369971
1.711370
1.669533
1.856170
1.598993
1.615875
1.861506
1.458016
1.432304
1.103542
1.961740
1.731302
1.512203
1.941445
1.934101
1.962449
1.837299
1.329959
1.716469
1.783575
1.278211
1.949697
1.961351
1.867839
1.769860
1.851409
1.642656
1.721288
1.685026
1.881867
1.851630
1.546120
1.976384
1.545761
1.447480
1.702625
1.784805
1.997589
1.637983
1.400833
1.572090
1.399678
1.947519
1.058031
1.672035
0.974162
1.129309
1.943627
1.320412
1.454846
1.620463
1.445614
1.182266
1.141744
1.279387
1.927020
1.570430
1.850923
1.220657
1.341695
1.489347
1.686605
1.953093
1.895663
1.681688
1.854284
1.545791
1.787272
1.616333
1.665393
1.993606
1.500374
1.590501
1.353073
1.873821
1.945422
1.229225
1.578723
1.258016
1.164667
1.497444
1.812257
1.889521
1.228240
1.937259
1.880164
1.744546
1.365180
1.400583
1.197425
1.980100
1.773957
1.900147
1.858044
1.850972
1.845726
1.973903
1.872433
1.739250
1.738959
1.078166
1.402181
1.249966
1.944029
1.660018
1.814040
1.988535
1.935595
1.174272
1.822721
1.634679
1.809431
1.358054
1.717119
1.952675
1.671925
1.333910
1.742907
1.428126
1.798796
1.504016
1.931524
1.287230
1.515500
1.808350
1.569488
1.250600
1.617803
1.045321
1.183873
1.077331
1.272828
1.837605
1.594729
1.528084
1.647208
1.608649
1.736267
1.771285
1.660498
1.990141
1.869490
1.490287
1.477789
1.864277
1.511205
1.328049
1.644681
1.817232
1.136839
1.774953
1.854161
1.589246
1.450622
1.974279
1.909761
1.698465
1.325194
1.641302
1.684873
1.332330
1.999031
1.654801
1.246716
1.908993
1.878463
1.940449
1.717696
1.991757
1.541876
1.167677
0.948098
1.429850
1.867155
1.687131
1.207808
1.771464
1.309621
1.492119
1.243347
1.248206
1.740952
1.514822
1.250205
1.762107
1.338695
1.967370
1.581088
1.691547
1.362517
1.962586
1.543963
1.147927
1.636929
1.931565
1.334728
1.042075
1.661380
1.523335
1.090986
1.762070
1.458709
1.910587
1.114648
1.936714
1.530583
1.420719
1.627798
1.998143
1.643416
1.261425
1.896040
1.947318
1.853402
1.346585
1.768165
1.886009
1.551065
1.922013
1.359677
1.489699
1.730830
1.902186
1.250396
1.477002
1.335135
1.963964
1.975104
1.702626
1.254048
1.833273
1.901242
1.924747
1.766530
1.605087
1.935637
1.704699
1.515696
1.290235
1.846072
0.910427
1.591367
1.252996
1.640588
1.848698
1.599709
1.323676
1.383994
1.233321
1.421594
1.576811
1.997993
1.155978
1.303269
1.896913
1.381774
1.431980
1.960231
1.890110
1.461895
1.566352
1.577417
1.753743
1.924549
1.394014
1.164043
1.663140
1.948509
1.327938
1.628862
1.937052
1.897143
1.782245
1.673591
1.245978
1.916679
1.933949
1.680329
1.855339
1.693411
1.188195
1.466076
1.503920
1.653697
1.131075
1.960913
1.792870
1.808381
1.863868
1.362418
1.536412
1.164797
1.122520
1.308129
1.868490
1.094191
1.129821
1.723610
1.806965
1.720772
1.897775
1.081432
0.871452
1.079152
1.652420
1.162068
1.686113
1.892997
1.680723
1.621574
1.207727
1.687698
1.809083
1.719207
1.785613
1.508929
1.824471
1.401703
1.185490
1.835493
1.909196
1.213997
0.990393
1.748741
1.396514
1.548650
1.806306
1.722964
1.779875
1.206421
0.975283
1.834433
1.696951
1.214674
1.171819
1.570930
1.161362
1.008542
1.912866
1.605150
1.477093
1.675852
1.587500
1.330236
1.139152
1.880364
1.816224
1.545933
1.021346
1.846706
1.873315
1.304678
1.796094
1.710192
1.154824
1.338656
1.591375
1.944509
1.661677
1.870673
1.232418
1.381326
1.737951
1.871884
1.652870
1.178716
1.304219
1.048160
1.453731
1.694934
1.599796
1.102175
1.867412
1.782344
1.858161
1.852202
1.817178
1.732985
1.668154
1.506576
1.354868
1.785438
1.361193
1.989338
1.746120
1.965399
1.124826
1.567877
1.735242
1.538964
1.342793
1.961662
1.642955
1.334675
1.799309
1.954402
1.757760
1.999016
1.483820
1.895667
1.705921
1.220917
1.204329
0.964659
1.306108
1.131421
1.274566
1.818718
1.944121
1.890345
1.143029
1.698070
1.364235
1.142995
1.868694
1.392957
1.758826
1.526921
0.987695
1.705437
1.723208
1.665266
1.236979
1.729964
1.675383
1.536186
1.774511
1.845538
1.359963
1.309707
1.615460
1.302925
1.504971
1.650794
1.337874
1.555933
1.620773
1.538482
1.122645
1.782617
1.147125
0.896294
1.175733
1.215634
1.465475
1.545884
1.994137
1.679374
1.218072
0.974941
1.680403
1.469807
1.294200
1.841892
1.413992
1.490408
1.306137
1.060314
1.153564
1.140060
1.625902
1.961958
1.832820
1.740637
1.414513
1.738759
1.137212
1.652321
1.347695
1.520214
1.782365
1.803592
1.815380
1.311778
1.850734
0.904343
1.712811
1.438976
1.909008
1.709409
1.247568
1.934897
1.894884
1.511624
1.039519
1.867378
1.151834
1.573160
1.538596
1.301830
1.144716
1.172600
1.258335
1.014897
1.577303
1.927150
1.790497
1.536553
1.468285
1.438292
1.571785
1.980814
1.915162
1.012862
1.449147
1.528793
1.849725
1.200703
1.522451
1.529788
1.121991
1.378372
1.676496
1.870098
1.399792
1.216307
1.163020
1.717413
1.587427
1.891062
1.030735
1.661604
1.128858
1.478692
1.741895
1.037110
1.500011
1.204036
1.701099
1.172460
1.275842
1.646561
1.384102
1.311461
1.219091
1.962000
1.611168
1.415999
1.859514
1.055248
1.013744
1.416549
1.372540
1.554626
1.965930
1.430486
1.985535
