1.970690
1.989996
1.936977
1.725968
1.867091
1.858423
1.895589
1.836742
1.934609
1.990522
1.858122
1.818002
1.875186
1.833396
1.907221
1.926193
1.761426
1.942121
1.756681
1.859554
1.931368
1.831162
1.718245
1.982551
1.831770
1.756960
1.767443
1.755425
1.974318
1.935626
1.879484
1.750253
1.763849
1.702052
1.842836
1.558887
1.933603
1.737264
1.556914
1.856190
1.908524
1.910257
1.679688
1.936726
1.880573
1.706449
1.586288
1.699752
1.984290
1.939091
1.864258
1.881561
1.877247
1.610658
1.996698
1.801143
1.831169
1.618914
1.754786
1.516045
1.745824
1.815096
1.970440
1.934925
1.476371
1.957876
1.876021
1.668652
1.637971
1.855630
1.859664
1.704978
1.504113
1.605463
1.691539
1.855870
1.697481
1.598038
1.515240
1.884152
1.798388
1.921035
1.959882
1.750881
1.931433
1.603346
1.827184
1.894809
1.840134
1.756572
1.973346
1.542629
1.774390
1.447089
1.749282
1.588874
1.702037
1.893525
1.612224
1.808821
1.285288
1.471474
1.762413
1.800483
1.601973
1.500952
1.884280
1.717358
1.864468
1.881785
1.902378
1.912193
1.953009
1.578985
1.393327
1.648511
1.960955
1.495256
1.529064
1.622777
1.689281
1.560320
1.947656
1.786473
1.644480
1.576643
1.645925
1.549171
1.830590
1.942068
1.570183
1.666560
1.474573
1.597384
1.886499
1.614872
1.855491
1.309206
1.914945
1.723051
1.538324
1.871996
1.441054
1.571053
1.910313
1.919467
1.662594
1.710116
1.364759
1.369821
1.632398
1.786226
1.376375
1.719507
1.891860
1.330002
1.299429
1.792369
1.172113
1.807958
1.952083
1.490802
1.862687
1.766679
1.655889
1.370851
1.733632
1.441629
1.562081
1.788347
