1.491502
1.389505
1.690681
1.806131
1.702570
1.794806
1.553826
1.668571
1.603819
1.567757
1.990678
1.483475
1.319615
1.722061
1.862133
1.841060
1.770244
1.949574
1.963482
1.595401
1.945004
1.904107
1.614999
1.740924
1.805124
1.684417
1.712868
1.521171
1.317262
1.885454
1.846749
1.693097
1.682853
1.389228
1.776532
1.279188
1.568417
1.644390
1.802476
1.986349
1.644996
1.910541
1.906144
1.734030
1.926426
1.601182
1.898642
1.275359
1.597993
1.885635
1.201588
1.565262
1.692689
1.669117
1.857348
1.882365
1.780412
1.921095
1.984030
1.739796
1.353427
1.192712
1.980100
1.888694
1.607764
1.699542
1.933404
1.209658
1.756909
1.753321
1.883085
1.469227
1.453194
1.614505
1.959113
1.918078
1.365142
1.804424
1.690563
1.968780
1.814396
1.214600
1.224122
1.939502
1.881742
1.887550
1.092357
1.646580
1.779211
1.931243
1.864785
1.484504
1.930204
1.641970
0.982094
1.957267
1.667243
1.257780
1.283271
1.841368
1.825748
1.604580
1.606772
1.764190
1.726380
1.575228
1.895596
1.736926
1.525560
1.214458
1.833210
1.620728
1.496589
1.966243
1.950179
1.778846
1.542790
1.648553
1.553126
1.446440
1.132116
1.340648
1.527063
1.668241
1.437799
1.319021
1.750495
1.392074
1.836027
1.516447
1.637204
1.563924
1.346254
1.904393
1.921695
1.343374
1.798507
1.165349
1.744024
1.795681
1.293479
1.172016
1.562375
1.395316
1.431551
1.176029
1.811112
1.533679
1.722955
1.102619
1.947836
1.671433
1.355002
1.360726
1.958720
1.849662
1.772345
1.825043
1.956399
1.656606
1.673232
1.978391
1.364689
1.992272
1.720183
1.651922
1.835152
1.521083
1.767637
1.258493
1.858559
1.903568
1.503423
1.841773
1.845836
1.436761
1.676830
1.556493
1.714521
1.499038
0.917626
1.778829
1.930698
1.760233
1.731684
1.689591
1.645717
1.487189
1.868259
1.135836
1.936941
1.493617
1.284362
1.681856
1.934619
1.454393
1.534915
1.414630
1.528915
1.651956
1.849614
1.594765
1.660942
1.705556
1.679493
1.099679
1.217111
1.818053
0.967702
1.926534
1.891521
1.749015
1.834317
1.214202
1.267598
1.898755
1.877512
1.982830
1.714559
1.600255
1.727511
1.066276
1.526215
1.379503
1.781703
1.572433
1.606498
1.844987
1.636895
1.561800
1.609962
1.209806
1.592562
1.924630
1.481259
1.812544
1.612194
1.449016
1.339665
1.345510
1.444493
1.280308
1.790092
1.502973
1.735629
1.631741
1.854427
1.413421
1.581417
1.464597
1.864374
1.197491
1.514438
1.890229
1.661137
1.901377
1.566897
1.572473
1.824878
1.390001
1.447433
1.587200
1.687343
1.245028
1.420845
0.975058
1.840162
1.120070
1.711057
1.410996
1.690880
1.824641
1.415308
1.714392
1.621744
0.915384
1.865060
1.988719
1.699969
1.715756
1.760935
1.844116
1.629182
1.509051
1.352236
1.568982
1.455668
1.958777
1.563788
1.187912
1.585780
1.259794
1.993924
1.885767
1.772845
1.844694
1.873777
1.152973
1.636482
1.230845
1.607617
1.640843
1.761608
1.496043
1.332916
1.772570
1.903919
1.391356
1.413627
1.114944
1.975511
1.735125
1.883323
1.203279
1.336264
0.984139
1.376505
1.972867
1.983526
1.950177
1.323309
1.303321
1.726769
1.597392
1.201007
1.798642
1.689418
1.925157
1.925861
1.518437
1.561051
1.124208
1.994307
1.193579
1.892047
1.205967
1.109913
1.620025
1.101641
1.969368
1.466272
1.242749
1.466852
1.617350
1.938052
1.542544
1.423439
1.318643
1.745796
1.901889
0.965005
1.228072
1.738029
1.301653
1.652321
1.886262
1.891189
1.968928
1.854948
1.009443
1.427374
1.709674
1.792342
1.694992
1.710379
1.258701
1.940941
1.306163
0.908908
1.012186
1.891431
1.214566
1.284541
1.281857
1.826097
1.733881
1.646722
1.545618
1.647846
1.936738
1.678737
1.467778
1.715349
1.141740
1.023772
1.743735
1.900958
1.915087
1.193523
1.780459
1.654345
1.845157
0.999129
1.808648
1.838740
0.978221
1.356788
1.898414
1.618109
1.640280
1.704911
1.479444
1.930891
1.993858
1.468610
1.503945
1.867238
1.924310
1.730421
1.255705
1.726928
1.217300
1.534826
1.732557
1.783154
1.470518
1.130816
1.543804
1.944314
1.143239
1.085327
1.969808
1.526251
1.232060
1.217257
1.478010
1.071146
1.494086
1.228025
1.969857
1.821087
1.419445
1.490840
1.349885
1.529237
1.596570
1.366236
1.779398
1.545611
1.695099
1.361511
1.381489
1.643980
1.728662
1.486771
1.655116
1.935642
1.099663
1.232971
1.093505
1.363658
1.644940
1.535872
1.100458
1.324750
1.417194
1.363134
1.671027
1.353427
1.915452
1.852343
1.592726
1.809810
1.237054
1.472495
1.528773
1.818662
1.819082
1.531883
1.739876
1.049859
1.556233
1.767650
1.863359
1.832133
1.310780
1.069747
1.251757
1.564752
1.586644
0.908373
1.841228
1.606665
1.588677
1.620922
1.458069
1.716087
1.829601
1.649672
1.544706
1.813379
1.738117
1.033710
1.952216
1.730390
1.961540
1.099397
1.856373
1.900343
1.173500
1.586046
1.723450
1.901152
1.505733
1.618572
1.409920
1.889811
1.787525
1.627893
1.209648
1.510995
1.632632
1.117088
0.998571
1.424172
1.577040
1.774748
1.188460
1.262626
1.935823
1.084995
0.926850
1.988685
1.911158
1.730397
0.980806
1.948191
1.765356
1.993168
0.886499
1.914385
1.704199
1.511752
1.203291
1.912149
1.517251
1.844116
1.975061
1.921085
1.707320
1.792778
1.833548
1.890229
1.031552
1.761039
1.401777
1.836055
1.678306
0.797664
1.862601
1.746623
1.186178
1.605606
1.391618
1.425464
1.650095
1.191196
1.892172
1.512149
1.265012
1.335859
1.667956
1.586647
1.762905
1.708098
1.871535
1.364304
1.420046
1.983740
0.902279
1.198968
1.959165
1.627802
1.887645
1.299720
1.528982
1.248495
1.649323
1.565830
1.802519
1.161468
1.813180
1.589168
1.045924
1.714504
1.382550
1.768191
1.459759
1.075660
1.037660
1.865576
1.956639
1.383577
1.266924
1.037631
1.784503
1.536420
1.907365
1.733396
1.249371
1.225625
1.653187
1.319463
1.303190
1.484386
1.023197
1.064028
1.642576
1.866975
1.578801
1.802646
1.878895
1.533765
1.865035
1.518422
1.067771
1.222192
1.651378
1.061318
1.023245
1.310898
1.668981
1.604516
1.464277
1.443699
1.699849
1.350349
1.847743
1.608427
0.944544
1.225357
1.451929
1.969684
1.588435
1.615910
1.826463
1.217315
1.371120
1.575879
1.334527
1.181151
1.103147
1.722219
1.851215
1.802464
1.499609
1.707200
1.144476
1.425530
1.476558
1.854936
1.130392
1.350575
1.557728
1.208950
1.636564
1.922331
1.540627
1.716039
1.768550
1.885107
1.728495
1.546564
1.453351
1.806538
0.926888
1.404804
1.718616
1.395965
1.376688
1.350291
1.053393
1.765340
1.460365
1.925310
1.276162
1.207416
1.081595
1.581191
1.560240
1.582687
1.341466
1.934589
1.188329
1.562114
1.988224
1.576564
1.652340
1.976558
1.692637
1.259626
1.787419
1.759496
1.826956
1.338349
1.172681
0.837063
1.399687
1.686946
1.593653
1.675529
1.193755
1.531267
1.998990
1.428087
1.449897
0.856553
1.520215
1.057879
1.359388
1.755893
0.957167
1.344687
1.808893
1.618152
1.735847
1.400769
1.643889
1.793175
1.653527
1.776731
1.948008
1.874589
1.894539
1.969763
1.594570
1.568876
1.357225
1.317991
1.423566
1.157586
1.885119
1.501923
1.416508
1.907803
1.081957
1.493758
0.965715
1.753640
1.895484
1.296322
1.282101
1.416125
1.972561
1.989518
1.374779
1.924172
1.582728
1.150651
1.396281
1.580677
1.476411
1.139015
1.089068
1.869507
1.467929
1.306978
1.065514
1.385365
1.075222
1.467856
1.061047
1.663189
1.999366
1.666443
1.771948
1.832390
1.078709
1.683996
0.833769
1.740575
1.309051
1.788610
1.232579
1.254704
1.232829
1.466981
1.523220
1.032290
1.858066
1.537443
1.524721
1.657713
1.966340
1.454883
1.001333
1.407716
1.092767
0.882011
1.633787
1.956061
1.505623
1.143499
1.023400
1.059984
1.883360
1.810965
1.826564
1.723087
0.917012
1.621429
0.852183
1.856817
