1.925876
1.967956
1.935149
1.988560
1.823550
1.901818
1.945504
1.889600
1.942244
1.871878
1.688446
1.864317
1.938169
1.894404
1.966143
1.849514
1.899385
1.839609
1.860081
1.881730
1.905231
1.784141
1.607815
1.773254
1.685280
1.926854
1.635981
1.959577
1.819467
1.920213
1.726271
1.772685
1.932055
1.872705
1.981902
1.927033
1.675685
1.969985
1.782115
1.681707
1.595267
1.537760
1.947845
1.918748
1.993489
1.976626
1.985781
1.952163
1.647424
1.675738
1.912025
1.718669
1.786554
1.729854
1.772865
1.795702
1.859979
1.940296
1.658231
1.971741
1.993548
1.954700
1.884965
1.795108
1.806191
1.709003
1.604560
1.723100
1.849089
1.877016
1.800046
1.976411
1.638341
1.896471
1.769509
1.911812
1.800619
1.904290
1.896859
1.826411
1.981687
1.881611
1.522784
1.685684
1.464060
1.606873
1.667936
1.949141
1.969283
1.646430
1.675367
1.636069
1.918132
1.783436
1.840217
1.967394
1.753957
1.961861
1.952605
1.568641
1.709566
1.904432
1.756070
1.648241
1.378842
1.865938
1.538769
1.781944
1.750274
1.640134
1.659203
1.549999
1.540914
1.939514
1.829555
1.498556
1.608568
1.685843
1.888217
1.703092
1.693626
1.475328
1.691949
1.577166
1.464993
1.886756
1.838289
1.731176
1.788828
1.949442
1.879219
1.397229
1.574164
1.543857
1.756060
1.709024
1.670274
1.732415
1.693553
1.510176
1.663364
1.612406
1.989480
1.499696
1.888346
1.688229
1.997301
1.392704
1.547115
1.991022
1.726640
1.814944
1.319690
1.844663
1.789313
1.729220
1.998995
1.607306
1.141965
1.794375
