1.551621
1.821045
1.317713
1.648996
1.899269
1.599959
1.708313
1.640393
1.815991
1.844548
1.402467
1.996476
1.694137
1.732111
0.921087
1.460192
1.463238
1.784750
1.757947
1.451953
1.622295
1.805138
1.944863
1.366184
1.791405
1.517165
1.623669
1.129209
1.733175
1.768928
1.910243
1.921629
1.572311
1.847477
1.978668
1.759738
1.827243
1.314084
1.515082
1.256763
1.774560
1.728742
1.456284
1.686062
1.764444
1.487688
1.940012
1.728547
1.848573
1.190497
1.578091
1.808808
1.653834
1.651292
1.556210
1.455087
1.597498
1.900578
1.637983
1.848582
1.552999
1.973100
1.188136
1.947856
1.340822
1.520534
1.867541
1.896276
1.780694
1.779725
1.711943
1.982142
1.457734
1.776243
1.895821
1.849319
1.901311
1.949126
1.497273
1.859033
1.844939
1.579444
1.126529
1.379456
1.716157
1.811695
1.854445
1.784296
1.934349
1.539917
1.383359
1.917386
1.421008
1.998155
1.852245
1.788943
1.855896
1.988065
1.156793
1.912687
1.294888
1.971990
1.924051
1.815388
1.780093
1.371285
1.852602
1.927157
1.725073
1.234681
1.751969
1.321258
1.960910
1.966998
1.363966
1.328096
1.182792
1.896057
1.618116
1.252254
1.828288
1.896878
1.862611
1.002559
1.912913
1.753827
1.251255
1.610512
1.391780
1.572859
1.932525
1.609225
1.923160
1.604244
1.516746
1.815000
1.155946
1.052898
1.812259
1.518046
1.762756
1.461454
1.107512
1.765923
1.435914
1.921017
1.906127
1.726721
1.857866
1.205321
1.440383
1.184406
1.922091
1.629058
1.497402
1.664285
1.220636
1.205625
1.368803
1.840339
1.804353
1.400183
1.064353
1.832752
1.806257
1.813309
0.981561
1.872684
1.719864
1.584578
1.502646
1.367419
1.686970
1.660253
1.510510
1.657488
1.915698
1.354347
1.577619
1.926922
1.595208
1.205024
1.602705
1.374930
1.327908
1.226629
1.618548
1.399900
1.136234
1.451660
1.999247
1.501947
1.977399
1.591904
1.734623
1.485798
1.963274
1.524502
1.627348
1.968333
1.403369
1.189301
1.525723
1.854288
1.890881
1.528564
1.103178
1.934341
1.031183
1.175734
1.937599
1.524866
1.878186
1.727170
1.987647
1.685209
1.858408
1.218141
1.922298
1.138457
1.335076
0.920026
1.844433
1.319488
1.911378
1.333356
1.686306
1.173878
1.679827
1.354044
1.512261
1.907350
1.984432
1.550286
1.268665
1.451474
1.606923
1.207091
1.431380
1.259579
1.139215
1.157031
1.571451
1.361662
1.939749
1.634435
1.826695
1.994679
1.614969
1.429199
1.439207
1.985589
1.316383
1.866071
1.589708
1.677833
1.262620
1.854415
1.838413
1.952977
1.650164
1.323152
1.857155
1.073287
1.395309
1.093186
1.672569
0.986039
1.871325
1.074890
1.602459
1.968622
1.846475
1.848312
1.864228
1.807427
1.648220
1.848925
1.056845
1.679460
1.461019
1.895393
1.490068
1.958258
1.796719
1.352706
1.979696
0.912953
1.970301
1.017581
1.939545
1.884185
1.550742
1.944868
1.872130
1.558341
1.177790
1.434637
1.419271
1.115020
1.736612
1.363793
1.705782
1.644943
1.286994
1.738175
1.495908
1.658107
1.163198
1.870332
1.877064
1.714251
1.696816
1.248436
1.871031
1.668406
1.687776
1.041075
1.607820
1.459826
1.406843
1.238811
1.803390
1.227173
1.564290
1.541317
1.601754
1.252103
1.675841
1.581608
1.952530
1.535614
1.438033
1.112212
1.280454
1.707167
1.081633
1.648565
1.441436
1.928590
1.780134
1.921724
1.542825
1.982293
1.359425
1.300622
1.901781
1.942038
1.131767
1.795594
1.951224
1.836777
1.309858
1.815709
1.503009
1.621929
1.220027
0.908373
0.946706
1.404226
0.926227
1.521779
1.621954
1.566105
1.960668
1.996484
1.039121
1.225813
1.905838
1.735312
1.516151
1.019411
1.105670
1.811231
1.980235
0.913640
1.301117
1.895172
1.736172
1.281001
1.918547
1.120070
1.730636
0.755072
1.837159
1.719970
1.502415
1.253291
1.915352
1.845244
1.725346
1.700287
1.855387
