1.689190
1.879865
1.591101
1.977421
1.983389
1.595806
1.806852
1.610694
1.996839
1.334245
1.940426
1.737686
1.721562
1.695685
1.699623
1.255159
1.680176
1.885429
1.879441
1.720545
1.930647
1.655404
1.479269
1.587697
1.987019
1.764616
1.333413
1.937424
1.948718
1.823866
1.794623
1.774068
1.758546
1.292033
1.499413
1.823295
1.643252
1.843107
1.711946
1.942719
1.678346
1.631560
1.987722
1.973532
1.753309
1.238663
1.305846
1.842717
1.748507
1.950939
1.738319
1.453239
1.363955
1.418384
1.562319
1.902465
1.986211
1.689982
1.208980
1.827084
1.877886
1.733035
1.737904
1.982670
1.995026
1.389877
1.583138
1.928831
1.489481
1.525634
1.328169
1.998017
1.822379
1.647648
1.259861
1.388961
1.905296
1.118608
1.695813
1.950713
1.803618
1.960026
1.629229
1.712849
1.905983
1.854098
1.270711
1.587873
1.603074
1.174524
1.381140
1.944783
1.674586
1.987655
1.222141
1.702612
1.925505
1.465253
1.424502
1.672991
1.886750
1.812174
1.502175
1.704802
1.776190
1.423521
1.806040
1.688276
1.666066
1.961604
1.706740
1.448861
1.321445
1.644111
1.602243
1.740701
1.747980
1.657849
1.535833
1.578414
1.882243
1.780145
1.810547
1.809913
1.730289
1.718032
1.368708
1.697167
1.692678
1.688429
1.168719
1.556379
1.987889
1.629334
1.672932
1.783763
1.636830
1.209314
1.510368
1.424742
1.719112
1.956424
1.988194
1.532506
1.380188
1.281915
1.924919
1.183038
1.524707
1.808587
1.609035
1.783303
1.464413
1.957282
1.380928
1.702022
1.701467
1.980516
1.906112
1.525881
1.440671
1.954239
1.983326
1.309210
1.726251
1.106017
1.483236
1.202068
1.962354
1.899522
1.832536
1.997633
1.746828
1.960514
1.797308
1.439113
1.997544
1.912576
1.859861
1.769164
1.675501
1.439436
1.696387
1.345566
1.718100
1.471097
1.447070
1.600664
1.749371
1.443789
1.656321
1.762001
1.542654
1.334921
1.718953
1.777850
1.010368
1.858777
1.743132
1.980601
1.578776
1.735753
1.937883
1.301953
1.405347
1.534057
1.619577
1.833708
1.898991
1.535052
1.803447
1.844713
1.413500
1.922443
1.864874
1.391865
1.574005
1.229860
1.417687
1.374442
1.869077
1.622081
1.831694
1.690440
1.954241
1.936896
1.559023
1.961730
1.935959
1.741387
1.633932
1.869445
1.610810
1.908864
1.250816
1.793040
1.210869
1.910069
1.363261
1.780586
1.067723
1.673444
1.608976
1.960344
1.507685
1.338201
1.853888
1.724161
1.374740
1.233189
1.641003
1.532134
1.983957
1.811965
1.554689
1.940795
1.745742
1.909207
1.814378
1.693385
1.496477
1.738041
1.628800
1.615323
1.294307
1.756344
1.742309
1.583193
1.721950
1.445985
0.830394
1.351720
1.848008
1.754131
1.291517
1.296027
1.765938
1.051920
1.897226
1.501372
1.664405
1.732663
1.989601
1.943251
1.504837
1.611051
1.546975
1.985337
1.343246
1.094691
1.234690
1.282147
1.440046
1.668370
1.354770
1.988348
1.708129
1.604470
1.956487
1.475293
1.761269
1.795152
1.923095
1.631314
1.920649
1.211089
1.748586
1.572955
1.599394
1.946626
1.700921
1.659891
1.641900
1.956379
1.209043
1.750209
1.100099
1.849549
1.074667
1.864027
1.591972
1.316356
1.707521
1.931544
1.337838
1.263306
1.972271
1.246615
1.546969
1.947619
1.544697
1.970637
1.747555
1.405106
1.974690
1.616939
1.412026
1.232978
1.619038
1.235520
1.824084
1.885061
1.851586
1.420680
1.660982
1.776680
1.505066
1.778360
1.498317
1.571425
1.735010
1.646646
1.925026
1.898656
1.894988
1.986636
1.849711
1.136387
1.917470
1.712250
1.656458
1.872289
1.436784
1.766304
1.526847
1.590461
1.782567
1.353796
1.974283
1.679773
1.864836
1.974911
1.236939
1.270472
1.717993
1.989035
1.804112
1.532406
1.819417
0.953166
1.975984
1.438585
1.395759
1.269288
1.784556
1.625644
1.668964
1.691405
1.987811
0.934699
1.790040
1.423033
1.982485
1.540592
1.792794
1.065609
1.801028
1.813937
1.627119
1.789050
1.274985
1.564951
1.888655
1.686286
1.523827
1.010935
1.244316
1.753156
1.524550
1.759774
1.742094
1.961961
1.828083
1.958561
1.081261
1.823433
1.985872
1.413489
1.464025
1.932632
1.467641
1.879623
1.851877
1.777788
1.953353
1.286303
1.471262
1.726285
1.950836
1.160390
1.931475
1.365148
1.991914
1.829445
1.757864
1.339271
1.946785
1.365948
1.724863
1.983719
1.761710
1.905796
1.767150
1.107930
1.748161
1.637127
1.387647
1.909285
1.652095
1.707924
1.944006
1.684580
1.148581
1.266680
1.179373
1.718995
1.103349
1.682149
1.506596
1.929361
1.913935
1.967683
1.601038
1.454017
1.750852
1.564473
1.860176
1.919896
1.759275
1.480571
1.681698
1.900176
1.831219
1.209348
1.473442
1.640736
1.988791
1.756897
1.150574
1.242315
1.002354
1.366235
1.038113
1.667323
1.948744
1.621289
1.757780
1.529591
1.559430
1.203837
1.456487
1.298928
1.512593
1.296251
1.663157
1.047680
1.540968
1.821133
1.943763
1.568902
1.340469
1.896096
1.221225
1.902517
1.758028
0.979916
1.541184
1.837839
1.453546
1.616667
1.193521
1.489852
1.475105
1.903059
1.707808
1.770661
1.715155
1.688181
1.447605
1.931755
1.539677
1.651787
1.260361
1.790133
1.919713
1.784620
1.581989
1.616847
1.392444
1.100969
1.837831
1.764657
1.423426
1.765392
1.829379
1.285190
1.901829
1.762879
0.933639
1.557255
1.538688
1.865549
1.003173
0.984702
1.703951
1.063159
1.993155
1.702067
1.528977
1.106693
1.614795
1.460465
1.220665
1.761531
1.737671
1.369104
1.845706
1.786497
1.975456
1.215478
1.255733
1.141397
1.809930
1.333507
1.847488
1.421991
1.834383
1.161998
1.910042
1.864616
1.985141
1.377570
1.691758
1.699860
1.349510
1.454695
1.760785
1.531451
1.713863
1.537642
1.213949
1.457093
1.030403
1.462885
1.248987
1.307720
1.255185
0.963674
1.123339
1.281518
1.813142
1.253806
1.995739
1.940173
1.920033
1.866670
1.379905
1.949038
1.507422
0.859293
1.915523
1.777030
1.310069
1.755917
1.143169
1.381777
1.307746
1.627923
1.997727
1.720635
1.776894
1.266408
1.818333
1.973466
1.678080
1.297347
1.377752
1.982540
1.557970
1.475998
1.400646
1.297682
1.051675
1.585112
1.627629
1.277315
1.985728
1.154108
1.654837
1.102077
1.191578
1.781855
1.895097
1.869248
1.467954
1.878578
1.593195
1.520746
1.530221
1.169474
1.255794
1.330933
1.239557
1.976743
1.537321
1.928711
1.485314
1.671100
1.086017
1.321626
1.278204
1.774931
1.685859
1.030636
1.881379
1.469798
1.149916
1.551326
1.720315
1.964470
1.623414
1.831975
1.188664
1.422604
1.902439
1.669936
0.996296
1.160023
1.721171
1.676832
1.595300
1.348917
1.409984
0.916127
1.873556
1.782404
1.798354
1.222329
0.921286
1.577720
0.898195
1.303898
1.892387
0.968088
1.720788
1.380115
1.319162
1.393004
1.249327
1.934561
1.585591
1.028729
1.900437
0.855396
1.398223
1.163006
1.316906
1.587273
1.069062
1.741955
1.388328
1.364481
1.831057
1.679691
1.747682
1.920454
1.868120
1.604670
1.773846
1.121684
1.683217
1.861093
1.642617
1.534341
1.662922
1.709418
1.647845
1.996129
1.906551
1.250740
1.896748
1.760785
1.960607
1.626884
1.702627
1.181360
1.221937
1.526109
1.394944
1.780776
1.131049
1.740308
1.078374
1.888482
1.328748
1.439023
1.618955
1.612001
1.430375
1.683717
1.431304
1.862400
1.888859
1.752108
1.681466
1.588828
1.308320
1.875530
1.759745
1.853889
0.838433
1.854761
1.093629
1.702407
1.876821
1.601422
1.236646
1.827141
1.381299
1.653485
1.867595
1.836118
1.172511
1.801883
1.755536
1.053093
1.674870
1.019629
1.713622
1.938363
0.909619
1.926621
1.374832
0.824852
1.069313
1.572630
1.836861
1.379265
1.153637
1.249555
1.455818
1.363641
1.268394
1.337083
1.881086
1.250267
1.283555
0.734734
1.073361
0.952435
1.819935
1.401589
1.318201
1.932446
1.183489
0.881841
1.318356
1.093922
0.963679
1.663996
1.148083
1.517377
1.823021
1.255148
1.215346
1.577089
1.248546
1.484826
1.948108
1.360393
0.974443
0.961859
1.585624
1.484275
1.783210
1.482265
1.402237
1.758205
1.491672
1.768643
1.015481
1.154568
1.217936
1.436361
1.596312
1.166264
1.662286
1.623209
1.353084
0.980593
1.415571
0.991992
1.385034
1.243398
1.730730
0.839657
1.491747
0.914452
0.719259
1.305274
0.940159
1.061917
