1.987577
1.994370
1.855306
1.996167
1.988338
1.988126
1.948591
1.927306
1.942160
1.872103
1.812573
1.856714
1.988536
1.920184
1.890826
1.777856
1.872436
1.997368
1.996427
1.998922
1.834803
1.885295
1.752415
1.706437
1.595184
1.960736
1.995596
1.673206
1.933717
1.876584
1.882267
1.975729
1.852930
1.939295
1.728791
1.620762
1.892555
1.775334
1.819677
1.919060
1.872536
1.816308
1.730690
1.814332
1.867597
1.582894
1.618802
1.516178
1.665279
1.949798
1.973305
1.911116
1.650214
1.925510
1.952956
1.738776
1.592328
1.899656
1.885028
1.978726
1.610246
1.530910
1.756076
1.780361
1.673327
1.812133
1.526415
1.648338
1.963733
1.531254
1.941589
1.977073
1.732580
1.924724
1.781195
1.673077
1.937084
1.871479
1.632367
1.981997
1.700946
1.604170
1.520784
1.994099
1.786829
1.624420
1.994409
1.529544
1.886365
1.879083
1.995281
1.816815
1.990161
1.509217
1.794518
1.931142
1.844206
1.812579
1.980529
1.535115
1.804153
1.849219
1.700338
1.567621
1.691817
1.566404
1.660901
1.856702
1.730469
1.831008
1.866351
1.645366
1.763480
1.835594
1.491403
1.977597
1.957096
1.984997
1.562979
1.867371
1.911464
1.438958
1.965993
1.674936
1.723379
1.629722
1.635387
1.750250
1.599047
1.560712
1.945613
1.481728
1.862328
1.702457
1.944792
1.505978
1.603788
1.904948
1.896355
1.282240
1.548087
1.555588
1.888165
1.429870
1.618278
1.422171
1.947256
1.697308
1.883552
1.910731
1.677874
1.268223
1.597725
1.320287
1.437732
1.962351
1.716277
1.940573
1.839719
1.873945
1.659289
1.447603
1.788702
1.958654
1.391065
1.973211
1.451742
1.525817
1.925929
1.572638
1.867104
1.706665
1.521693
1.692028
1.842285
1.780598
1.913983
1.792710
1.369349
