1.823381
1.684803
1.928096
1.897502
1.926113
1.877388
1.913549
1.494077
1.899136
1.871716
1.648478
1.587635
1.725933
1.831585
1.718119
1.914929
1.990563
1.861390
1.871186
1.692248
1.909489
1.449926
1.872154
1.837514
1.857828
1.853825
1.679821
1.933036
1.876138
1.899959
1.612329
1.937998
1.815618
1.792178
1.913497
1.653122
1.887457
1.680407
1.567763
1.947915
1.674266
1.996440
1.614960
1.917823
1.801892
1.715727
1.651137
1.424242
1.835810
1.798671
1.440942
1.569045
1.775768
1.670508
1.833983
1.745600
1.840163
1.459660
1.511584
1.808623
1.676050
1.810366
1.448673
1.728882
1.433995
1.559088
1.653999
1.377697
1.956645
1.954157
1.859460
1.296014
1.792615
1.641481
1.611197
1.849680
1.565225
1.972308
1.227754
1.471856
1.488667
1.671793
