1.191880
1.971930
1.326909
1.944466
1.753351
1.155683
1.404417
1.945002
1.819622
1.644537
1.903402
1.697173
1.967069
1.663678
1.680432
1.871768
1.374861
1.437059
1.530111
1.912561
1.787170
1.580227
1.667944
1.632492
1.553387
1.548681
1.970655
1.797049
1.952594
1.785399
1.758641
1.837457
1.784742
1.776873
1.748184
1.681340
1.366768
1.229699
1.985358
1.906547
1.872574
1.535291
0.939622
1.379738
1.687379
1.835736
1.685534
1.692093
1.796631
1.220260
1.581724
1.569504
1.525672
1.901970
1.919090
1.348242
1.765951
1.912334
1.839729
1.603220
1.526263
1.423188
1.783631
1.514520
1.676170
1.796278
1.185935
1.953464
1.777391
1.855484
1.873282
1.706606
1.883899
1.427731
1.982345
1.909815
1.321952
1.761691
1.524029
1.887039
1.279426
1.471016
1.928806
1.989529
1.756876
1.713992
1.861227
1.800123
1.838277
1.770288
1.189357
1.948994
1.625296
1.871378
1.881522
1.200259
1.616473
1.843121
1.539824
1.911446
1.915297
1.933519
1.173674
1.307903
1.748433
1.718775
1.986012
1.975318
1.518390
1.720407
1.817785
1.639093
1.756063
1.813152
1.380423
1.818882
1.591146
1.902151
1.641281
1.936214
1.972352
1.625973
1.974838
1.453136
1.805176
1.887451
1.678672
1.835203
1.893723
1.929766
1.580493
1.368581
1.964030
1.527982
1.972244
1.013069
1.641713
1.657891
1.898856
1.654664
1.593639
1.424692
1.727505
1.336480
1.658752
1.260323
1.805048
1.699301
1.383595
1.500593
1.725051
1.773619
1.413679
1.768423
1.533215
1.313149
1.817166
1.687321
1.771539
1.146620
1.719197
1.212383
1.518359
1.773395
1.639327
1.279021
1.597628
1.977523
1.778810
1.985592
1.708990
1.508045
1.447959
1.950518
1.792831
1.926027
1.774186
1.343959
1.320829
1.729899
1.470263
1.723035
1.259589
1.839792
1.923694
1.254305
1.495798
1.896620
1.425667
1.904339
1.938565
1.823392
1.817213
1.853345
1.909986
1.771061
1.534961
1.363216
1.414390
1.702968
1.437908
1.886381
1.396365
1.800499
1.211111
1.581430
1.245885
1.898470
1.723785
1.644112
1.262525
1.298644
1.811278
1.334949
1.919879
1.937648
1.678737
1.318378
1.240197
1.193481
1.973444
1.521793
1.761944
1.750681
1.831719
1.856345
1.445207
1.559839
1.388015
1.309374
1.672382
1.738096
1.424121
0.941715
1.702401
1.954954
1.558698
1.658061
1.446737
1.534433
1.515574
1.596851
1.741114
1.677724
1.475631
1.792682
1.578247
1.111077
1.199241
1.575890
1.951778
1.930658
1.538284
1.950312
1.822267
1.190213
1.784141
1.835157
1.473903
1.748255
1.961369
1.582575
1.369982
1.977947
1.218544
1.635384
1.509701
1.860939
1.115384
1.365079
1.440979
1.600808
1.692443
1.289311
1.647765
1.742659
1.947607
1.759897
1.554389
1.869302
1.235960
1.799752
1.922215
1.229499
1.344070
1.552464
1.979227
1.868711
1.608168
1.183693
1.800801
1.663957
1.954813
1.911520
1.707210
1.784965
1.975166
1.944299
1.145302
1.836327
1.487264
1.206177
1.579357
1.785825
1.641767
1.837016
1.475866
1.608686
1.753753
1.161005
1.850639
1.708442
1.312383
1.503100
1.106219
1.817838
1.427821
1.579963
1.149101
1.951198
1.341239
1.926730
1.560503
1.674798
1.493208
1.359199
1.660197
1.468713
1.632354
1.284654
1.450594
1.365308
1.711259
1.741406
1.662423
1.821828
1.844133
1.884953
1.546852
1.587275
1.384450
1.869588
1.628435
1.527186
1.310825
1.354423
1.369690
1.432652
1.270640
1.490733
1.726388
1.791081
1.488609
1.047475
1.355240
1.955214
1.375541
1.752938
1.959319
1.176198
1.967242
1.950021
1.809031
1.835421
1.825795
1.166001
1.212989
1.395358
1.455082
1.569328
1.771469
1.303865
1.638820
1.313810
1.375093
1.330465
1.482118
1.172230
1.641489
1.569749
1.735428
1.774516
1.123653
1.581837
1.678561
1.438537
1.890594
1.912528
1.716833
1.750838
1.879570
1.638253
1.840281
1.860813
1.523611
1.864605
1.305926
1.889034
1.954506
1.691000
1.965308
1.501594
1.497297
1.116392
1.894217
1.284527
1.604370
1.456064
1.545762
1.979630
1.713804
1.870709
1.680651
1.884252
1.684673
1.869940
1.573758
1.487046
1.853689
1.962940
1.999345
0.896834
1.575337
1.470904
1.159882
1.760632
1.855575
1.956797
1.114402
1.489657
1.558447
1.707913
1.318291
1.259174
1.720078
1.520063
1.981076
1.319740
1.605011
1.784791
1.989840
1.029768
1.555971
0.975475
1.171430
1.042792
1.679864
1.560993
1.791280
1.856766
1.253218
1.425365
1.520379
1.113617
1.722114
1.402585
1.968468
1.925635
1.381791
1.833521
1.921591
1.344583
1.099608
1.936932
1.933687
1.739028
1.904742
1.213917
1.933398
1.836620
1.875468
1.455681
0.924024
1.981130
1.561765
1.908374
1.667318
1.697569
1.902036
1.395646
1.709511
1.783626
1.983736
1.181119
1.742358
1.243355
1.486095
1.316850
1.727305
1.878461
1.398130
1.007710
1.688615
1.499855
1.170618
1.184308
1.940507
1.712088
1.472328
1.925186
1.348000
1.390097
1.487321
1.198740
1.674538
1.476086
1.181814
1.445103
0.838247
1.176422
1.795152
1.907382
1.830304
1.974938
1.987617
1.327950
1.209362
1.571497
1.244219
1.659766
1.835205
1.886810
1.876557
1.847085
1.712880
1.872729
1.482703
1.791431
1.527178
1.565089
1.560722
1.799750
1.423713
1.269384
1.967258
1.833877
1.269459
1.588101
1.996462
1.480971
1.007077
1.206340
0.960440
1.880589
1.572533
1.948429
1.724789
1.812184
1.309001
1.420764
1.327173
1.934003
1.594704
1.089322
1.608788
1.531940
1.614474
1.496548
1.890876
1.388832
1.482924
1.070019
1.292342
1.883538
1.378363
1.634882
1.381932
1.752688
1.460721
1.485778
1.991893
1.269367
1.559973
1.764756
1.112697
1.689913
1.418103
1.987737
1.956126
1.384749
1.386135
1.124243
1.938504
1.434196
1.109531
1.492207
1.917949
1.463926
1.739162
1.094164
0.883688
1.568027
1.262414
1.358919
1.855542
1.585614
1.827185
1.606531
1.495820
1.461318
1.353590
1.098552
1.316339
1.623406
1.865882
1.655882
1.869975
1.362519
1.430209
1.518407
1.394300
1.219343
1.424878
1.443655
1.968250
0.919617
1.338527
1.724766
1.983244
1.665440
1.614053
1.133644
0.955443
1.899886
1.437659
1.912493
1.757428
1.791550
1.332108
1.908819
1.447778
1.526726
1.893225
1.373681
1.337398
1.060265
0.932671
1.046033
1.713399
1.492088
1.251080
1.551359
1.929431
0.984068
1.809367
1.594236
1.344781
1.924944
1.848914
1.599378
1.338886
1.821749
1.125415
1.488007
1.327290
1.258663
1.259867
1.668036
1.207728
0.978810
1.645705
1.212336
0.889738
0.719194
1.981398
1.342266
1.746088
1.636655
1.040865
1.708269
1.669339
1.403222
1.631268
1.374767
1.952704
0.847987
1.300685
1.411642
1.814907
1.328748
1.669789
1.724166
1.175631
1.564928
1.656141
1.723015
0.958882
1.144808
1.802060
1.311019
0.693583
1.947716
1.086523
1.201179
1.340597
1.624826
1.514412
1.004631
1.489939
0.965121
1.883719
1.625727
1.369605
1.233134
1.656307
