1.964404
1.830528
1.877112
1.966058
1.808859
1.952370
1.908488
1.926443
1.852946
1.993933
1.717843
1.900440
1.957361
1.950210
1.994775
1.728593
1.980150
1.819155
1.763408
1.998677
1.808598
1.632510
1.816777
1.589786
1.618243
1.485273
1.983726
1.872725
1.614023
1.736502
1.476262
1.574729
1.961719
1.837214
1.705241
1.933360
1.755952
1.989636
1.694221
1.924075
1.876864
1.599851
1.779674
1.716843
1.874075
1.698841
1.655549
1.529134
1.614875
1.985225
1.778424
1.998048
1.869911
1.962716
1.794910
1.885110
1.590393
1.479629
1.988680
1.908274
1.800863
1.666429
1.677357
1.559596
1.831629
1.666166
1.997296
1.717519
1.661263
1.777538
1.877703
1.598205
1.794673
1.859930
1.441573
1.479437
1.701932
1.732972
1.676146
1.417973
1.744357
1.900629
1.750508
