1.978332
1.800634
1.817537
1.892298
1.706628
1.896249
1.793428
1.834374
1.814293
1.906550
1.944699
1.904101
1.710354
1.692682
1.846607
1.706342
1.649938
1.685798
1.794103
1.943337
1.774004
1.889717
1.795134
1.725038
1.713659
1.638123
1.630582
1.827908
1.812711
1.889932
1.740845
1.757102
1.775898
1.912156
1.945820
1.805393
1.984948
1.702734
1.708983
1.866704
1.628923
1.843005
1.644525
1.630790
1.945326
1.637798
1.834643
1.946241
1.874709
1.695480
1.623163
1.898456
1.829831
1.843926
1.917673
1.590038
1.978373
1.999290
1.898703
1.757825
1.976352
1.801111
1.675599
1.852636
1.581529
1.827031
1.929433
1.936205
1.739479
1.560186
1.854844
1.604342
1.769109
1.815320
1.986595
1.687525
1.560238
1.358701
1.854299
1.953227
1.577544
1.591320
1.938497
1.783679
1.442513
1.861418
1.884591
1.704771
1.875277
1.973047
1.572497
1.415060
1.745881
1.727342
1.787870
1.546283
1.782065
1.286181
1.555989
1.834524
1.860014
1.617506
1.510464
1.294443
1.445198
1.928677
1.223047
1.378788
1.283542
1.837792
1.516530
1.793726
