1.963390
1.829975
1.296462
1.669538
1.720938
1.962935
1.469622
1.890509
1.378649
1.811765
1.897329
1.914891
1.633475
1.983498
1.957404
1.793200
1.903070
1.982014
1.998945
1.200474
1.074157
1.560393
1.516743
1.646927
1.497291
1.854840
1.774230
1.284889
1.800498
1.908719
1.710979
1.839779
1.897116
1.334775
1.474935
1.388316
1.672393
1.568798
1.651270
1.446959
1.550492
1.549074
1.843628
1.957502
1.295843
1.703431
1.590222
1.623217
1.783933
1.327032
1.421863
1.470141
1.630264
1.775631
1.672534
1.727187
1.838994
1.791142
1.372463
1.826918
1.532796
1.914177
1.524069
1.980179
1.488155
1.291392
1.938139
1.420726
1.329312
1.707064
1.395409
1.319969
1.867469
1.957528
1.947633
1.124938
1.420520
1.108317
1.814740
1.686639
1.964058
1.915379
1.444657
1.290775
1.729171
1.468021
1.842116
1.505156
1.829668
1.782379
1.514605
1.435134
1.875242
1.335350
1.521819
1.953289
1.594058
1.660588
1.967716
1.336756
1.873817
1.876943
1.160998
1.562783
1.779916
1.598444
1.167773
1.669022
1.523245
1.984854
1.560270
1.962198
1.998119
1.573605
1.530944
1.543636
1.451524
1.712158
1.456545
1.875349
1.763456
1.961169
1.474745
1.630946
1.272405
1.863157
1.864896
1.775476
1.980424
1.598719
1.844316
1.873686
1.479044
1.455360
1.465593
1.509165
1.348406
1.992475
1.528947
1.711609
1.882434
1.738167
1.793217
1.075337
1.677378
1.403952
1.539648
1.593965
1.511887
1.834641
1.115330
1.448971
1.770939
1.819935
1.253589
1.804024
1.440107
1.693212
1.677375
1.863256
1.707898
1.441671
1.788827
0.986888
1.845772
1.513793
1.982531
1.629138
1.209318
1.658850
1.420210
1.409677
0.932817
1.193959
1.388750
1.714157
1.023680
1.430789
1.907864
1.734227
1.975702
1.724746
1.269654
1.794035
1.453070
1.235521
1.314061
1.812617
0.978525
1.473854
1.108455
1.677768
1.465565
0.994450
1.372246
1.670592
1.599934
1.922378
1.424180
1.103062
1.991131
1.282261
1.448141
1.994567
1.519835
1.736841
1.475172
1.849065
1.434152
1.598055
1.940224
0.864137
1.475395
1.095926
1.267542
1.265833
1.966185
1.316808
1.269150
1.666378
1.269790
1.687110
1.798642
1.237722
1.741931
1.771422
1.376294
1.561848
1.605178
1.528053
1.429171
1.792378
1.535035
1.316955
1.727739
1.111422
1.297809
1.015391
1.836864
1.982993
1.792529
1.219224
1.657717
1.832231
1.492499
1.462112
1.665479
1.761120
1.703303
1.353571
1.739177
1.131148
1.290482
0.980372
1.408425
1.119662
1.622628
1.270570
1.830200
1.520876
0.929952
1.767342
1.307303
1.649876
1.690752
0.926053
1.589740
1.999464
1.950133
1.971863
1.609847
1.889553
1.840600
1.651418
1.637133
1.817983
1.881999
1.082368
1.208549
1.864958
1.814389
1.817672
1.556469
1.914642
1.644357
1.910645
1.620407
1.220406
1.912237
1.968610
1.858453
1.658403
1.064387
1.751580
0.894733
1.334062
1.917320
0.907228
1.340123
1.925367
1.626917
1.626264
1.802025
1.354440
1.525698
0.842785
1.779176
1.841850
1.997336
1.118387
1.414912
1.878317
1.833997
1.913662
1.014349
1.616105
1.122764
1.396976
0.993506
0.914332
1.571852
1.683724
1.027222
1.590067
1.683698
1.751763
1.376074
0.799238
1.470814
1.457773
1.769654
1.038718
1.818078
1.788218
1.568998
1.917367
1.581293
1.596383
1.102400
1.289240
1.153167
1.748222
1.081692
1.833783
1.666312
1.241679
1.922600
1.352228
1.048648
1.944868
1.023859
1.238006
0.797817
1.518411
1.963745
1.908078
1.754784
1.467033
1.036179
1.455127
1.442151
0.981715
1.997715
1.246082
1.749112
1.390544
1.607753
1.241707
1.806366
1.989371
