1.608957
1.791995
1.920810
1.998755
1.764036
1.918921
1.489042
1.932068
1.584352
1.514961
1.504308
1.993745
1.774694
1.443894
1.214331
1.711933
1.694586
1.721823
1.581928
1.078541
1.185156
1.963225
1.749605
1.511210
1.821321
1.845674
1.580636
1.947473
1.994649
1.924842
1.375490
1.446941
1.621012
1.214660
1.214340
1.513822
1.644154
1.998390
1.462034
1.700061
1.898396
1.668919
1.918653
1.832317
1.868199
1.833675
1.329719
1.706041
1.866838
1.888638
1.722570
1.406161
1.690751
1.866077
1.981393
1.856074
1.419449
1.707313
1.724027
1.684888
1.862895
1.505464
1.506214
1.763789
1.904136
1.239458
1.796380
1.905117
1.765641
1.663025
1.748343
1.796004
1.082967
1.917364
1.490693
1.818509
1.567983
1.627513
1.337714
1.427367
1.600056
1.706251
1.613641
1.579291
1.081419
1.696638
1.818133
1.566871
1.548940
1.131171
1.914632
1.997796
1.910525
1.562631
1.380589
1.538187
1.896047
1.964361
1.487800
1.937057
1.662371
1.090463
1.377546
1.662704
1.798211
1.958602
1.693014
1.702158
1.414413
1.271002
1.965811
1.138409
1.429183
1.645226
1.835534
1.942155
1.371697
1.866597
1.838609
1.238978
1.808735
1.827520
1.535920
1.601015
1.644128
1.264391
1.984605
1.825551
1.340710
1.813408
1.030183
1.794193
0.951005
1.479740
1.681487
1.740647
1.264770
1.822581
1.859958
1.597306
1.319338
1.376297
1.431170
1.850217
1.967067
1.498166
1.610362
1.905322
1.217260
1.499634
1.854925
1.276839
1.668018
1.500827
1.899298
1.785119
1.771526
1.002156
1.753034
1.587995
1.761856
1.961086
1.745559
1.259591
1.643859
1.559206
1.897947
1.690899
1.512192
1.834316
1.827334
1.748025
1.501926
1.383606
1.530736
1.577741
1.795078
1.452092
1.520540
1.478668
1.715386
1.537221
1.923339
1.906757
1.502409
1.210321
1.413670
1.247254
1.973442
1.457240
1.512643
0.964045
1.482870
1.737742
1.937223
1.402448
1.097486
1.987614
1.964880
1.429154
1.705338
1.802817
1.740535
1.996772
1.677283
1.818743
1.933563
1.791744
1.981772
1.617512
1.581830
1.868338
1.058613
1.563302
1.802543
1.808628
1.864198
1.859092
1.610077
1.439501
1.583422
0.912404
1.594503
1.984117
1.771017
1.348139
1.180725
1.441759
1.804267
1.275696
1.500189
1.599751
1.815541
1.234862
1.424635
1.429866
1.969019
1.370532
1.673164
1.304267
1.557499
1.695693
1.733284
1.759941
1.522965
1.930196
1.995151
1.803497
1.520828
1.861889
1.028597
1.424334
1.599657
1.865456
1.329665
1.536033
1.165924
1.848963
1.546342
1.465090
0.955109
1.986757
1.920526
1.374006
1.604490
1.550576
1.414417
1.607049
1.015851
1.856712
1.994287
1.986023
1.391001
1.770259
1.738873
1.678223
1.459722
1.963821
1.132351
1.757498
1.320970
1.601946
1.537907
1.918383
1.327330
1.844438
1.674491
1.804834
1.149007
0.970060
1.364819
1.229911
1.218833
1.701722
0.938562
1.795473
1.712939
1.902520
1.317279
1.009839
1.944873
1.595390
1.846402
1.843483
1.621617
1.991638
1.324462
1.478133
1.344798
1.911031
1.042517
1.315740
1.497164
1.256118
1.151112
1.382695
0.975075
1.190444
1.539910
1.988483
1.584983
1.430344
1.462925
1.612487
1.876153
1.515086
1.944143
1.711355
1.778929
1.551807
1.651070
1.542007
1.968488
1.250412
1.116435
1.460942
1.447447
1.079445
1.322903
1.464524
1.697936
1.132218
1.993027
1.607943
1.213805
1.718857
1.875066
1.896988
1.523897
0.986893
1.938199
1.379456
1.475904
1.388961
1.806219
1.891181
1.877742
1.587900
1.222107
1.143911
1.322070
1.884985
1.876942
1.154169
1.041502
1.759919
1.618435
1.629935
1.575666
1.738298
0.939320
1.346408
1.463397
1.366718
1.458710
1.295128
1.359246
1.977849
1.904946
1.805497
1.839671
1.784880
1.764456
1.404365
0.999005
1.376213
1.756481
1.986304
1.470333
1.744856
1.076241
1.374038
1.915490
1.060494
1.665085
1.021432
0.996555
1.325986
0.853222
1.708453
1.923642
1.413409
1.113609
1.633449
1.989355
1.759118
1.451445
1.939097
1.276107
1.754727
1.159302
1.495590
1.329752
1.506294
1.357213
1.121744
1.410099
1.028703
1.589214
1.137483
1.551866
1.074674
1.682874
1.956157
0.971806
1.635870
1.458170
1.647291
1.441672
1.662958
1.880654
1.120132
1.801351
1.497089
1.173239
1.476398
1.081120
0.915552
1.153903
1.940268
1.506678
0.974347
1.596343
1.159755
1.693902
1.228866
1.355830
0.939384
1.094750
1.515467
1.403438
1.487861
1.169728
1.724295
1.753465
1.298006
1.267355
1.651346
1.705715
1.174651
1.516634
1.927458
0.884616
1.583191
1.149852
1.267404
1.135865
1.847926
1.990415
1.636817
1.067256
1.948872
1.163188
1.552971
1.498230
1.486082
1.058763
1.306123
1.141238
1.659944
1.458394
1.161262
1.549956
1.399316
1.785857
1.844267
1.362153
1.930282
1.868655
1.936414
1.080139
1.462067
1.573153
1.370524
1.451775
1.279623
1.927034
1.473860
1.068976
1.614127
1.456370
1.751835
0.854748
1.539377
1.694477
1.119940
1.849813
1.717865
1.398681
1.808335
1.237065
1.357995
1.065333
1.498219
1.775780
1.612392
1.876866
1.266353
0.890725
1.934201
1.045420
1.324107
1.541844
1.572617
1.819608
1.841484
1.646125
1.899473
1.170245
1.483022
1.679710
1.608700
1.122642
1.463698
1.608834
1.758362
1.710818
1.529303
1.162110
1.627420
1.858402
1.164594
1.983099
1.332820
1.497300
1.534340
1.704791
1.947251
