1.968780
1.999333
1.913771
1.881098
1.980189
1.956410
1.943301
1.819634
1.952734
1.885227
1.894098
1.850975
1.951760
1.771255
1.857668
1.943976
1.830031
1.924072
1.981727
1.808303
1.997056
1.999324
1.735916
1.937801
1.951164
1.755817
1.684257
1.723253
1.874866
1.814124
1.650507
1.653117
1.794741
1.854532
1.900077
1.938192
1.964254
1.871574
1.645994
1.852162
1.903185
1.983147
1.913242
1.731970
1.969361
1.703935
1.832889
1.878512
1.840755
1.856313
1.781328
1.922167
1.890892
1.667423
1.972752
1.870012
1.779654
1.695815
1.728861
1.851887
1.979514
1.726373
1.818400
1.824707
1.820840
1.985636
1.887478
1.758652
1.804006
1.974208
1.975638
1.603777
1.936844
1.779055
1.783598
1.680090
1.643308
1.981094
1.512246
1.822118
1.510792
1.975826
1.874265
1.954273
1.610507
1.540679
1.616082
1.916857
1.851193
1.514461
1.924293
1.885294
1.548202
1.996445
1.949725
1.539757
1.939931
1.658189
1.465924
1.988973
1.290063
1.876163
1.385205
1.747205
1.631678
1.748789
1.711423
1.916327
1.984353
1.932212
1.893501
1.423964
1.697021
1.882796
1.612754
1.943217
1.836424
1.541375
1.893257
1.705048
1.649631
1.336545
1.946568
1.920197
1.816646
1.488260
1.694927
1.872057
1.476375
1.981182
1.773361
1.886311
1.425145
1.822188
1.899160
1.581812
1.628822
1.610635
1.742306
1.529430
1.927556
1.776798
1.774465
