1.687119
1.866776
1.922202
1.801845
1.974453
1.612752
1.740498
1.573373
1.596683
1.177760
1.628885
1.913593
1.508389
1.342623
1.261910
1.938343
1.864069
1.867604
1.826193
1.803232
1.799255
1.898742
1.833909
1.896799
1.787104
1.358931
1.158976
1.845344
1.966286
1.905053
1.810314
1.684697
1.441755
1.937922
1.521868
1.946756
1.537466
1.747648
1.986506
1.499738
1.507416
1.175809
1.995253
1.673027
1.719074
1.398547
1.703228
1.769028
1.628969
1.412941
1.500795
1.614771
1.951865
1.917747
1.235782
1.474619
1.831019
1.974052
1.501233
1.150449
1.796031
1.121104
1.029909
1.805954
1.647830
1.796737
1.988023
1.633278
1.575352
1.348578
1.279847
1.974320
1.910597
1.991203
1.795549
1.530216
1.266319
1.538863
1.603994
1.457649
1.832143
1.861200
1.886430
1.167807
1.974076
1.182369
1.436185
1.975068
1.580897
1.728124
1.626197
1.606925
1.668085
1.678938
1.584186
1.973679
1.968390
1.565610
1.416845
1.675719
1.562453
1.825814
1.839390
1.531826
1.348462
1.653432
1.455488
1.518534
1.796653
1.446960
1.930079
1.883898
1.388827
1.831191
1.805350
1.927593
1.566085
1.290855
1.858843
1.512819
1.782681
1.849676
1.516903
0.992265
1.842191
1.603723
1.722175
1.179675
1.497265
1.983264
1.841235
1.417168
1.450024
1.951485
1.068448
1.921997
1.907461
1.501220
1.241810
1.723227
1.944402
1.675240
1.107968
1.100549
1.718780
1.991439
1.442843
1.277163
1.838778
1.247807
1.329832
1.907795
1.699204
1.989901
1.664570
0.921023
1.753869
1.559470
1.752470
1.735439
1.344156
1.849577
1.359230
1.787054
1.447405
1.518408
0.984212
1.990040
1.650945
1.542945
0.967549
1.809116
1.177443
1.961395
1.058946
1.329509
1.901813
1.396539
1.908905
1.091639
1.933000
1.591506
1.364660
1.534653
1.563723
1.948639
1.479188
1.322687
1.940001
1.552702
1.896075
1.880241
1.957781
1.987315
1.819625
1.498214
1.191291
1.734188
1.588424
1.029673
1.580718
1.273290
1.815315
1.613788
1.917424
1.572670
1.258336
0.946702
1.343123
1.898672
1.275320
1.747175
1.262084
1.512984
1.759856
1.698507
1.274980
1.910627
1.403597
1.719652
1.181777
1.792245
1.572150
1.765098
1.407672
1.276817
1.800461
1.988803
1.350954
1.948483
1.194550
1.682797
1.952307
1.380561
1.162886
1.864017
1.451993
1.208907
1.883580
1.380118
1.014179
1.164180
1.495898
1.698168
1.752350
1.547521
1.835691
1.628675
1.604301
1.964968
1.870809
1.778152
1.033516
1.572002
1.659619
1.486225
1.834720
1.902554
1.103282
1.295640
1.814102
1.040992
1.121054
1.662499
1.544078
1.797372
1.026353
1.814468
1.293681
1.201775
1.385410
1.484944
0.992514
1.606436
1.786414
1.470430
1.587419
1.282288
1.881021
1.498934
1.181261
1.438021
1.702986
1.916336
1.885334
1.159450
1.283765
1.732238
1.884641
1.990620
1.414459
1.627802
1.557123
1.858683
0.861259
1.393095
1.150122
1.758822
1.255024
1.798955
1.515313
1.819176
1.831197
1.612562
0.949038
1.950177
1.419664
1.839007
1.765299
1.354860
1.119754
1.953218
1.735976
1.674705
1.173484
1.365910
1.235031
1.097205
0.790051
1.959184
1.501565
1.792272
1.655333
1.355798
1.590359
1.397606
1.707618
1.191979
1.556278
1.978486
1.578227
1.316547
1.277664
1.619299
1.477400
1.738298
1.475078
1.350872
1.919766
1.944624
1.152735
1.810925
1.386235
1.749773
1.752600
1.986468
1.317601
1.837131
1.397425
1.386781
1.992267
1.384371
1.769019
1.390075
1.137314
1.851484
1.997964
1.524490
1.414486
1.126432
1.532668
1.984045
1.301840
1.813838
1.854496
1.053562
1.709575
1.204093
1.791619
1.446893
1.339344
0.928045
1.833168
1.937161
1.459520
1.612262
1.487308
1.699960
1.468223
1.875354
1.240095
1.895335
0.981860
1.691273
1.894539
1.806558
0.935555
1.427187
1.630889
1.578183
1.041850
1.384452
1.101507
1.546599
1.706913
1.798851
1.199906
1.112622
1.624801
1.656721
1.920319
1.560454
1.014553
1.191479
0.781104
1.183657
1.518317
1.664986
0.998043
