1.957843
1.883069
1.926055
1.904533
1.930764
1.948368
1.967341
1.998536
1.965436
1.846482
1.948789
1.985197
1.898364
1.993301
1.836297
1.813365
1.867665
1.983386
1.896590
1.975829
1.937215
1.799444
1.873086
1.850370
1.866576
1.928342
1.983599
1.920289
1.970757
1.765658
1.903596
1.886158
1.810537
1.812204
1.893077
1.774653
1.735639
1.973204
1.970724
1.549781
1.925046
1.755133
1.829120
1.793318
1.691434
1.968435
1.788610
1.659076
1.808852
1.771902
1.850992
1.754197
1.862187
1.847504
1.631835
1.796917
1.862141
1.735615
1.650850
1.792685
1.640309
1.987612
1.792106
1.912888
1.630235
1.933105
1.762643
1.651682
1.951819
1.679642
1.829503
1.715873
1.961848
1.679313
1.493011
1.975357
1.913965
1.753184
1.906134
1.597272
1.768496
1.870301
1.656351
1.830026
1.729114
1.956699
1.789392
1.753945
1.567751
1.907826
1.882126
1.560536
1.931245
1.659391
1.789149
1.974293
1.950296
1.812207
1.717442
1.992735
1.403757
1.586230
1.626504
1.927046
1.629371
1.687376
1.528183
1.812066
1.731447
1.897381
1.639296
1.677766
1.499199
1.857337
1.455258
1.991524
1.995238
1.911465
1.586028
1.922264
1.915438
1.773896
1.569786
1.591861
1.698917
1.771860
1.971964
1.775342
1.890316
1.776202
1.916023
1.565961
1.441277
1.926488
1.964819
1.848832
1.389870
1.414899
1.499417
1.483587
1.233453
1.923296
1.433681
1.756006
1.580429
1.274497
1.391529
1.962037
1.708566
1.817778
1.252074
1.768923
1.268454
1.948946
1.720918
1.298320
1.626963
1.537363
1.674169
1.820031
1.718020
1.401182
