1.964090
1.788959
1.659448
1.933743
1.893159
1.973885
1.976467
1.976244
1.828562
1.943950
1.848032
1.963890
1.833666
1.959642
1.949507
1.955310
1.863643
1.915456
1.872658
1.856498
1.673162
1.899759
1.720568
1.984737
1.806628
1.719404
1.838134
1.756109
1.725664
1.837488
1.824808
1.974614
1.645164
1.585451
1.830339
1.603848
1.778009
1.868734
1.844074
1.889860
1.843638
1.908505
1.828358
1.930111
1.916773
1.603288
1.799707
1.747378
1.924253
1.669122
1.898373
1.541024
1.913784
1.647786
1.794126
1.793145
1.709022
1.804837
1.872432
1.669482
1.600967
1.984307
1.756015
1.749796
1.881287
1.741702
1.918929
1.608948
1.641687
1.897392
1.718302
1.929290
1.630790
1.771084
1.989985
1.763905
1.666295
1.833419
1.612326
1.734947
1.963303
1.875340
1.878772
1.509039
1.744935
1.649358
1.949290
1.542734
1.625306
1.715592
1.726406
1.893457
1.993796
1.984758
1.492114
1.758856
1.942541
1.933411
1.706372
1.882694
1.985481
1.595186
1.470546
1.358522
1.885095
1.894483
1.977084
1.645215
1.787245
1.918405
1.856406
1.374087
1.956553
1.455031
1.756309
1.945941
1.420577
1.722440
1.534224
1.625373
1.818304
1.620942
1.553910
1.942159
1.677875
1.599575
1.880120
1.913958
1.434903
1.838527
1.760007
1.633865
1.614647
1.516786
1.609833
1.564925
1.226738
1.711927
1.252295
1.916009
1.731518
1.878593
