1.513408
1.342831
1.782257
1.941140
1.964563
1.881740
1.226021
1.776475
1.919259
1.996584
1.743142
1.900084
1.395163
1.905584
1.511872
1.485104
1.779724
1.948791
1.532758
1.492320
1.781837
1.987541
1.698395
1.440297
1.938113
1.663031
1.884359
1.967014
1.981865
1.890229
1.602014
1.756601
1.575284
1.620772
1.960900
1.884769
1.706093
1.344312
1.561159
1.991994
1.881634
1.929962
1.717375
1.501792
1.830078
1.595164
1.560375
1.498891
1.944179
1.837665
1.374841
1.961485
1.702039
1.419408
1.376920
1.365951
1.983874
1.527358
1.968348
1.929177
1.677663
1.792578
1.999648
1.711146
1.612094
1.785807
1.721569
1.921528
1.926517
1.385183
1.447229
1.627626
1.864362
1.480190
1.365064
1.937926
1.340308
1.544409
1.772633
1.829354
1.766249
1.819155
1.667351
1.706482
1.913393
1.489426
1.859665
1.504517
1.949691
1.865188
1.683576
1.558158
1.769102
1.971832
1.575389
1.616603
1.713744
1.862953
1.881100
1.871914
1.568639
1.652356
1.582482
1.744769
1.355855
1.396777
1.955406
1.559426
1.759472
1.961763
1.748465
1.945989
1.660695
1.971541
1.776600
1.852610
1.758915
1.809993
1.594683
1.484462
1.451837
1.855864
1.177038
1.297246
1.479416
1.244374
1.869879
1.831332
1.671570
1.991263
1.377658
1.846167
1.357997
1.524136
1.587353
1.207134
1.271179
1.808018
1.117019
1.347631
1.699909
1.631237
1.292958
1.953231
1.754080
1.880793
1.786944
1.647282
1.949139
1.751734
1.826743
1.991670
1.584903
1.695144
1.738897
1.397958
1.532800
1.695335
1.100773
1.915252
1.956284
1.587751
1.270992
1.213574
1.862557
1.854991
1.981424
1.887159
1.700288
1.889789
1.271574
1.619662
1.730091
1.534988
1.386852
1.995296
1.772801
1.526639
1.652115
1.866170
1.976896
1.657438
1.675022
1.181002
1.914864
1.267098
1.981252
1.301641
1.744513
1.404257
1.585256
1.139973
1.646313
1.249495
1.334223
1.840991
1.880204
1.822262
1.441444
1.956198
1.869000
1.947736
1.584720
1.497556
1.364235
1.684080
1.452074
1.724198
1.516322
1.733882
1.998867
1.398435
1.647169
1.998150
1.902124
1.995717
1.894347
1.138204
1.517779
1.447529
1.979530
1.999648
1.859448
1.005386
1.928621
1.154137
1.734309
1.912648
1.404390
1.371385
1.632928
1.905717
1.482031
1.208079
1.655922
1.438708
1.590218
1.752679
1.168045
1.565614
1.208836
1.572721
1.676306
1.888793
1.393771
1.205252
1.013860
1.360698
1.694433
1.885177
1.801409
1.831439
1.760948
1.483694
1.399585
1.835261
1.254233
1.408041
1.697837
1.222416
1.504144
1.452026
1.559901
1.254100
1.639339
1.460932
1.692923
1.322116
1.841041
1.381589
1.926201
1.742655
1.932022
1.446774
1.665952
1.779801
1.481544
1.345785
1.455651
1.556060
1.940290
1.699794
1.364301
1.507646
1.724816
1.413126
1.233545
1.395441
1.504214
1.441801
1.604435
1.425871
1.538611
1.817868
1.647243
1.959618
1.672476
1.885622
1.651888
1.801681
1.145908
1.996979
1.963054
1.991536
1.492256
1.688323
1.437994
1.567598
1.374108
1.603211
1.251427
1.982285
1.984014
1.238644
1.289934
1.242244
1.785208
1.573253
1.921325
1.214452
1.876897
1.844956
1.968434
1.666867
1.182674
1.401951
1.194838
1.405342
1.399241
1.477737
1.621018
1.812873
1.578643
1.672464
1.764433
1.451393
1.613390
1.683817
1.733428
1.874128
1.166156
1.596059
1.750790
1.488443
1.944163
1.728556
1.646828
1.322302
1.998447
1.778247
1.860677
1.821354
1.565533
1.587697
1.253992
1.868865
1.926399
1.114589
1.866628
1.893351
1.727833
1.379421
1.181127
1.708365
1.313259
1.758178
1.246930
1.819138
1.140068
1.647388
0.985294
1.731553
1.889791
1.458474
1.884550
1.462879
1.589604
1.014338
1.684425
1.443923
1.512062
1.839088
1.832301
1.379520
1.430405
1.661659
1.760213
1.583494
1.250826
1.710014
1.920554
1.626090
1.719049
1.654484
1.311485
1.202116
1.363580
1.926181
1.973261
1.822590
1.638499
1.078077
1.557113
1.926636
1.058354
1.757612
1.414460
1.723943
1.234302
1.859445
1.681906
1.369368
1.324393
1.843713
1.537748
1.408973
1.338065
1.579825
1.620577
1.239286
1.462413
1.671105
1.484982
1.939907
1.978203
1.766120
1.997595
1.393838
1.032461
1.212614
1.394805
1.660579
1.802884
1.871717
1.379540
1.532249
1.945477
1.993494
1.479850
1.941800
1.699613
1.610758
1.002953
1.378981
1.987871
1.643815
1.964219
1.545040
1.964177
1.944961
1.173114
1.020879
1.219362
1.746232
1.150191
1.795539
1.114736
0.994213
1.799387
1.633140
1.271960
1.530688
1.344179
0.970273
1.898782
1.622193
1.972625
1.589079
1.463701
1.482756
1.066869
1.557577
1.308636
1.424047
1.025782
1.341784
1.957081
1.776529
1.514710
1.078127
1.745867
1.633689
1.888828
1.216206
1.267331
1.178905
1.123338
1.762479
1.580445
1.698096
0.980441
1.166162
1.942775
1.581798
1.182288
1.857612
1.341677
1.346913
1.545937
1.897184
1.279948
1.333176
1.755551
1.685928
1.755350
1.131898
1.219601
1.805058
1.516503
1.737201
0.983022
1.411419
1.642690
1.883758
1.474636
1.375117
1.697462
1.522964
1.965745
1.392843
1.724338
1.504453
1.118477
1.675420
1.418585
1.837402
1.277784
1.827617
0.932905
1.972043
1.578287
1.953799
1.884678
1.877975
1.338842
1.868800
1.697034
1.629386
1.793360
1.586599
1.195653
1.116381
1.725626
1.877586
1.096611
0.916082
1.270278
1.787041
1.857813
1.410015
1.008298
1.973792
1.831001
1.850633
1.061252
1.827105
1.762942
1.398031
1.205764
1.507016
1.466277
1.123479
1.850535
1.384804
1.911731
1.653825
1.882207
1.661287
1.395366
1.521068
1.483439
1.851943
1.848298
1.437490
1.546421
1.099089
1.716936
1.910548
1.728398
1.476141
1.965604
1.797550
1.849811
1.098518
1.641660
1.501193
1.566382
1.681045
1.949631
1.269636
0.994826
1.478511
1.402771
1.189098
1.934251
1.960793
1.538626
1.498161
1.322625
0.994447
1.755281
0.847746
1.275778
0.993399
1.116852
1.278311
1.417873
1.570399
1.696424
1.091856
1.598294
1.795474
1.376314
1.252755
1.506916
1.236415
1.667455
1.165768
1.136138
1.020087
1.368076
1.854222
1.054398
1.634736
1.054360
1.348134
1.768963
1.781016
1.144325
1.146335
1.036688
1.125666
1.541339
1.540843
1.188230
1.805714
1.778155
1.536774
1.097507
1.990257
0.930486
1.904690
1.926934
0.995846
1.986498
1.047868
1.630496
1.725287
1.844758
1.430986
1.256032
1.170501
1.246038
1.971802
1.040011
1.116109
1.837625
1.245949
1.167275
1.746886
1.473942
1.091256
1.649361
0.838869
1.352220
1.847904
0.951708
1.790555
1.676315
1.420708
1.123801
1.745061
1.799770
1.893936
1.475136
1.392448
1.384682
1.642017
1.657863
1.835373
1.365036
1.339281
1.249594
1.004676
1.458911
1.064589
1.205712
1.780705
1.953273
1.626505
1.936803
1.128850
1.034701
0.969106
1.864489
1.066078
0.882499
1.766242
0.967267
1.184958
1.964891
1.088259
1.589308
1.219256
1.039144
1.167958
1.955888
1.121564
0.982513
1.489724
1.234713
1.267365
1.919684
1.479798
0.919921
1.273676
1.017276
1.447443
1.595302
1.453298
0.973136
1.805958
1.935385
1.826059
1.118432
0.998785
1.519048
1.748165
1.467260
1.754694
1.975551
1.269189
1.834409
1.308433
1.484753
1.649398
1.903246
1.729203
1.448126
1.487913
1.854572
1.152827
1.585956
1.561739
1.788627
1.397142
1.411388
1.571789
1.864948
1.634997
1.410705
1.017504
1.131499
1.289711
1.320113
1.200150
1.994153
0.814178
1.054950
1.761988
