1.973598
1.967631
1.971910
1.990665
1.903158
1.893849
1.995241
1.924709
1.868452
1.999087
1.956687
1.819463
1.884436
1.907583
1.897770
1.730293
1.922335
1.995564
1.964968
1.956349
1.767785
1.662637
1.927998
1.793906
1.618664
1.981047
1.986387
1.669296
1.887900
1.672127
1.809864
1.927319
1.741037
1.876091
1.792651
1.768163
1.653257
1.879051
1.809804
1.764394
1.714676
1.961417
1.606109
1.843762
1.841823
1.845938
1.607907
1.848399
1.695384
1.700208
1.564165
1.944373
1.929811
1.783514
1.682132
1.760983
1.851980
1.871763
1.553782
1.840138
1.805072
1.956375
1.553314
1.903807
1.892273
1.814730
1.819923
1.596827
1.779915
1.853439
1.776105
1.982316
1.741664
1.760619
1.980500
1.387949
1.673740
1.979153
1.840328
1.971494
1.884206
1.413774
1.541540
1.726389
1.843125
1.558228
1.909789
1.874753
1.864757
1.431525
1.825027
1.538324
1.875477
1.601654
1.713353
1.720482
1.557393
1.826587
1.754354
1.894965
1.511366
1.594251
1.690123
1.922982
1.926359
1.907943
1.811339
1.481307
1.693173
1.617551
1.783396
1.784655
1.985968
1.817045
1.947858
1.941511
1.485869
1.815658
1.888127
1.301857
1.685529
1.379320
1.275405
1.838336
1.750373
1.934067
1.834796
1.566968
1.518858
1.527209
1.775520
1.795910
1.575886
1.563883
1.557079
1.730624
1.726241
1.840946
1.451480
1.186806
1.946640
1.475404
1.447639
1.353353
1.795437
1.190654
1.863344
