1.840062
1.567945
1.248580
1.910399
1.920789
0.991144
1.725403
1.050860
1.401577
1.925532
1.270397
1.957316
1.865222
1.904790
1.303671
1.481518
1.826490
1.593942
1.590151
1.552566
1.105935
1.705606
1.870360
1.990287
1.536974
1.304699
1.680929
1.942843
1.854290
1.696728
1.876338
1.755423
1.980818
1.862453
1.270869
1.770220
1.631260
1.221043
1.235363
1.803685
1.755573
1.537934
1.845455
1.298358
1.603016
1.950749
1.655889
1.424750
1.204460
1.921987
1.984545
1.610076
1.358019
1.373189
1.914318
1.993065
1.792661
1.970043
1.959187
1.653710
1.249938
1.102724
1.672942
1.622165
1.690656
1.991541
1.369698
1.899451
1.855478
1.826602
1.513822
1.747991
1.673389
1.070836
1.082082
0.952612
1.953050
1.849150
1.620918
1.929157
1.244330
1.647523
1.777621
1.286292
1.710280
1.761223
1.357790
1.708020
1.960654
1.944164
1.394886
1.745559
1.423539
1.127828
1.779748
1.588404
1.574157
1.274854
1.834326
1.711098
1.924850
1.772482
1.485475
1.956720
1.365173
1.455594
1.135089
1.909899
1.245919
1.408428
1.620706
1.278142
1.849150
1.545368
1.173885
1.584211
0.859834
1.759130
1.621353
1.197646
1.462828
1.511693
1.602351
1.787395
1.383046
1.813383
1.472466
1.875503
1.383551
1.643714
1.260109
1.801061
1.515478
1.702265
1.831993
1.289044
1.372385
1.454667
1.351345
1.693363
1.677801
1.291907
1.459843
1.578789
1.539770
1.889136
1.757147
1.995876
1.789807
1.637626
1.634134
1.678388
1.676199
1.072345
1.813625
1.705267
1.741699
1.398049
1.753960
1.996881
1.939588
1.049109
1.068733
1.385582
1.900473
1.397340
1.928931
1.731644
1.462626
1.999572
1.378021
1.856348
1.422497
1.307771
1.897209
1.973229
1.211653
1.838623
1.932593
1.573985
1.198487
1.869440
1.977698
1.662889
1.182470
1.481022
1.960280
1.084152
1.812878
1.871856
1.759302
1.701341
1.810705
1.552865
1.214725
1.997965
1.857532
1.439845
1.989435
1.266981
1.803528
1.056091
1.377090
1.764545
1.735014
1.954035
1.723596
1.976300
1.685262
1.246819
1.307877
1.654785
1.703847
1.241849
1.066821
1.485509
1.294563
1.363396
1.302300
1.777174
1.640172
1.923240
1.718491
1.655241
1.642053
1.970995
1.202525
1.584002
1.623916
1.791987
1.953776
0.848600
1.881402
1.846097
1.777845
1.717774
1.652326
1.855358
1.971270
1.895482
1.663957
1.196802
1.127190
1.939095
1.864607
1.008876
1.477213
1.136527
1.915957
1.486061
1.227449
1.060274
0.904358
1.107564
1.235041
1.325329
1.823001
1.565614
1.553316
1.796183
1.174426
1.975372
1.498767
1.590255
1.607729
1.891225
1.738790
1.463079
1.489381
1.878281
1.721665
1.107336
1.570349
1.874870
1.912091
1.428321
1.071704
1.727775
1.029473
1.431988
1.220845
1.054724
1.829010
1.425809
1.424064
1.458805
1.365833
1.768484
1.658144
1.224838
1.687121
1.114627
1.624535
1.380536
1.638050
1.519080
1.849065
1.362025
1.618528
1.654982
1.615312
1.141263
1.108123
1.583312
1.652838
1.414340
1.330546
1.313011
1.643445
1.823033
1.620242
0.995758
1.910858
1.400929
1.487985
1.645602
1.752106
1.785611
1.209790
1.815932
1.176718
1.758817
1.768716
1.293930
1.787716
0.979877
1.826022
0.912968
1.862267
1.611394
1.256549
0.841804
1.693331
1.123814
1.242127
1.162273
1.963429
1.488063
1.914832
1.648282
1.895441
1.547799
1.152800
1.155255
0.804278
1.624411
1.153595
1.323034
1.588126
1.497931
1.359865
1.233991
1.703501
1.703446
1.799180
1.952441
