1.936342
1.967566
1.999297
1.884959
1.967118
1.879654
1.870514
1.974782
1.967640
1.887945
1.670841
1.994306
1.704166
1.980402
1.996313
1.875809
1.870720
1.916594
1.894142
1.918965
1.835727
1.992375
1.870929
1.785649
1.855356
1.785810
1.910826
1.970981
1.962267
1.741666
1.770184
1.906482
1.955691
1.911286
1.905872
1.784595
1.994187
1.747006
1.707984
1.800370
1.835747
1.998979
1.942707
1.761195
1.804071
1.823409
1.578938
1.678540
1.672917
1.727805
1.774301
1.765520
1.736823
1.401095
1.960375
1.912247
1.557543
1.903391
1.994377
1.504883
1.652933
1.721722
1.568536
1.929723
1.978462
1.927263
1.805381
1.798538
1.845062
1.581223
1.793980
1.863702
1.668066
1.883489
1.506240
1.880044
1.891342
1.607821
1.965647
1.997857
1.629222
1.759503
1.559995
1.757725
1.991246
1.953870
1.726537
1.405760
1.571310
1.941433
1.818911
1.931833
1.853810
1.869426
1.883311
1.463890
1.654975
1.702997
1.627317
1.883815
1.656965
1.382652
1.774197
1.654344
1.805156
1.817165
1.746516
1.994823
1.762557
1.643949
1.717622
1.700059
1.397995
1.573535
1.810273
1.649089
1.616146
1.966744
1.592009
1.750551
1.369130
1.955199
1.383146
1.644147
1.375074
1.435060
1.499813
1.828135
1.672703
1.557378
1.275237
1.705712
1.845491
1.958464
1.317315
1.465372
1.748315
1.639279
1.407071
1.687073
1.525974
1.165839
1.707885
