1.852014
1.977084
1.914185
1.980046
1.733382
1.877148
1.979933
1.949153
1.907207
1.721870
1.825353
1.762731
1.845726
1.986460
1.906359
1.953733
1.875457
1.685680
1.894758
1.985752
1.825332
1.810426
1.995468
1.960394
1.973016
1.853984
1.831265
1.960064
1.689166
1.954703
1.917940
1.704294
1.863822
1.994134
1.675183
1.852110
1.859704
1.792148
1.781088
1.879582
1.682374
1.812168
1.804176
1.529644
1.995492
1.924318
1.977606
1.637019
1.581982
1.969757
1.644035
1.797854
1.899815
1.719427
1.968371
1.990208
1.903126
1.833299
1.573303
1.838946
1.920897
1.705062
1.965967
1.771215
1.956604
1.904412
1.762126
1.907066
1.734685
1.574202
1.882769
1.931348
1.708743
1.785693
1.792310
1.964284
1.620928
1.976730
1.566550
1.675188
1.932407
1.819988
1.916774
1.677698
1.496405
1.871455
1.615163
1.668741
1.654875
1.599168
1.452113
1.554811
1.891259
1.569514
1.762843
1.834991
1.723052
1.979366
1.621626
1.862229
1.878870
1.521884
1.484122
1.812836
1.619409
1.889880
1.928565
1.742311
1.474293
1.509291
1.853105
1.321685
1.974292
1.694342
1.986879
1.548634
1.595065
1.425662
1.876789
1.900277
1.932383
1.813470
1.747344
1.924404
1.662276
1.611755
1.491605
1.881091
1.375534
1.630536
1.851519
1.346399
1.472522
1.990799
1.412244
1.511100
1.593599
1.659145
1.803808
1.468869
1.871274
1.616155
1.689773
1.959175
1.989681
1.893428
1.544071
1.215842
1.957452
1.760532
1.718869
1.766805
1.715784
1.383464
1.667385
1.488948
1.363565
1.407072
1.877991
1.322599
