1.956974
1.894961
1.941089
1.644489
1.892089
1.920064
1.710870
1.998176
1.915363
1.580983
1.935680
1.569962
1.711430
1.947552
1.855714
1.853901
1.865151
1.912698
1.895719
1.682180
1.824513
1.817383
1.610479
1.946764
1.728900
1.480526
1.651380
1.587207
1.589988
1.789502
1.744658
1.419118
1.849800
1.978431
1.438481
1.642449
1.468599
1.967686
1.579333
1.726289
1.717515
1.803341
1.970182
1.920593
1.982035
1.671454
1.860580
1.896159
1.923868
1.993331
1.691745
1.833761
1.466659
1.662484
1.834426
1.826886
1.722965
1.937084
1.437557
1.853439
1.327849
1.785508
1.733451
1.546229
1.759544
