1.853634
1.922548
1.849812
1.952918
1.723238
1.744484
1.881204
1.984027
1.944277
1.872517
1.952396
1.830000
1.832619
1.928197
1.946241
1.904898
1.921366
1.976632
1.695755
1.641469
1.809693
1.963918
1.762365
1.950782
1.862758
1.826374
1.881346
1.864189
1.758568
1.971822
1.795181
1.818531
1.865906
1.759628
1.951293
1.929497
1.775194
1.701528
1.716806
1.966759
1.690296
1.825283
1.814182
1.912878
1.973271
1.828466
1.694426
1.956355
1.823348
1.653989
1.980684
1.899833
1.959065
1.846163
1.933672
1.771712
1.675166
1.798889
1.559373
1.950424
1.838260
1.834554
1.991165
1.810181
1.914811
1.652422
1.667280
1.525704
1.547866
1.887637
1.817298
1.751216
1.976911
1.596109
1.551735
1.863170
1.994793
1.620216
1.654833
1.793654
1.717999
1.813864
1.954940
1.983294
1.853977
1.832079
1.923538
1.941934
1.740340
1.591153
1.952067
1.958719
1.762258
1.690751
1.554831
1.800451
1.888751
1.604657
1.998154
1.838587
1.771210
1.798651
1.880780
1.540748
1.727468
1.923920
1.979910
1.518843
1.694839
1.453166
1.917674
1.681429
1.949925
1.942630
1.617796
1.694382
1.758943
1.633345
1.716574
1.707813
1.878943
1.453868
1.600051
1.734792
1.998521
1.797307
1.647123
1.965196
1.786627
1.675439
1.618489
1.752626
1.546118
1.936754
1.724453
1.978769
1.954880
1.538434
1.861884
1.745472
1.610203
1.878067
1.753973
1.502422
1.755796
1.899300
1.999367
1.649982
1.645403
1.500368
1.803900
1.545054
1.933625
1.931984
1.783356
1.411279
1.575162
1.607332
1.534749
1.846975
1.322691
1.446449
1.489825
1.565392
1.567048
1.995593
1.391102
1.699102
1.925762
1.612600
1.970285
1.999106
1.301398
1.557535
1.924486
1.906833
1.435464
1.756908
1.874067
1.632730
1.997925
1.200526
1.735539
1.595426
1.388450
1.631709
1.604411
