1.955307
1.928819
1.902901
1.878192
1.754310
1.967741
1.909880
1.702126
1.961979
1.740017
1.828322
1.928882
1.816066
1.902581
1.963055
1.799128
1.743232
1.939577
1.848339
1.928839
1.982161
1.978653
1.666080
1.950001
1.873507
1.952656
1.937754
1.723803
1.990940
1.655015
1.986059
1.977608
1.986184
1.996634
1.925333
1.967846
1.806310
1.993538
1.908485
1.889522
1.757496
1.893801
1.965269
1.928660
1.798396
1.894441
1.822709
1.796604
1.545356
1.913035
1.867236
1.653846
1.988091
1.738084
1.978630
1.604370
1.743059
1.574931
1.770332
1.989941
1.872122
1.811207
1.647514
1.906077
1.858578
1.853932
1.862102
1.722575
1.671901
1.698684
1.936864
1.996207
1.767287
1.844332
1.983679
1.713610
1.928819
1.748640
1.928120
1.983835
1.467292
1.868231
1.571476
1.886677
1.722072
1.900385
1.893058
1.904079
1.696524
1.995075
1.991635
1.810063
1.725862
1.716566
1.662592
1.980183
1.703720
1.858266
1.712395
1.895470
1.764785
1.724566
1.809858
1.497325
1.598155
1.558823
1.804511
1.966597
1.881978
1.872987
1.572209
1.859562
1.963050
1.780422
1.734392
1.781287
1.980964
1.447198
1.909719
1.803962
1.711158
1.941779
1.848245
1.932718
1.751152
1.940989
1.857401
1.429837
1.688141
1.949397
1.772694
1.949140
1.470952
1.563937
1.679257
1.412714
1.414912
1.873527
1.478252
1.989912
1.845433
1.366473
1.345787
1.509812
1.563575
1.569141
1.938936
1.806106
1.657336
1.663345
1.889430
1.717965
1.734778
1.716227
1.983559
1.639243
1.511802
1.464314
1.416932
1.578855
1.938981
1.709714
1.730861
1.356593
1.242678
1.544345
1.406496
1.991509
1.870766
1.921295
1.937417
1.694019
1.536086
