1.980483
1.784068
1.521529
1.411043
1.732302
1.400368
1.578841
1.940654
1.395704
1.862701
1.269210
1.409393
1.977882
1.401296
1.922517
1.698236
1.710011
1.758030
1.485295
1.259804
1.775145
1.985663
1.502173
1.861275
1.680699
1.850701
1.745896
1.910608
1.397996
1.344431
1.377916
1.537856
1.736780
1.635162
1.622436
1.191742
1.910932
1.316641
1.455728
1.501181
1.539626
1.109959
1.757880
1.769233
1.313166
1.554159
1.249409
1.142767
1.659737
1.984452
1.472327
1.773702
1.423012
1.464904
1.620204
1.886256
1.520565
1.930298
1.979944
1.076008
1.575241
1.437664
1.703135
1.999501
1.493326
1.226270
1.311081
1.077552
1.814773
1.640117
1.756857
1.608702
1.833283
1.777626
1.310681
1.773825
1.997834
1.928649
1.594849
1.867743
1.377254
1.921618
1.868524
1.674990
1.730812
1.212376
1.215525
1.935271
1.888248
1.961508
1.672735
1.710360
1.395519
1.765836
1.308265
1.518793
1.465221
1.298690
1.669309
1.693286
1.970668
1.990816
1.407591
1.186119
1.567099
1.439428
1.436437
1.743227
1.977047
1.521540
1.434491
1.675918
1.971791
1.544355
1.254853
1.702841
1.182317
1.910237
1.981042
1.366074
1.604617
1.691406
1.606483
1.790208
1.450661
1.260560
1.686065
1.902428
1.283964
1.348806
1.840715
1.445445
1.432995
1.837630
1.176211
1.376768
1.609866
1.178383
1.506934
1.751356
1.147851
1.621337
1.396975
1.958264
1.827921
1.501524
1.073779
1.661116
1.511566
1.525466
1.483194
1.936649
1.993225
1.666925
1.472266
1.505619
1.694834
1.702347
1.618209
1.933857
1.483412
1.691190
1.782881
1.519627
1.896599
1.913163
1.451446
1.781893
1.910371
1.681328
1.780539
1.773922
0.891418
1.241614
1.309936
1.804573
1.664287
1.904030
1.698073
1.472846
1.585307
1.460430
1.694050
0.939502
1.836928
1.883472
1.917004
1.664070
1.241952
1.728577
1.831603
1.157829
1.581800
1.684266
1.976051
1.572875
1.050197
1.110599
1.879764
1.577554
1.174604
1.599067
1.157664
1.694576
1.243941
1.664314
1.799796
1.678847
1.452402
0.874381
1.937984
1.416386
1.246890
1.900232
1.266515
1.540810
1.747885
1.600474
1.962401
1.143603
1.580208
1.828331
1.805088
1.046228
1.599256
1.852936
1.066352
1.554115
1.504742
1.831100
1.527407
0.971624
1.076990
1.305211
1.700171
1.108855
1.281888
1.781691
1.283567
1.935326
1.225599
1.409591
1.213561
1.562669
1.664533
1.749202
1.849594
1.582098
1.951165
1.556607
1.525254
1.220077
1.424213
1.923008
1.307022
1.535836
1.479050
1.358148
1.982035
1.989604
1.600475
1.059276
1.512098
1.334875
1.526366
