1.899393
1.907784
1.945119
1.932675
1.922668
1.942106
1.854994
1.768372
1.997522
1.761845
1.989734
1.718592
1.706388
1.895447
1.965556
1.910517
1.931615
1.875122
1.775145
1.929513
1.905915
1.634528
1.833332
1.860846
1.735776
1.743459
1.781258
1.875745
1.942821
1.847082
1.996898
1.901380
1.855433
1.804059
1.795421
1.697218
1.980188
1.804168
1.817503
1.872096
1.762874
1.887241
1.590547
1.975082
1.733172
1.719140
1.828974
1.866771
1.845285
1.983981
1.810252
1.838372
1.803476
1.705515
1.926666
1.830015
1.897450
1.997549
1.605091
1.670966
1.708387
1.915719
1.766687
1.882622
1.609811
1.994788
1.899034
1.633603
1.685823
1.781911
1.988512
1.990879
1.628712
1.972123
1.565198
1.689817
1.525625
1.883953
1.834455
1.942188
1.796414
1.699950
1.589008
1.604605
1.967516
1.799288
1.643150
1.921817
1.776159
1.819772
1.948437
1.654694
1.734491
1.672559
1.839794
1.476898
1.628793
1.977140
1.527738
1.949863
1.995974
1.890321
1.807527
1.907161
1.577334
1.658308
1.736206
1.370756
1.948715
1.668516
1.503023
1.811781
1.729787
1.888841
1.996023
1.892202
1.897696
1.906186
1.912320
1.320344
1.507412
1.969352
1.978255
1.984167
1.753608
1.656440
1.777896
1.926444
1.625419
1.490698
1.575296
1.994647
1.677976
1.398104
1.855673
1.453878
1.754899
1.801218
1.582566
1.997454
1.880295
1.650037
1.784582
1.763439
1.441137
1.923614
1.408085
1.822885
1.672546
1.861159
1.664668
1.424812
1.632220
1.555726
1.508158
1.533839
1.462947
1.734618
1.524316
1.521543
1.331973
1.893347
1.272316
1.289352
1.554652
1.439653
