1.924998
1.635325
1.969750
1.674650
1.295493
1.964011
1.672859
1.937718
1.972872
1.850051
1.983462
1.901500
1.561517
1.083389
1.596448
1.274248
1.644668
1.561922
1.257106
1.454879
1.995305
1.723448
1.942609
1.409500
1.502232
1.555330
1.538981
1.383280
1.401126
1.549175
1.843297
1.776473
1.540457
1.463549
1.841096
1.486976
1.733935
1.622559
1.696430
1.396507
1.468309
1.380699
1.215553
1.608694
1.465773
1.789037
1.852470
1.565757
1.845449
1.529034
1.817695
1.442359
1.534965
1.276449
1.312135
1.740097
1.945473
1.496856
1.951687
1.675295
1.461121
1.103232
1.034486
1.746607
1.853822
1.958299
1.513777
1.992167
1.311814
1.626582
1.194691
1.982434
1.643164
1.695136
1.962093
1.667132
1.565257
1.499581
1.420435
1.067398
1.418711
1.895788
1.611387
1.949212
1.944581
1.505724
1.792539
1.526149
1.805226
1.814956
1.202502
1.353761
1.539668
1.572925
1.666351
0.944827
1.754305
1.686638
1.256883
1.917752
1.908732
1.177712
1.943626
1.935263
1.493002
1.254610
1.653081
1.799190
1.406400
1.707285
1.772785
1.397864
1.906664
1.189649
1.976193
1.203728
1.321667
1.141957
1.413035
1.550023
1.406543
1.196979
1.941502
1.657412
1.315278
1.348690
1.680213
1.972646
1.647840
1.740316
1.263850
1.524994
1.875532
1.056063
1.263205
1.930719
1.879786
1.130512
1.729246
1.525435
1.875313
1.508352
1.631489
1.863733
1.643572
1.382044
1.547481
1.643665
1.882828
1.924415
1.959277
1.981227
1.113143
1.439245
1.064051
1.871176
1.410532
1.866979
1.507726
1.964213
1.746889
1.434045
1.653714
1.845013
1.807518
1.808640
1.257655
1.427857
1.635090
1.813228
1.568623
1.921089
1.692582
1.984148
1.696563
1.912787
1.513876
1.654348
1.666251
1.959216
1.435359
1.359558
1.725809
0.884740
1.522424
1.142696
1.278773
0.993882
1.935997
1.231329
1.683900
1.728061
1.557343
1.378874
1.117910
1.386537
1.084327
1.144224
1.872405
0.904678
1.318744
1.794831
1.742914
1.506321
1.615570
1.696448
1.377913
1.404436
1.736967
1.223315
1.775406
1.999949
1.910164
1.969675
1.689143
0.915938
1.203432
1.206530
1.370552
1.885662
1.292454
1.917049
1.531061
1.373175
1.454121
1.257548
1.684018
0.941495
1.688761
1.796997
1.278492
1.920947
1.730548
1.895556
1.507358
1.873300
1.935879
1.745730
1.404027
1.439798
1.205373
1.229445
1.240199
1.729102
1.070273
1.479296
1.367349
1.214506
1.346346
1.820921
1.054534
1.620951
1.722533
1.365550
1.801862
1.064185
0.818965
1.979219
0.970338
1.806661
1.910232
1.061293
1.084606
1.727925
1.839676
1.857485
0.887165
0.843566
1.703925
1.886970
1.300206
1.877309
1.637758
1.824238
0.950434
1.347382
1.228744
1.441384
1.350508
1.604754
1.539624
1.985777
1.428391
1.427122
1.982793
1.807911
1.647243
1.636434
1.601674
1.491192
