1.227125
1.749645
1.778378
1.895535
1.882886
1.920266
1.574153
1.734540
1.772457
1.853509
1.789433
1.771428
1.988255
1.933401
1.396582
1.349408
1.901772
1.677512
1.865986
1.923973
1.831412
1.824682
1.299219
1.809167
1.692684
1.787563
1.915866
1.735367
1.643498
1.742764
1.215303
1.892796
1.705632
1.968383
1.621043
1.625298
1.928785
1.814917
1.663611
1.755177
1.859277
1.951083
1.240701
1.589385
1.700324
1.643740
1.659385
1.731386
1.162799
1.972300
1.353552
1.530241
1.966107
1.695892
1.702771
1.363033
1.541153
1.442537
1.369432
1.153126
1.851243
1.486497
1.699680
1.664837
1.517628
1.873382
1.528694
1.202930
1.182906
1.882180
1.870527
1.833525
1.364783
1.424156
1.533603
1.864530
1.919103
1.857386
1.908297
1.928097
1.373559
1.924368
1.739770
1.920804
1.768053
1.937147
1.907465
1.851833
1.640842
1.895117
1.975380
1.711286
1.503313
1.556399
1.374922
1.295315
1.927294
1.824067
1.433795
1.692008
1.476929
1.929680
1.899087
1.148129
1.707180
1.973413
1.716462
1.984800
1.479828
1.759671
1.779284
1.638521
1.706063
1.551539
1.609697
1.516715
1.828778
1.733517
1.452492
1.987872
1.820033
1.491080
1.523326
1.624281
1.918429
1.075117
1.469864
1.981397
1.376408
1.756481
1.341168
1.589728
1.610543
1.620318
1.326521
1.399699
1.456094
1.859958
1.494693
1.384302
1.190560
1.485414
1.465356
1.253610
1.781253
1.855207
1.882120
1.512928
1.505057
1.590229
1.544852
1.864181
1.064690
1.283177
1.476887
1.946892
1.359425
1.557581
1.619942
1.676642
1.755787
1.271131
1.296686
1.537925
1.840139
1.803551
1.859689
1.547898
1.933321
1.977596
1.484464
1.158411
1.456209
1.996141
1.205962
1.162663
1.366031
1.331713
1.352554
1.674854
1.578304
1.888488
1.637602
1.528304
1.926534
1.933511
1.259842
1.110577
1.987224
1.838189
1.732835
1.277593
1.059385
1.928575
1.891028
1.390024
1.360906
1.452423
1.414061
1.622974
1.938245
1.579067
1.317992
1.342900
1.678868
1.732710
1.272498
1.784186
1.790957
0.995365
1.777833
1.678262
0.954052
1.820106
1.402286
1.061495
1.666509
1.897777
1.911378
1.567784
1.649094
1.651712
1.680649
1.598300
1.960544
1.132446
1.284507
1.694514
1.974760
1.473740
1.505589
1.872217
1.931994
1.511874
1.571586
1.642976
1.723371
1.512986
1.597464
1.708494
1.474682
1.561803
1.416932
1.946893
1.775333
1.642943
1.534829
1.729366
1.817800
1.488017
1.302035
1.761844
1.637979
1.660893
1.531186
1.502788
1.924421
1.504983
1.705834
1.986032
1.510753
1.890065
1.640698
1.779272
1.981167
1.567359
1.366526
1.162410
1.857052
1.136828
1.981527
1.283481
1.238933
1.900773
1.952493
1.775074
1.175578
1.488695
1.627876
1.268754
1.432642
0.957762
1.954689
1.351016
1.166860
1.324547
1.555781
1.905221
1.980249
1.304973
1.230946
1.174159
1.224231
1.790355
1.973115
1.711091
1.544396
1.507461
1.198858
1.602309
1.216768
1.373926
1.126484
1.744989
1.652962
1.750922
1.879576
1.075143
1.550783
1.708817
1.283222
1.627457
1.447384
1.956309
1.992910
1.227179
1.904480
1.679278
1.768051
1.762945
1.597148
1.247178
1.935217
1.982272
1.880011
1.517948
1.045431
1.196910
1.901361
1.938263
1.152830
1.914702
1.369904
1.691452
1.447717
0.850657
1.989477
1.559745
1.531876
0.975410
1.143058
1.820802
1.048224
0.905158
1.067944
1.978274
1.840374
1.267966
1.785620
1.605943
1.795415
1.776570
1.975316
1.905726
1.233210
1.149155
1.313908
1.448406
1.852508
1.496600
1.659709
1.877530
1.851736
1.692676
1.146172
1.730595
1.908082
1.831561
1.458513
1.439596
1.829842
1.279128
1.742387
1.781523
1.371509
1.634567
1.595955
1.238668
1.765072
1.936586
1.887248
1.363498
1.202961
1.201478
1.208430
1.150263
1.178843
1.693462
1.021641
1.402189
1.393983
1.628822
1.696721
1.513866
1.570765
1.173618
1.502934
1.869167
1.784051
1.576316
0.998617
1.159371
1.792170
1.557852
1.398347
1.519883
1.783839
1.722429
1.760718
1.855480
1.751223
1.358026
0.967822
1.339081
1.974722
1.651027
1.988151
1.281610
1.339430
1.583446
1.422402
1.468036
1.673874
1.089437
1.018537
1.311069
1.457276
1.864178
1.744926
1.606614
1.574780
1.492510
1.441499
1.817288
1.542617
1.076363
1.456677
1.427606
1.731570
1.986666
1.804545
1.293229
1.842505
1.528356
1.668756
1.014579
1.737575
1.859217
1.772760
1.130554
1.327282
1.757412
1.507383
1.477844
1.586947
1.755065
1.398142
1.935451
1.922129
1.487676
1.493647
1.802284
1.655941
1.398107
1.393300
0.902664
1.868806
0.992198
1.580759
1.196567
1.725184
1.442798
1.051064
1.960425
1.625783
1.043925
1.384525
1.420221
1.884374
1.212416
1.420400
1.774106
1.960924
1.294411
1.986796
1.884764
0.813680
1.395076
1.701240
1.018960
1.420733
1.543864
1.864287
1.462749
1.133171
1.540016
1.780479
1.992710
1.156060
1.916080
1.229963
1.803804
1.598960
1.811027
1.328634
1.453907
0.869571
1.246700
1.258251
1.468828
1.925979
1.050159
1.069188
1.380629
1.396660
1.222547
1.264993
1.731419
1.231671
1.218774
1.286660
1.275937
1.657955
1.920843
1.414132
1.135577
0.973888
1.403049
1.224071
1.185494
1.848858
1.082775
1.073445
1.864514
1.906978
1.717781
0.935044
1.706807
1.910073
1.347089
1.731357
1.911159
1.171600
1.054468
0.911225
1.958798
1.515023
1.427424
1.585066
1.757035
1.327736
1.437041
1.615882
1.570665
1.122865
1.985409
1.387422
1.316841
1.353862
1.230691
0.907117
1.407467
1.492804
1.175169
0.898984
1.875789
1.756786
1.436622
1.832054
0.941370
1.480736
1.126868
1.473977
1.740425
1.011644
1.584944
0.974577
1.227288
0.966062
1.096600
1.686568
1.462590
1.332274
1.636818
1.292104
1.283580
1.107059
1.359056
1.650326
1.528437
1.912295
1.612113
1.038222
1.585916
1.709907
1.059781
1.483496
1.682370
1.519429
1.716128
1.026012
1.471114
1.756025
1.400914
1.950448
1.376844
1.186457
0.867438
1.075798
1.955297
1.377819
1.882651
1.500894
1.651500
0.976453
1.802991
1.087755
1.321654
1.330299
1.784287
1.724606
1.903381
0.947048
1.429940
1.641491
1.860096
