1.857569
1.437539
1.865902
1.753694
1.926695
1.604342
1.926452
1.881470
1.851600
1.959851
1.822044
1.469104
1.909261
1.858750
1.994800
1.984906
1.634433
1.891959
1.867480
1.669271
1.151260
1.799253
1.876496
1.767281
1.587832
1.953735
1.787764
1.844000
1.976484
1.846053
1.953240
1.986724
1.463358
1.106809
1.217097
1.872364
1.420826
1.982580
1.817479
1.465921
1.431281
1.948710
1.792392
1.785297
1.884417
1.880998
1.603128
1.838206
1.796968
1.719018
1.869490
1.465393
1.285835
1.857670
1.825048
1.733240
1.768232
1.981057
1.752539
1.772534
1.439855
1.485400
1.987599
1.961894
1.802254
1.943617
1.813470
1.489228
1.763794
1.737064
1.614164
1.981525
1.560500
1.530644
1.209814
1.951597
1.792667
1.722606
1.668852
1.456134
1.596171
1.798287
1.952068
1.831056
1.690023
1.931866
1.645062
1.865905
1.566370
1.374725
1.925843
1.494383
1.525697
1.833928
1.596426
1.327299
1.884723
1.376370
1.677445
1.492754
1.860688
1.445109
1.693062
1.560896
1.779688
1.914930
1.932258
1.275148
1.575157
1.749697
1.486950
1.814310
1.669422
1.587715
1.999250
1.507338
1.712355
1.298596
1.610092
1.312269
1.316242
1.841039
1.287783
1.031234
1.325556
1.991965
1.955514
1.490008
1.390073
1.615552
1.221431
1.469987
1.313030
1.344772
1.954564
1.801392
1.625651
1.647164
1.857166
1.921205
1.699593
1.684195
1.986000
1.903426
1.669509
1.498761
1.966511
1.333899
1.942277
1.504029
1.778630
1.311183
1.666753
1.795458
1.975047
1.606718
1.854897
1.612525
1.851478
1.838507
1.750902
1.251603
1.534006
1.170366
1.432622
1.904428
1.388882
1.461148
1.583135
1.787356
1.685851
1.062238
1.779578
1.699071
1.521075
1.636940
1.782696
1.597002
1.240439
1.948864
1.750830
1.657863
1.538222
1.634408
1.582973
1.847344
1.972931
1.983302
1.409515
1.594319
1.420068
1.601088
1.824350
1.438769
1.419632
1.882266
1.535900
1.830601
1.893278
1.498829
1.630638
1.610965
1.431196
1.982127
1.168429
1.850381
1.193847
1.730479
1.822863
1.670126
1.188560
1.834711
1.644971
1.368016
1.860401
1.727569
1.928168
1.656980
1.858319
1.379702
1.686593
1.392645
1.804392
1.737968
1.705322
1.562610
1.606291
1.590930
1.590056
1.835977
1.446003
1.804655
1.659114
1.510844
1.404141
1.277244
1.576900
1.494311
1.814358
1.754514
1.897711
1.961188
1.323222
1.570787
1.511524
1.819936
1.758792
1.927889
1.827186
1.119802
1.555835
1.624678
1.166321
1.346956
1.945012
1.096463
1.599236
1.184993
1.436161
1.069420
1.682483
1.998507
1.739003
1.532664
1.365911
1.815581
1.426626
1.255198
1.903148
1.913558
1.525742
1.834452
1.539596
1.213376
1.493936
1.982266
1.045189
1.924698
1.472575
1.976184
1.386688
1.754049
1.135989
1.216755
1.725036
1.592766
1.042756
1.882328
1.382843
1.993757
1.573289
1.264428
1.358864
1.244130
1.734197
1.740555
1.886039
1.332515
1.647354
1.191920
1.358996
1.911718
1.434853
1.853564
1.754243
1.275507
1.472602
1.823286
1.373039
1.509373
1.861743
1.814027
1.921215
1.394734
1.818790
1.775446
1.564453
1.881218
1.853156
1.342496
1.504490
1.683609
1.822655
1.414641
1.537504
1.724248
1.499360
1.349093
1.515677
1.919812
1.840850
1.954128
1.915435
1.235657
1.582239
1.082355
1.988181
1.209331
1.861955
1.541738
1.826564
1.698018
1.361522
1.726836
1.455856
1.798616
1.833477
1.858300
1.009151
1.589722
1.900255
1.655809
1.532888
1.565883
1.558976
1.964379
1.492059
1.889870
1.929206
1.668745
1.588541
1.809443
1.617424
1.236292
1.885110
1.176659
1.597237
1.817069
1.554050
1.581290
1.144445
1.878683
1.786343
1.994546
1.447720
1.717038
1.953733
1.632247
1.363609
1.506258
1.917719
1.747931
1.711057
1.437455
1.841924
1.809865
1.689683
1.834992
1.121476
1.385614
1.620716
1.960785
1.612451
1.650063
1.707430
1.344464
1.694980
1.927094
1.692346
1.708232
1.756512
1.887535
1.886126
1.572871
1.651485
1.286714
1.441611
1.631782
1.549390
1.488900
1.902007
1.851250
1.656367
1.017891
1.647372
1.698276
1.263682
1.331897
1.053991
1.667051
1.342829
1.826801
1.994239
1.301480
1.444315
1.104012
1.402920
1.461613
1.052127
1.977648
1.828261
1.565796
1.106534
1.824107
1.824593
1.712818
1.051607
1.701733
1.775583
1.293598
1.154409
1.739650
1.848006
1.448130
1.847719
1.612675
1.856606
1.536396
1.123061
1.716794
1.810686
1.330355
1.797099
1.913617
1.949036
1.829597
1.721665
1.627336
1.957492
1.916114
1.477728
1.430760
1.618240
1.019102
1.598208
1.957650
1.526852
1.931157
1.967366
1.382664
1.413194
1.761184
1.178993
1.593895
0.840036
1.800179
1.542867
1.852456
1.920576
1.289342
1.335408
1.705258
1.491618
1.031784
1.953619
1.900153
1.636220
1.451179
1.595831
1.958330
1.245964
1.497536
1.249108
1.455833
1.371470
1.432332
1.260990
1.451796
1.122384
1.076321
1.223553
1.704471
1.810394
1.751187
1.238709
1.862083
1.894985
1.774381
1.540790
1.737494
1.946997
1.875113
1.585505
1.496631
1.166683
1.187494
1.820321
1.660147
1.365397
1.016413
1.447641
1.597497
1.512980
1.305840
1.060411
1.821217
1.206128
1.293057
1.997754
1.612657
1.022954
1.593066
1.793365
1.470578
1.158991
1.471919
1.211585
1.607841
1.407962
1.432083
1.567947
1.324110
1.882123
1.893275
1.266783
0.990311
0.976489
1.301756
1.585835
0.974038
1.172806
1.826119
1.777498
1.600362
1.686271
1.104611
1.675875
1.833700
1.163357
0.924540
1.088674
1.795754
1.823099
1.807558
1.227541
0.775691
1.726771
1.399768
1.510759
1.881531
1.290128
1.114412
1.765273
1.885924
1.700868
1.295109
1.530037
1.761547
1.598144
1.232285
1.448166
1.791263
0.983941
1.850967
1.654210
1.357036
1.557008
1.300326
1.418022
1.099376
1.962640
1.913065
1.404634
1.491381
1.632932
1.999928
1.687711
1.857139
1.910131
1.034556
0.925048
1.079998
1.333764
1.728386
1.950862
1.883231
1.873839
1.019558
1.471284
1.717150
1.246866
1.628600
1.950010
1.071184
1.828471
1.618682
1.732567
1.315175
1.932408
1.745916
1.933816
1.963785
1.069561
1.487709
1.863550
1.504220
1.490362
1.637115
1.339050
1.591168
1.735188
1.763890
1.658749
1.544595
1.739778
1.976490
1.443952
1.030854
1.722950
1.801079
1.438987
1.346299
1.761753
1.542242
1.522860
1.705885
1.741239
1.932311
1.783119
1.135731
1.286058
1.635818
1.372985
1.233828
1.989497
1.383635
0.892509
1.213356
1.927431
1.140708
1.616002
1.118478
1.325496
1.765617
1.670297
1.178045
1.901460
1.982422
1.198507
1.634676
1.841836
1.673147
1.323014
1.442295
0.849699
1.917364
1.106176
1.805042
1.653885
1.656969
1.433291
1.003459
1.463876
1.915924
1.442284
1.551953
1.697172
0.844628
1.416313
1.289190
0.932919
1.981967
1.726106
0.985983
1.867376
1.552814
1.723372
1.092706
1.628347
1.618223
1.078181
1.594937
1.070413
0.989096
1.287390
1.430985
1.104186
1.132416
1.186385
1.437844
0.908599
1.403152
1.558504
1.377271
1.229984
0.853981
1.206365
1.433186
1.735520
1.585868
1.815721
1.362137
1.182206
1.496753
1.969023
1.325718
0.995619
1.550614
1.365847
1.586796
1.056351
1.367793
1.542163
1.025834
1.071587
1.796835
1.502595
1.846123
1.799467
1.481662
1.206994
1.537211
1.708334
1.628112
1.863812
1.769400
1.036598
1.139990
1.230528
1.547482
1.909348
1.035054
1.198515
1.656699
1.712368
1.310898
1.971193
0.983506
1.737026
1.418979
1.977010
1.108742
1.299570
1.638013
1.763117
1.001788
1.439816
1.095341
1.673166
1.459701
1.489714
1.857037
1.493473
1.755833
0.837377
1.709033
1.130892
1.923325
1.648764
1.835185
1.566413
1.853479
1.395507
1.921589
1.479802
1.414039
1.883423
1.450439
1.786364
1.243830
1.631371
0.997156
1.339210
1.869635
1.337935
1.795104
0.839953
1.368827
1.853244
1.966304
1.824136
1.915235
1.610077
1.024697
1.881008
1.839983
1.067696
1.457294
1.114048
1.134796
1.041259
1.781596
1.115720
1.962214
1.311765
1.477846
1.981884
1.073575
1.970440
1.528136
0.983086
1.142580
1.593630
1.570343
1.643392
1.723991
1.086519
1.212036
1.973846
1.573253
0.866584
1.093006
1.137771
1.354113
1.789500
1.820819
