1.116012
1.398793
1.588778
1.760262
1.985073
1.827353
1.698292
1.908202
1.998430
1.546296
1.828982
1.803658
1.725737
1.713232
1.738694
1.816358
1.298035
1.923311
1.943579
1.870061
1.858034
1.777431
1.659887
1.719518
1.672554
1.645590
1.892432
1.876053
1.523276
1.442874
1.414483
1.740960
1.653629
1.946119
1.893370
1.706946
1.952629
0.990241
1.209081
1.605226
1.992073
1.652032
1.962204
1.903659
1.958108
1.979946
1.725489
1.356636
1.954886
1.933666
1.691512
1.841280
1.578828
1.505190
1.307948
1.638416
1.705087
1.993164
1.496368
1.704855
1.728040
1.990738
1.863561
1.512306
1.980011
1.428519
1.021956
1.643621
1.872369
1.980254
1.058555
1.764172
1.463356
1.221195
1.603498
1.692574
1.822218
1.553278
1.627355
1.556413
1.924904
1.770638
1.670765
1.182474
1.649983
1.915040
1.913093
1.564433
1.935675
1.812793
1.607340
1.781738
1.592825
1.257587
1.792912
1.816808
1.289463
1.896467
1.786215
1.803368
1.846863
1.745509
1.948853
1.850439
1.894023
1.130270
1.786171
1.242052
1.591552
1.306617
1.918534
1.998654
1.064231
1.766733
1.800736
1.194780
1.329088
1.254808
1.641537
1.437113
1.743968
1.921016
1.152377
1.398860
1.855089
1.416971
1.709704
1.949800
1.565381
1.461149
1.734606
1.266199
1.461199
1.643740
1.656818
1.791212
1.337785
1.846327
1.348021
1.940784
1.813855
1.449869
1.958153
1.793222
1.377185
1.280661
1.668789
1.128187
0.936710
1.447206
1.821234
1.541023
1.225713
1.665864
1.360593
1.940388
1.295494
1.674042
1.596535
1.738427
0.930098
1.447493
1.130845
1.651631
1.433996
1.278614
1.736813
1.756258
1.118046
1.864591
1.734145
1.364537
1.628930
1.914255
1.212059
1.434904
1.967411
1.756351
1.628850
1.181551
1.730300
1.156605
1.232576
1.850708
1.382641
1.172399
1.612670
1.796236
1.831278
1.975357
1.404080
1.784781
1.363333
1.608467
1.403688
1.146831
1.344825
1.163018
1.968979
1.451741
1.773565
1.751688
1.789790
1.387848
1.676984
1.636452
1.328986
1.383640
1.527732
1.946912
1.634351
1.291990
1.951609
1.752278
1.156304
1.120339
1.542092
1.651960
1.718678
1.867368
1.313054
1.406906
1.846576
1.435131
1.697799
1.585230
1.936870
1.610574
1.655474
1.734476
1.340229
1.817743
1.488081
1.476589
1.708198
1.891232
1.987677
1.820720
1.717462
1.661517
1.163573
1.501908
1.644294
1.998835
1.837199
1.418262
1.917971
1.883041
1.773049
1.955338
1.722049
1.705004
1.638522
1.799702
1.554873
1.934855
1.429641
1.831545
1.782788
1.924497
1.842513
1.869510
1.887695
1.805563
1.877951
0.954762
1.950328
1.753499
1.119545
1.026662
1.597005
1.540099
1.825123
1.877056
1.218054
1.645450
1.820718
1.199941
1.897121
1.579626
1.587677
1.659810
1.909270
1.684260
1.454943
1.950536
1.346263
1.216242
1.255248
1.440566
1.354473
1.653536
1.503933
1.684852
1.914817
1.501129
1.970563
1.894187
1.581201
1.484872
1.281607
1.241306
1.994927
1.570637
1.651572
1.494455
1.424279
1.157502
1.913127
1.735081
1.677839
1.535020
1.911006
1.396984
1.315076
1.856564
1.456692
0.940337
1.544246
1.972356
1.520943
1.046363
1.244703
1.912763
1.253924
1.238353
1.960390
1.744369
1.846522
1.343026
1.172649
1.719903
1.257850
1.645097
1.750175
1.609167
1.453679
1.284639
1.436298
1.682780
1.201329
1.820946
1.490125
1.510252
1.334057
1.836304
1.617775
1.812683
1.356639
1.780582
1.907077
1.978168
1.333162
1.309918
1.985907
1.542803
1.170391
1.112513
1.810749
1.812069
1.721541
1.618298
1.873232
1.452518
1.883912
1.219750
1.042968
1.720566
1.702437
1.583140
1.722897
1.188110
1.623835
1.357125
1.966720
1.635596
1.364137
1.589165
1.688343
1.841161
1.923933
1.621586
1.978528
1.614085
1.338110
1.170947
1.779738
1.742111
1.494984
1.333406
1.058244
1.917896
1.243379
1.731735
1.405900
1.937264
1.417806
1.274979
1.523564
1.727942
1.906098
0.848439
1.843808
1.880968
1.470936
1.865081
1.596045
1.612011
1.014635
1.165536
1.321171
1.713093
1.522535
1.766905
1.314600
1.663067
1.871268
1.927213
1.763480
1.753200
1.898963
1.786104
1.307142
1.844467
1.062098
1.580729
1.684285
1.888897
1.773287
1.113230
1.756443
1.843027
1.469319
1.536049
1.514277
1.300689
1.407513
1.580487
1.213116
1.264424
1.513525
1.048778
1.509112
1.886401
1.737151
1.891887
1.416496
1.705213
1.633137
1.767805
1.886343
1.234416
1.583623
1.882136
1.164149
1.713727
0.873941
1.466949
1.965424
1.376720
1.426490
1.546265
1.002792
1.975017
1.446308
1.496410
1.592891
1.698699
1.614808
1.705614
1.821950
1.627742
1.593903
1.031696
1.652490
1.824551
1.824691
1.881033
1.536418
1.906549
1.306111
1.770140
1.087377
1.707375
0.991914
1.311458
1.541260
1.204834
1.346861
1.612783
1.582798
1.911080
1.520393
1.537494
1.912472
1.403949
1.525494
1.818917
1.261416
1.921978
0.961044
1.923622
1.837237
1.416028
1.521346
1.631071
1.867211
1.757475
1.913633
1.499488
1.124888
1.625029
1.899270
1.990400
1.124117
1.968588
1.799579
1.188190
1.971197
1.271403
1.937703
1.599369
1.322970
1.017294
1.908198
1.306983
1.404097
1.514413
1.925348
1.959465
1.179175
1.114264
1.121760
1.219128
1.783236
1.522958
1.493981
1.024619
1.791726
1.352170
1.371709
1.702109
1.101578
1.687757
0.998276
1.125274
1.390365
1.941793
1.204643
1.949655
1.201939
1.372481
1.628468
1.473154
1.285146
1.588433
1.814886
1.652772
1.638249
1.491885
1.533540
0.976526
1.018164
1.154703
1.018494
1.387606
1.747066
1.683362
1.924168
1.087949
1.920141
0.990478
1.150705
1.637418
1.116714
1.226834
1.634308
1.966851
1.641303
1.192813
1.814844
1.042633
1.548552
1.139707
0.811541
1.516900
1.919142
1.558554
1.762553
1.691732
1.710688
1.590286
1.717800
1.066511
1.804024
1.405892
1.636246
1.577349
1.870234
1.816755
1.483622
1.063415
1.736907
1.864833
1.123964
1.024838
1.403510
1.616304
1.784105
1.896753
1.592361
1.661735
1.350606
1.472780
1.922587
1.974523
1.156189
1.879088
1.920113
1.895674
0.891283
1.257258
1.890914
1.938633
1.573409
1.931588
1.746680
1.152841
1.794633
1.761692
1.859229
1.878350
1.910193
1.856281
1.813867
1.196637
1.392994
0.907267
1.638220
1.735734
0.907992
1.960866
1.085733
1.174439
1.094148
1.518174
1.036192
1.603715
1.083206
1.528886
1.120919
1.700219
1.661251
1.643730
1.963445
1.755218
1.200835
1.834343
0.788571
1.947738
1.129309
1.165460
1.489658
1.796751
1.718077
