1.932479
1.975346
1.954098
1.974342
1.994553
1.987366
1.933513
1.903271
1.892012
1.959018
1.982646
1.963765
1.988720
1.873855
1.960506
1.821651
1.751438
1.946793
1.781818
1.810463
1.825951
1.955162
1.918885
1.857826
1.865753
1.857436
1.768749
1.710711
1.840147
1.800694
1.884410
1.694383
1.978027
1.757629
1.833415
1.931781
1.991511
1.653406
1.825128
1.774838
1.679995
1.732890
1.872197
1.747557
1.940762
1.749706
1.878919
1.833718
1.926691
1.808151
1.850064
1.623404
1.834987
1.912324
1.761588
1.522641
1.726305
1.883059
1.933424
1.919827
1.657880
1.701830
1.915033
1.655874
1.768349
1.820008
1.790410
1.753873
1.689160
1.639792
1.841116
1.859067
1.869233
1.650027
1.830890
1.998464
1.978060
1.936196
1.522079
1.531637
1.784969
1.531038
1.829158
1.509220
1.686721
1.969673
1.431517
1.989116
1.928358
1.391071
1.971208
1.585914
1.832283
1.734092
1.784735
1.808639
1.902911
1.930723
1.829124
1.702611
1.807737
1.468512
1.811302
1.877651
1.779332
1.565942
1.901206
1.498910
1.778593
1.809482
1.687154
1.783060
1.757788
1.450002
1.876035
1.886762
1.368129
1.948807
1.451171
1.766650
1.800127
1.868306
1.656828
1.446525
1.580648
1.496104
1.658955
1.731959
1.839995
1.683718
1.359594
1.971081
1.811994
1.961521
1.619915
1.564384
1.573989
1.991466
1.986011
1.410557
1.522606
1.333504
1.294507
1.736703
1.658695
1.380221
1.668586
1.160724
1.616457
1.608551
1.248772
1.673547
