1.978461
1.711383
1.913143
1.736390
1.883278
1.997695
1.976839
1.871636
1.996096
1.952744
1.890555
1.856638
1.848272
1.670549
1.962792
1.682271
1.807823
1.780576
1.956815
1.427418
1.785372
1.445239
1.936365
1.866750
1.674969
1.551224
1.951485
1.935311
1.827256
1.946283
1.749756
1.538770
1.604454
1.671303
1.884213
1.922609
1.723687
1.452502
1.904216
1.932811
1.667556
1.894163
1.893275
1.777157
1.913309
1.780087
1.772336
1.672990
1.996443
1.822272
1.756664
1.653857
1.645624
1.634129
1.545308
1.503452
1.808627
1.890805
1.463208
1.889019
1.715839
1.445891
1.913557
1.699770
1.292530
1.548217
1.654463
1.791926
1.980587
1.665627
1.766528
1.748065
1.698500
1.602730
1.534031
1.796600
1.912263
1.384110
1.657111
1.850669
1.632318
1.941759
1.475909
1.515779
1.448696
1.934649
