1.602951
1.703340
1.647979
1.797705
1.865468
1.454217
1.585482
1.859020
1.869952
1.735441
1.016300
1.360361
1.643696
1.998678
1.983434
1.939591
1.828892
1.822097
1.605192
1.552332
1.156009
1.516407
1.577880
1.645824
1.375561
1.266002
1.588350
1.973829
1.897389
1.958335
1.724941
1.452359
1.540269
1.146139
1.759535
1.808312
1.721892
1.700172
0.986439
1.932967
1.556754
1.894075
1.409566
1.157328
1.891016
1.722152
1.260792
1.795946
1.679092
1.974379
1.601820
1.963799
1.857058
1.965609
1.594668
1.007777
1.842498
1.378438
1.903121
1.764707
1.441020
1.527500
1.878290
1.386864
1.873859
1.315262
1.725470
1.957084
1.702518
1.906065
1.893681
1.405875
1.717874
1.650097
1.840521
1.684705
1.900992
1.726837
1.665793
1.441639
1.830989
1.212857
1.907535
1.863601
1.721556
1.548388
1.326160
1.784399
1.719224
1.272220
1.651254
1.742458
1.654344
1.378544
1.554634
1.241956
1.992928
1.611385
1.809925
1.212804
1.664601
1.858553
1.164502
1.285291
1.560845
1.595908
1.788882
1.431050
1.836983
1.773512
1.383032
1.427731
1.201591
1.475489
1.133952
1.559913
1.515451
1.866377
1.426586
1.589038
1.465233
1.852735
1.307532
1.387885
1.926539
1.599383
1.083008
1.553354
1.305171
1.296310
1.826377
1.737334
1.669790
1.417023
1.970769
1.755706
1.210732
1.645267
1.504233
1.655009
1.385657
1.119190
1.742042
1.517321
1.534725
1.938209
1.897956
1.470447
1.807288
1.781062
1.736581
1.895885
1.659074
1.294689
1.539004
1.932646
1.433600
1.597338
1.720763
1.395691
1.718022
1.912667
1.597039
1.461491
1.519035
1.448815
0.969472
1.881688
1.544064
1.527024
1.749698
1.129357
1.673479
1.950225
1.880850
1.808894
1.472379
1.955057
1.617597
1.744554
1.307758
1.241553
1.661946
1.845213
1.149270
1.390955
1.280278
1.399327
1.593130
1.951138
1.369727
1.077923
1.445594
1.755337
1.971830
1.544208
1.436352
0.806170
1.601207
1.526743
1.962508
1.828667
1.396148
1.998551
1.932014
1.423802
1.669734
1.563616
1.886022
1.879975
1.775754
1.819159
1.210374
1.899176
0.955734
1.029551
1.944212
1.405671
1.768142
1.312599
1.860254
1.115547
1.910628
1.784106
1.365207
1.663858
1.660627
1.715546
1.384642
1.588069
1.674887
1.195285
1.928285
1.131624
1.538681
1.564188
1.988534
1.554762
1.859219
1.749502
1.166758
1.748702
1.613496
1.854893
1.957012
1.890518
1.494814
1.501807
0.950051
1.945223
0.912291
1.766329
1.755065
1.151288
1.371982
1.747177
0.895513
1.532419
1.027956
1.642701
1.495035
1.667324
1.026457
1.713447
1.163032
1.804949
1.817972
1.267173
1.851585
1.138357
1.243458
1.808684
1.948672
1.234059
0.875590
1.960728
1.827696
1.474936
1.535416
1.817543
1.821429
1.680785
1.149529
1.843961
1.496382
1.996690
1.919610
1.640645
1.236463
1.059126
1.852134
1.809204
1.520595
1.886431
1.312374
1.135310
1.093032
1.690250
1.008733
1.846102
1.716872
1.308707
1.492890
1.418604
1.263153
1.500274
1.843179
1.999174
1.011673
1.665040
1.119965
1.547773
1.432353
1.600241
1.403034
1.451554
1.324515
1.727721
1.410183
1.682036
1.911072
1.459209
1.786719
1.713226
1.942597
1.061613
1.274769
1.701611
1.240498
1.441764
1.316524
1.957483
1.937440
1.683932
1.244900
1.784315
1.635304
0.782380
1.504706
1.639981
1.486294
1.960601
1.272908
1.909562
1.292034
1.999737
1.103664
1.937703
1.491088
1.002794
1.295166
1.140483
1.556378
1.381311
1.502917
1.858580
1.555278
1.964246
1.456234
1.988797
1.356564
1.695000
1.990415
1.777191
1.776474
1.239863
0.977312
1.294312
1.647361
1.190287
1.286424
1.072928
1.739241
1.301405
1.397331
1.348252
1.068080
1.713511
1.335369
1.108531
1.447426
1.036681
1.608427
0.795996
1.879215
1.142860
1.711637
1.808732
1.230551
1.190149
1.509357
1.132597
1.386755
1.063013
1.648402
0.991108
1.918581
1.256266
1.760731
1.253687
1.562879
1.836728
1.032784
1.994494
1.172152
1.098260
1.427026
1.733940
1.634733
