1.842920
1.891016
1.723574
1.935533
1.846275
1.435902
1.843290
1.936506
1.573752
1.693449
1.940665
1.960044
1.504560
1.465721
1.476599
1.489076
1.571009
1.947779
1.858385
1.666641
1.950706
1.382960
1.674883
1.992787
1.870104
1.705074
1.698255
1.591305
1.654128
1.925651
1.817283
1.101180
1.583532
1.655264
1.356147
1.407085
1.307456
1.444789
1.794724
1.536939
1.087533
1.504534
1.652849
1.546323
1.597294
1.770073
1.833779
1.874810
1.882815
1.098262
1.804899
1.856347
1.278874
1.950399
1.911656
1.462715
1.631151
1.754950
1.972225
1.588753
1.441848
1.771211
1.431534
1.690318
1.776108
1.033206
1.188437
1.879539
1.920862
1.984057
1.986235
1.942978
1.589856
1.248683
1.681524
1.199442
1.819791
1.871997
1.469000
1.550654
1.177192
1.702639
1.198359
1.471268
1.326232
1.620012
1.310480
1.464787
1.691478
1.305252
1.641165
1.929537
1.755649
1.228762
1.971394
1.564490
1.705830
1.324954
1.782278
1.206807
1.433307
1.751132
1.595407
1.402536
1.961093
1.599729
1.894940
1.697791
1.693704
1.855001
1.931510
1.403935
1.664950
1.736830
1.566721
1.123245
1.623918
1.858494
1.782348
1.742520
1.361471
1.878983
1.688566
1.654892
1.241254
1.598573
1.071392
1.895786
1.581073
1.854967
1.935061
1.269499
1.427395
1.766210
1.528743
1.996681
1.904372
1.453808
1.530154
1.395385
1.838321
1.957559
1.580937
1.957105
1.401760
1.791353
1.489460
1.736311
1.732479
1.318017
1.662504
1.130741
1.949142
1.837603
1.996583
1.788597
1.748830
1.880415
1.904542
1.739804
1.755196
1.706679
1.406401
1.745810
1.679012
1.304044
1.990918
1.223468
1.239040
1.713991
1.242794
1.630139
1.043366
1.682047
1.532648
1.117248
1.937605
1.238360
1.378025
1.938970
1.649071
1.589013
1.068205
1.175489
1.996719
1.584979
1.856824
1.516032
1.795427
1.971279
1.882399
1.328017
1.659821
1.838922
1.803466
1.970852
1.293333
1.595754
1.149364
0.903070
1.254434
1.147630
1.581110
1.925962
1.049433
1.053502
1.731440
1.569510
1.792237
1.812058
1.941828
1.420375
1.089200
1.476673
1.827335
1.846512
1.255538
1.920543
1.526558
1.380512
1.645628
1.640972
1.372884
1.495179
1.405066
1.770254
1.947471
1.584883
1.336537
1.602813
1.409709
1.897506
1.441992
1.970840
1.820373
1.784124
1.134126
1.153960
1.729441
1.819201
1.865062
1.618665
1.914219
1.415897
1.463716
1.571065
1.644307
1.466148
1.143915
1.966802
1.567159
1.727516
1.708103
1.594811
1.377243
1.945396
1.886918
1.653761
1.350421
1.383058
1.921218
1.299414
1.827463
1.376714
1.525578
1.636272
1.460047
1.562894
1.956895
1.880314
1.968273
1.365358
1.671635
1.208480
1.847892
1.612614
1.755158
1.949874
1.117388
1.483016
1.559345
1.499012
1.887370
1.682981
1.655493
1.717822
1.978513
1.764450
1.629394
1.478883
1.805030
1.667293
1.987992
1.958854
1.648192
1.782411
1.573072
1.351899
1.522059
1.925233
1.834788
1.735961
1.471776
1.397420
1.850097
1.345732
1.909253
1.487075
1.947395
1.274727
1.931353
1.785352
1.919001
1.524295
1.912909
1.485163
1.523095
1.335072
1.829315
1.434817
1.281087
1.307858
1.336283
1.918293
1.722169
1.836069
1.198846
1.141310
1.089809
1.362672
1.146703
1.568716
1.546048
1.642967
1.477752
1.964449
1.870310
1.900905
1.067582
1.431661
1.789716
1.790964
1.287287
1.365460
1.782865
1.970132
1.871722
1.516406
1.860257
1.971733
1.931927
1.527831
1.109892
1.830944
1.323036
1.239576
1.971797
1.699963
1.966165
1.876659
1.551441
1.502357
1.625258
1.728320
1.587414
1.779581
1.778326
1.445137
1.743854
1.838194
1.352618
1.245826
1.800474
1.396570
1.551729
1.671372
1.784262
1.551339
1.449483
1.839022
1.826198
1.368802
1.235579
1.626627
1.587900
1.915426
1.487973
1.672892
1.628872
1.597238
1.641992
1.861803
1.935411
1.569784
1.680349
1.904352
1.922592
1.131948
1.381899
1.888104
1.923851
1.817541
1.417422
1.051258
1.853712
1.731713
1.034454
1.645436
1.476576
1.253045
1.553599
1.864209
1.583417
1.585346
1.822846
1.840661
1.833609
1.698417
1.222999
1.592739
1.960133
1.571788
1.885720
1.753779
1.531431
1.445078
1.467251
1.370059
1.676341
1.424128
1.511122
1.318942
1.521639
1.681517
1.711496
1.657136
1.856363
1.829251
1.821897
1.634741
1.058660
1.475814
1.987267
1.302645
1.575962
1.743193
1.660920
1.152760
1.477163
1.778237
1.783194
1.972984
1.695731
1.110951
1.248984
1.492619
1.908885
1.558524
1.248371
1.489087
1.285127
1.362537
1.299960
1.031274
1.173213
1.506583
1.798462
1.840146
1.752847
1.320794
1.278412
1.450836
1.520386
1.923985
1.024300
1.803637
1.917131
1.611421
1.991783
1.639429
1.868912
1.861811
1.181922
1.864241
1.849580
0.944465
1.612254
1.147876
1.913630
1.899883
1.814575
1.418090
1.543352
1.495018
1.937047
1.820098
1.909379
1.236173
1.439861
1.180728
1.800443
1.419851
1.634781
1.656640
1.385982
1.799114
1.842988
1.690480
1.663598
1.507859
1.919247
1.358718
1.289976
1.679339
1.774127
1.310580
1.256312
1.258394
1.616298
1.273997
1.967443
1.177929
1.844437
1.708792
1.596928
1.271000
1.821791
1.860897
1.929565
1.714785
1.693349
1.401181
1.752633
1.676720
1.765107
1.500070
1.142074
1.342715
1.877370
1.592570
1.947157
1.319045
1.061890
1.513657
1.682992
1.813783
1.942131
0.918553
1.130898
1.929090
1.969969
1.688939
1.539225
1.389095
1.895722
1.234993
1.636380
1.793181
1.740316
1.579223
1.235561
1.407534
1.772330
1.075574
1.206165
1.070982
1.355543
1.147482
1.676370
0.987923
1.307184
1.319880
1.622393
1.448708
1.843425
1.234125
1.885268
0.897453
1.856750
1.172458
1.067730
1.343673
1.332210
1.900056
1.367223
1.230994
1.704719
1.995955
1.778212
1.233233
1.923957
1.606639
1.500338
1.368044
1.518521
1.779504
1.008255
1.035773
1.173687
1.628701
1.892860
1.247316
1.561951
1.216175
1.818814
1.566606
1.079069
1.589836
1.358656
1.370953
1.260096
1.244545
1.688356
1.248494
1.110410
1.056288
1.991336
1.471346
1.207745
1.635532
1.934650
1.703668
1.236173
1.047274
1.258281
1.635374
1.995132
1.179066
1.392277
1.494422
1.454422
1.971642
1.713999
1.378788
1.762638
1.509113
1.001923
1.362558
1.905673
1.387905
1.489661
1.708240
1.667327
1.981407
1.488604
1.229884
1.304454
1.743805
1.545996
1.646859
1.497610
1.333175
1.068390
1.712505
1.505405
1.854678
1.037052
1.836333
1.933132
1.174612
1.142759
1.767718
1.862514
0.990320
1.467067
1.344840
1.948889
1.343897
1.565915
1.623857
1.418625
1.982494
0.987468
1.695679
0.963576
1.730810
1.534626
1.473909
1.489462
0.921859
1.468145
1.192830
1.666913
1.386392
0.908225
1.455290
1.212066
1.626340
1.021244
1.235735
1.849636
1.177912
1.356001
1.533464
1.560739
1.480279
1.362650
1.890825
1.506656
1.703335
1.721696
1.383274
1.472245
1.042929
1.335440
1.863499
1.744076
0.657686
1.469521
1.687565
1.899980
1.801527
1.073377
1.418939
1.206469
1.483830
1.714495
0.956977
1.373520
1.636960
0.899915
1.239634
1.324343
1.921828
1.236435
0.904381
1.071567
1.193229
