1.929222
1.973945
1.961527
1.755788
1.736212
1.775053
1.793805
1.980844
1.995669
1.965021
1.968410
1.985201
1.784579
1.874171
1.770023
1.804931
1.765783
1.920516
1.812781
1.772907
1.992075
1.730395
1.943891
1.849729
1.977329
1.979197
1.817210
1.842877
1.889467
1.768424
1.833162
1.950522
1.966284
1.919151
1.600135
1.729284
1.861936
1.843173
1.982276
1.800496
1.792636
1.972749
1.909513
1.698771
1.861005
1.802559
1.786691
1.944978
1.789591
1.704626
1.983781
1.545398
1.994540
1.865812
1.657601
1.806310
1.765053
1.954103
1.441715
1.850891
1.859754
1.964491
1.963996
1.870314
1.690044
1.607459
1.739222
1.556386
1.650103
1.652946
1.953451
1.565829
1.477587
1.426510
1.765168
1.816575
1.649760
1.693319
1.945919
1.813078
1.761516
1.623556
1.793817
1.861078
1.621425
1.978516
1.951908
1.817996
1.777657
1.983087
1.679902
1.844247
1.892360
1.884884
1.623738
1.874641
1.879450
1.896942
1.660323
1.944117
1.729576
1.945080
1.856601
1.899895
1.833271
1.704689
1.660689
1.800448
1.673931
1.927645
1.484151
1.643854
1.719830
1.846886
1.803748
1.653975
1.422275
1.946397
1.808700
1.714801
1.679561
1.432694
1.716737
1.425905
1.402504
1.346012
1.518586
1.630318
1.801597
1.541040
1.900821
1.397767
1.609324
1.442889
1.561924
1.848702
1.733867
1.714243
1.941431
1.949951
1.713958
1.330077
1.418213
1.488602
1.762389
1.875120
1.832791
1.698370
1.373323
1.499110
1.564676
1.782086
1.524667
1.468477
1.392213
1.326945
1.984021
1.950777
1.608604
1.563963
1.934175
1.973781
1.788195
