1.980403
1.810595
1.926364
1.565310
1.628742
1.990837
1.438329
1.856956
1.049650
1.977315
1.713369
1.867936
1.952626
1.349097
1.607999
1.539388
1.622733
1.928547
1.646468
1.890412
1.873699
1.769037
1.820247
1.711991
1.414921
1.646622
1.444856
1.943625
1.602846
1.480001
1.645413
1.846880
1.780626
1.960984
1.790773
1.967227
1.616936
1.953210
1.929197
1.966143
1.921689
1.921832
1.600322
1.327470
1.568813
1.729646
1.147865
1.920242
1.712447
1.710461
1.012579
1.934181
1.720444
1.997642
1.925221
1.630425
1.518804
1.688271
1.695089
1.317476
1.922575
1.749478
1.847567
1.508514
1.408738
1.266510
1.815307
1.148231
1.834067
1.248614
1.081237
1.535692
1.556889
1.648049
1.849099
1.792866
1.570933
1.542939
1.345050
1.732211
1.765537
1.369514
1.735883
1.242220
1.720911
1.722527
1.853524
1.329397
1.692997
1.425007
1.125082
1.177000
1.475318
1.915934
1.162131
1.700935
1.305876
1.457470
1.736101
1.537564
1.892669
1.540940
1.866237
1.928856
1.717327
1.689881
1.807375
1.862794
1.747439
1.521788
1.822079
1.945313
1.254136
1.624203
1.708891
1.946187
1.983395
1.466578
1.961598
1.719897
1.244788
1.543993
1.734076
1.750388
1.763787
1.697905
1.080312
1.881901
1.801398
1.705003
1.891024
0.942940
1.560378
1.533989
1.587685
1.265398
1.433246
1.602055
1.538852
1.009564
1.510037
1.128206
1.756208
1.439273
1.488395
1.961045
1.778813
1.243852
1.433051
1.994758
1.548146
1.950446
1.960338
1.869263
1.384819
1.852263
1.010894
1.704073
1.342438
1.220028
1.613203
1.930673
1.636770
1.902963
1.728362
1.348345
1.667152
1.609056
1.786035
1.962912
1.999624
1.220850
1.191205
1.690043
1.972830
1.606141
1.624395
1.758157
1.169110
1.336959
1.432548
1.769888
1.907108
1.830640
1.628573
1.407802
1.541221
1.769468
1.897943
1.414342
1.597646
1.729683
1.522933
1.793419
1.761327
1.987444
1.542089
1.751530
1.718985
1.366750
1.485301
1.533110
1.841899
1.732292
1.399991
1.371498
1.928709
1.599348
1.173860
1.173388
1.680688
1.922998
1.708729
1.861745
1.428496
1.286701
1.727129
1.469198
1.996848
1.528117
1.837821
1.726177
1.860655
1.520054
0.851232
1.308163
1.736423
1.477344
1.165828
1.479060
1.272493
1.821765
1.539959
1.391205
1.742261
1.009226
1.122271
1.714067
1.528049
1.352590
1.933183
1.975128
1.810454
1.729800
1.789818
1.544736
1.941727
1.823594
1.789230
1.082553
1.821408
1.724048
1.549237
1.865267
1.514825
1.935605
1.667097
1.053083
1.781398
1.581072
1.492760
1.815275
1.966089
1.603385
1.285980
1.370608
1.807739
1.883298
1.089519
1.543235
1.687803
1.601995
1.676818
1.353324
1.365351
1.607606
1.673433
1.918000
1.531054
1.058783
1.428403
1.645242
0.924497
1.784741
1.882920
1.528279
1.445435
1.830229
1.867177
1.177750
1.923060
1.875761
1.892657
1.791573
1.955762
1.144196
1.315720
1.755975
1.495430
1.423767
1.368708
1.605884
1.327225
1.657574
1.879043
1.510124
1.976785
1.522103
1.133603
1.851316
1.100174
1.523958
1.874735
1.668905
1.458569
1.794878
1.522170
1.611002
1.997615
1.281129
1.241831
1.641973
1.629600
1.454970
1.865751
1.997112
1.910236
1.881648
0.965013
1.125040
1.855301
1.529869
1.406882
1.265703
1.873845
1.783298
1.448137
1.191744
1.908505
1.575984
1.462634
1.466559
1.807529
1.911377
1.807549
1.231767
1.865175
1.594940
1.749043
1.858135
1.911688
1.649120
1.932496
1.178403
1.915144
1.413492
1.109166
1.517265
1.455613
1.543325
1.330604
1.602121
1.962483
1.473669
1.248939
1.811356
1.979086
1.651221
1.361751
1.930261
1.612845
1.683658
1.746081
1.837128
1.800137
1.768438
1.214831
1.270446
0.991052
1.228371
1.420604
1.956427
1.602775
1.558375
1.959290
1.801858
1.228457
1.270583
1.120898
1.954969
1.803472
1.105906
1.428961
1.119185
1.290833
1.957196
1.578717
1.782061
1.328840
1.164883
1.343311
1.508712
1.925041
1.882198
1.379532
1.296506
1.040551
1.032722
0.991213
1.940471
1.166741
1.286275
1.809489
1.565913
1.203883
1.865677
1.129859
1.503762
1.810880
1.643173
1.410967
1.907586
1.450018
1.405389
1.574230
1.114177
1.629327
1.318691
1.986089
1.324344
1.688900
1.141575
1.883855
1.411339
1.142125
1.710772
1.549996
1.051869
1.964192
1.552535
1.975071
1.592989
1.620459
1.110310
1.981790
1.470352
1.720716
1.474721
1.768434
1.447662
1.334319
1.828868
1.506066
1.543825
0.877265
1.558659
1.646642
1.147600
1.562761
1.014664
1.356397
1.846581
1.529772
1.470674
1.770219
1.757026
1.166200
1.670422
1.720248
1.445685
1.437033
1.870715
1.433836
1.556766
1.381195
1.556466
1.934172
1.350297
1.538702
1.856777
1.741565
1.162566
1.309289
1.445172
1.612143
1.155836
1.006565
0.938911
1.633723
1.877039
1.550372
0.873918
1.812950
1.990302
1.123255
0.959334
1.996764
1.943952
1.682251
1.166769
1.971722
1.225342
1.940482
1.928538
1.833646
1.082460
1.632054
1.537108
1.849045
1.178885
1.199133
1.454383
1.772911
1.866581
1.410476
1.256607
1.468369
1.769964
0.934771
1.835824
1.977877
1.083437
1.236316
1.540860
1.430358
1.792579
1.523727
1.565821
0.810490
0.913380
1.914789
1.543099
1.494502
1.015307
1.237918
1.586381
1.132139
1.659674
1.245680
1.477839
1.295882
1.902574
1.449252
1.646477
1.739876
1.741547
1.543433
1.665755
1.278481
1.426175
1.299853
1.259057
1.388952
0.802546
1.434538
1.702043
1.408234
1.886240
1.626535
1.994794
1.378776
1.648975
1.059910
1.881646
1.208652
1.055638
1.703879
1.651021
1.773090
1.982731
1.836729
1.863711
1.119001
1.557808
1.057173
1.055006
1.531520
0.947165
1.299014
1.537985
1.239190
1.900547
1.369295
1.254304
1.486910
1.529314
1.439327
1.507000
1.119778
1.229605
1.784407
0.904163
1.885101
1.044046
0.989025
1.029001
1.819196
1.989502
1.026933
1.013955
0.981506
1.329808
1.670718
1.737427
1.351832
1.941313
1.148320
1.414040
1.084882
1.767312
0.883047
1.212093
1.389573
1.403617
1.651950
1.339260
1.974358
1.320722
0.745365
1.527051
1.292171
1.661444
0.968448
1.744666
1.914767
1.275000
1.551531
1.767575
1.368965
1.810063
0.802462
1.355063
1.863542
1.809110
1.311935
1.815237
1.922761
1.086086
1.806926
1.430222
1.979058
1.572760
1.190624
1.957206
1.420318
1.859971
1.977549
1.774035
1.914376
1.744847
1.490083
1.728627
