1.827771
1.869286
1.969669
1.815342
1.994041
1.928049
1.902317
1.857259
1.992826
1.861028
1.967242
1.896289
1.940812
1.773837
1.784464
1.944154
1.954658
1.666814
1.851903
1.938994
1.663471
1.863729
1.929635
1.987801
1.856464
1.556488
1.735277
1.888499
1.756456
1.928444
1.978397
1.782188
1.611284
1.923402
1.871626
1.672038
1.811438
1.914900
1.838624
1.993724
1.905105
1.983108
1.848475
1.628376
1.857077
1.687268
1.910577
1.914891
1.666144
1.877900
1.725440
1.641905
1.898032
1.702954
1.642546
1.903210
1.864079
1.725695
1.835324
1.755469
1.572593
1.876698
1.522811
1.647769
1.577787
1.971868
1.662711
1.851259
1.933897
1.720171
1.887630
1.920711
1.992488
1.735866
1.713197
1.889647
1.730741
1.666891
1.805247
1.870624
1.705623
1.838935
1.559823
1.903230
1.729846
1.573613
1.686214
1.772072
1.782552
1.982625
1.666883
1.739802
1.593838
1.819156
1.943564
1.870564
1.772361
1.827138
1.731630
1.918852
1.996293
1.649578
1.426436
1.956380
1.491918
1.633752
1.485696
1.587122
1.575048
1.850169
1.553968
1.610952
1.866849
1.799848
1.528904
1.872987
1.622498
1.923997
1.932008
1.698744
1.613511
1.550520
1.951884
1.578986
1.837684
1.930158
1.599149
1.641594
1.482885
1.958315
1.628391
1.913785
1.868728
1.881059
1.785272
1.459450
1.801336
1.698238
1.665935
1.910713
1.948483
1.965529
1.875069
1.578564
1.625060
1.812679
1.387403
1.819407
1.818059
1.936009
1.608548
1.425470
1.796474
1.926093
1.699602
1.262266
1.627026
1.536709
1.658291
1.469002
1.925547
1.941136
1.395991
1.989644
1.314005
1.834659
1.777935
1.532192
1.664489
1.449785
1.923819
1.722360
1.898792
1.831144
1.496594
1.592645
1.241342
1.324851
1.622237
1.797612
1.609766
1.772093
1.803879
1.783751
1.622907
