1.917238
1.849030
1.584995
1.735366
1.886453
1.937924
1.368338
1.685973
1.578886
1.497387
1.470919
1.703854
1.537967
1.467549
1.900819
1.994104
1.685576
1.900984
1.223278
1.903077
1.641173
1.383211
1.815531
1.122477
1.299291
1.651032
1.152378
1.918713
1.714544
1.535727
1.836944
1.577954
1.506348
1.528752
1.310933
1.791851
1.505557
1.931519
1.859544
1.926883
1.954857
1.861103
1.178995
1.927962
1.515659
1.360187
1.768352
1.958510
1.648677
1.857051
1.712014
1.197950
1.236782
1.616455
1.642200
1.247037
1.664992
1.580961
1.892780
1.393636
1.394058
1.880490
1.523426
1.364858
1.617367
1.792282
1.383606
1.505974
1.506464
1.241281
1.382875
1.818624
1.880986
1.832737
1.615111
1.240496
1.994272
1.659002
1.759241
1.959414
1.635875
1.772996
1.285148
1.412940
1.908179
1.573693
1.792245
1.953881
1.943751
1.566902
1.576229
1.510170
1.745691
1.666384
1.759385
1.532397
1.922950
1.720591
1.529065
1.330864
1.997248
1.647495
1.835535
1.413044
1.919863
1.974221
1.741575
1.792501
1.793908
1.665739
1.699287
1.252829
1.491798
1.095743
1.522096
1.484008
1.537663
1.811744
1.475974
1.496832
1.445110
1.130105
1.217926
1.548273
1.235170
1.892427
1.970693
1.862303
1.607414
1.729361
1.493751
1.566984
1.617096
1.819678
1.994385
1.904538
1.860930
1.962791
1.965643
1.980473
1.801800
1.081034
1.977034
1.037467
1.616408
1.564557
1.803517
1.294657
1.735350
1.905809
1.981546
1.838338
1.617953
1.775825
1.676654
1.734748
1.914471
1.292289
1.117711
1.975226
1.803271
1.477069
1.602432
1.873227
1.583829
1.452256
1.833270
1.227311
1.584820
1.974697
1.406001
1.804243
1.798724
1.597504
1.817567
1.996875
1.076645
1.729635
1.415202
1.857333
1.173041
1.393172
1.782182
1.736750
1.699676
1.424729
1.126398
1.829218
1.256354
1.876040
1.580112
1.953973
1.222622
1.216490
1.723489
1.971287
1.850758
1.226337
1.163300
1.500713
1.825038
1.962376
1.906263
1.874690
1.544347
1.834377
1.460323
1.829109
1.153455
1.509001
1.109018
1.070341
1.065928
1.488941
1.868075
1.511542
1.773202
1.445147
1.786415
1.216777
1.792276
1.315564
1.690498
1.471114
1.311223
1.549374
1.057764
1.997965
1.261308
1.856277
1.343874
1.962766
1.811057
1.886898
1.429659
1.530855
1.772415
1.353792
1.753140
1.948468
1.856080
1.822354
1.796693
1.314977
1.720837
1.629639
1.866403
1.199325
1.136019
1.616274
1.407034
1.162613
1.879738
1.257867
1.152648
1.786847
1.845106
1.573951
1.784220
1.670251
0.958166
1.298776
1.562578
1.967208
1.823567
1.657158
1.589988
1.151899
1.619330
