1.886584
1.877062
1.978184
1.899050
1.993049
1.872686
1.671497
1.936622
1.734084
1.799475
1.868536
1.950440
1.890881
1.791126
1.698491
1.876530
1.794896
1.757467
1.733593
1.419376
1.858479
1.769582
1.946514
1.904518
1.707195
1.799949
1.836085
1.934001
1.713787
1.983823
1.575439
1.801031
1.747714
1.731039
1.366648
1.750435
1.516498
1.887508
1.707918
1.699309
1.662375
1.852031
1.881432
1.551136
1.997167
1.643738
1.732908
1.896965
1.809795
1.829647
1.730703
1.587544
1.785657
1.415203
1.789993
1.720280
1.211196
1.551492
1.832046
1.776667
1.791543
1.490665
1.981765
1.294591
1.482113
1.995319
1.852858
1.812645
1.546720
1.934406
1.938375
1.892284
1.943274
1.537709
1.483263
1.920280
1.488391
1.726049
1.605559
1.877704
1.393819
1.552135
1.901300
1.532717
1.637225
1.453194
1.742731
1.922791
1.612582
1.847711
