1.990552
1.894030
1.945496
1.922493
1.888973
1.989255
1.907633
1.940941
1.729016
1.858372
1.859681
1.917910
1.720204
1.855022
1.949362
1.909528
1.974616
1.733558
1.981657
1.773735
1.684702
1.887461
1.948660
1.882743
1.997335
1.709968
1.660749
1.905886
1.734664
1.878123
1.882194
1.920703
1.641401
1.655765
1.864394
1.861924
1.941895
1.752391
1.892198
1.873466
1.610978
1.682019
1.662561
1.925098
1.879206
1.960478
1.729801
1.754032
1.999588
1.763550
1.968833
1.757115
1.603355
1.766830
1.703210
1.713733
1.670842
1.924752
1.927532
1.672018
1.544080
1.538848
1.841837
1.816817
1.777799
1.733582
1.798060
1.787320
1.878606
1.634321
1.894975
1.915502
1.661223
1.656864
1.815763
1.870648
1.804657
1.654661
1.521697
1.614195
1.873125
1.703470
1.901194
1.617287
1.741808
1.978323
1.929545
1.994147
1.976282
1.736536
1.859608
1.486216
1.907854
1.458666
1.858197
1.858548
1.335379
1.912329
1.544371
1.695577
1.615529
1.580383
1.724455
1.847082
1.436025
1.969561
1.474221
1.735996
1.647856
1.397179
1.728891
1.882617
1.921421
1.509605
1.824016
1.856861
1.311558
1.577126
1.657449
1.629069
1.996484
1.669471
1.551563
1.784430
1.900991
1.939180
1.501843
1.699921
1.410082
1.676655
1.781170
1.662503
1.754845
1.205237
1.411612
