1.887794
1.673473
1.822726
1.158203
1.949809
1.761018
1.837389
1.393693
1.739724
1.719571
1.684269
1.431029
1.787717
1.526919
1.970536
1.556509
1.889252
1.835920
1.590391
1.979681
1.539365
1.982286
1.259465
1.945019
1.685535
1.708443
1.592751
1.673723
1.534455
1.155168
1.731402
1.900279
1.929749
1.693396
1.520944
1.958712
1.878511
1.074065
1.511255
1.918639
1.942782
1.717790
1.456485
1.904321
1.894449
1.909251
1.988928
1.480262
1.501933
1.785122
1.597432
1.861370
1.654153
1.801834
1.395234
1.849906
1.684306
1.719710
1.369203
1.687937
1.680087
1.828158
1.481317
1.821960
1.883765
1.812517
1.854642
1.896095
1.948893
1.591068
1.679391
1.273378
1.991900
1.098730
1.869711
1.714775
1.463612
1.623345
1.914646
1.424482
1.938547
1.679224
1.739419
1.596309
1.423806
1.835080
1.665497
1.851758
1.593435
1.701644
1.421135
1.473829
1.603676
1.755716
1.740690
1.932683
1.809431
1.568946
1.997780
1.377396
1.418490
1.950216
1.730023
1.977967
1.390884
1.457187
1.468362
1.232000
1.418643
1.617797
1.801429
1.517696
1.603972
1.828996
1.863978
1.520587
1.548136
1.547526
1.841997
1.734602
1.541518
1.478910
1.571727
1.900399
1.710864
1.898650
1.795191
1.176378
1.675177
1.659666
1.564586
1.993516
1.490126
1.430888
1.270667
1.698182
1.187826
1.633844
1.702891
1.761010
1.774532
1.998724
1.991472
1.620196
1.706220
1.742917
1.630472
1.744921
1.378374
1.767128
1.956571
1.425571
1.737887
1.777103
1.231166
1.709379
1.732472
1.568683
1.446303
1.062724
1.619162
1.822439
1.133709
1.420652
1.942878
1.157349
1.451156
1.239016
1.975318
1.256609
1.926108
1.850641
1.358019
0.911731
1.649730
1.843057
1.649291
1.545085
1.734504
1.927989
1.692562
1.957271
1.182498
1.425656
1.810820
1.918000
1.772917
1.978475
1.738866
1.493157
1.450206
1.722580
1.203565
1.847154
1.913939
1.231126
1.650987
1.781980
1.943446
1.805766
1.151791
1.903696
1.514151
1.953662
1.574060
1.695729
1.974732
1.495997
1.714134
1.363044
1.423263
1.528691
1.892771
1.814904
1.558403
1.552331
1.985609
1.752459
1.724939
1.350296
1.815542
1.459770
1.625291
1.960128
1.081426
1.472450
1.545838
1.730757
1.786324
1.686028
1.607486
1.911693
1.588322
1.868367
1.974702
1.738200
1.803823
1.982372
1.546230
1.858999
1.835620
1.533625
1.703573
1.267155
1.997646
1.279400
0.997523
1.860802
1.508840
1.326412
1.374044
1.245189
1.856804
1.349321
1.303275
1.617505
1.928719
1.362784
1.836526
1.920467
0.759944
1.581377
1.909128
1.942414
1.869372
1.427619
1.503049
1.520179
1.663820
1.948300
1.960492
1.345361
1.425719
1.752922
1.636836
1.531681
1.301099
1.310088
1.419003
1.835796
1.498684
1.921960
1.346986
1.394780
1.268867
1.418419
1.390937
1.944316
1.136322
1.439343
1.789511
1.998450
1.027587
1.751003
1.577964
1.794822
1.528998
1.447851
1.537339
1.880272
1.582653
1.775351
1.933883
1.366255
1.943198
1.127231
1.812172
1.653271
1.391027
1.677010
1.511944
1.419126
1.742625
1.916134
1.979389
1.752032
1.289659
1.583033
1.733693
1.650203
1.727220
1.999159
1.435692
1.269161
1.555804
1.696038
1.976822
1.135776
1.626168
1.715378
1.688520
1.690332
1.005833
1.247940
1.456441
1.728606
1.177407
1.590035
1.890754
1.713340
1.966766
1.762213
1.208907
1.541680
1.883833
1.697331
1.970367
1.332023
1.086312
1.999572
1.732366
1.172947
1.141745
1.938013
1.798795
1.357798
1.530478
1.266792
1.823628
1.871703
1.993681
1.253222
1.731148
1.519659
1.753614
1.419148
1.942817
1.757101
1.983521
1.772170
1.138306
1.577555
1.948503
1.717181
1.944103
1.495774
1.538439
1.733847
1.162441
1.973342
1.809645
1.582279
1.693004
1.485007
1.974677
1.895587
1.591659
0.996010
1.952819
1.655107
1.409796
1.429314
1.526640
1.840316
1.870677
1.460795
1.908245
1.964308
1.536949
1.617618
1.395279
1.593918
1.331723
1.288079
1.438003
1.845789
1.843621
1.168471
1.259124
1.279343
1.985490
1.250235
1.484640
1.109487
1.227871
1.923376
1.255053
1.792863
1.139070
1.316324
1.977507
1.652734
1.246709
1.825144
1.264976
1.626759
1.281719
1.172962
1.510706
1.131232
1.329262
1.565224
1.852868
1.392569
1.545544
1.863538
1.362964
1.403701
1.346438
1.904135
1.522531
1.488383
1.994079
1.141374
1.981128
1.414598
1.862436
1.075959
1.730044
1.597349
1.840246
1.764379
1.951763
1.344262
1.240132
1.470878
1.056034
1.975984
1.527901
1.478908
1.749645
1.626498
1.656505
1.933766
1.241762
1.977665
1.835988
1.392573
1.455344
1.207080
1.970290
1.809217
1.678529
1.170179
1.030489
1.159958
1.037844
1.922060
0.846498
1.414510
1.240112
1.301403
1.691259
1.842941
1.060636
1.999468
1.937459
1.678359
1.646023
1.822519
1.684322
1.342722
1.865136
1.483896
1.153737
1.630237
1.055359
1.195880
1.436760
1.856058
1.437620
1.606082
1.938309
1.488396
1.867626
1.572795
1.894296
0.939380
1.877576
1.971287
1.621890
1.983848
1.390917
1.261009
1.841944
1.255777
1.265578
1.990069
1.960950
1.962008
1.697314
1.396598
1.988470
1.301266
1.972124
1.052376
1.879822
1.786002
1.596096
1.895065
1.725581
1.049700
1.437932
1.193568
1.820371
1.910131
1.569872
1.840508
1.260090
1.764168
1.655178
1.548998
1.078271
1.740374
1.844858
1.792808
1.806732
1.361244
1.231476
1.865289
1.303595
1.361838
1.062898
1.777024
1.759829
1.158993
1.956174
1.583662
1.699747
1.503395
1.469356
1.720959
1.499872
1.919199
1.872601
1.922220
1.985330
1.362447
1.910648
1.308901
1.507427
1.276959
1.573269
1.490529
1.411145
1.977940
1.342583
1.622045
0.918647
1.827132
1.939236
1.207552
1.891155
1.412623
0.974480
1.663027
1.530446
1.232049
1.947810
1.189162
0.974890
1.826656
1.729188
1.418808
1.455485
1.041635
1.626523
1.936011
1.828503
1.259680
1.714765
1.060463
1.876284
1.879395
1.549104
1.369379
1.372265
1.762634
1.821714
1.493814
0.963243
1.488444
1.905184
1.315553
1.545896
0.987375
1.790508
0.867354
1.516493
1.204343
1.226723
1.185839
1.529062
1.199619
1.538585
1.562955
1.340917
1.837694
1.577422
1.078377
1.444761
1.867350
1.767517
1.895169
1.507191
1.410728
0.790120
1.076818
1.950689
1.369545
1.333568
0.997221
1.931663
1.419667
1.580622
1.861528
1.091179
1.728361
1.834868
1.382126
1.238664
1.041837
1.024521
1.651725
1.261140
1.346738
1.973529
1.470742
1.059281
1.025298
1.437459
1.405909
1.393114
1.376591
1.794099
1.975891
1.063509
1.255795
1.827986
1.462053
1.704988
1.924397
0.991332
1.614005
1.762979
1.835732
1.792659
1.605119
1.235869
1.953445
1.401666
0.889437
1.536734
1.702054
1.424100
1.524819
1.982558
1.213993
1.653185
1.817433
1.797636
1.475256
1.017413
1.323559
0.961894
1.441176
1.311755
1.210954
1.913018
1.241818
1.456697
1.119179
1.333200
0.963894
1.247501
1.133540
1.109594
1.449706
1.863737
1.656328
1.597478
1.077437
1.026757
1.292031
1.964668
1.084409
1.477436
1.405619
1.039568
1.880719
1.191930
1.865434
1.329540
1.346772
1.060664
1.023683
1.412837
0.954035
0.938710
1.388368
1.866356
1.021072
1.152799
1.432678
1.084030
0.951555
1.905762
1.180997
1.092021
1.661044
1.665099
1.022578
1.417313
1.769622
1.934862
1.888105
1.215608
1.980272
1.768964
1.413100
1.742621
1.435569
1.156405
1.379949
1.550484
1.505913
1.952598
1.892218
1.696674
1.618122
0.848665
1.023882
1.662468
1.643427
1.777602
