1.804044
1.818129
1.804508
1.963214
1.987474
1.716070
1.977088
1.811217
1.632438
1.770324
1.394706
1.755487
1.546928
1.966683
1.930658
1.995771
1.478512
1.633002
1.531064
1.763224
1.542826
1.203311
1.435969
1.933341
1.367393
1.703321
1.876569
1.693060
1.873694
1.998306
1.590649
1.980029
1.487064
1.760526
1.928852
1.897469
1.963890
1.772409
1.914106
1.988765
1.389220
1.606778
1.766000
1.874041
1.961341
1.668282
1.789067
1.795947
1.973995
1.951697
1.768072
1.797334
1.805517
1.743475
1.444112
1.904654
1.893458
1.947488
1.522899
1.598640
1.413538
1.786036
1.875156
1.506528
1.607832
1.876383
1.976441
1.220273
1.659399
1.812926
1.857383
1.458024
1.328032
1.552923
1.913274
1.995973
1.754442
1.919348
1.940134
1.931892
1.834445
1.667133
1.677904
1.619071
1.293168
1.583625
1.902088
1.540267
1.643146
1.628266
1.509113
1.833555
1.832769
1.629208
1.769718
1.913031
1.642737
1.582551
1.307855
1.993457
1.800976
1.959620
1.335900
1.808991
1.457187
1.842463
1.745373
1.517360
1.903009
1.682095
1.423231
1.481150
1.932578
1.752707
1.358139
1.740351
1.945945
1.575209
1.660233
1.653034
1.724273
1.675143
1.695695
1.624758
1.579071
1.736448
1.624943
1.580759
1.795269
1.996952
1.750970
1.683651
1.948732
1.629819
1.727065
1.424695
1.733687
1.982056
1.533180
1.657439
1.530330
1.721819
1.498602
1.951735
1.685365
1.932768
1.859023
1.280534
1.748015
1.669433
1.960496
1.739594
1.581318
1.948606
1.563313
1.395620
1.768051
1.166714
1.791655
1.266111
1.895642
1.319987
1.648339
1.862984
1.381853
1.686865
1.283244
1.947465
1.496144
1.579682
1.709438
0.955872
1.844687
1.751521
1.609572
1.221437
1.429751
1.990493
1.523803
1.139996
1.817908
1.938714
1.231786
1.417704
1.951024
1.964421
1.505385
1.777832
1.346935
1.399777
1.828793
1.747737
1.694710
1.388288
1.695568
1.779840
1.986961
1.866113
1.706095
1.855324
1.958951
1.564429
1.859220
1.860671
1.350143
1.636319
1.727339
1.874919
1.427079
1.380943
1.839863
1.772662
1.778677
1.139118
1.694758
1.659647
1.172763
1.866020
1.717268
1.907707
1.518681
1.794438
1.974723
1.692791
1.506691
1.546498
1.404133
1.595743
1.911974
1.697567
1.261074
1.287087
1.895941
1.714145
1.968524
1.753286
1.884563
1.844741
1.261508
1.988486
1.366947
0.918516
1.637992
1.800577
1.405224
1.632661
1.767149
1.952949
1.274367
1.987804
1.753705
1.887490
1.708578
1.360038
1.289390
1.812064
1.724633
1.827110
1.508639
1.140985
1.698093
1.840091
1.636963
1.855474
1.900027
1.468624
1.451246
1.514528
1.928258
1.649852
1.874664
1.899893
1.337130
1.279536
1.680898
1.815831
1.380459
1.595845
1.713628
1.202211
1.524741
1.450435
1.759259
1.552494
1.702720
1.572436
1.646912
1.842002
1.581541
1.748411
1.814606
1.488543
1.896580
1.995741
1.571709
1.464348
1.172923
1.678682
1.417709
1.535565
1.758973
1.343531
1.804365
1.598736
1.379817
1.883999
1.838752
1.890101
1.419889
1.685143
1.446653
1.438084
1.828716
1.384468
1.575482
1.438628
1.848206
1.434477
1.572377
1.764402
1.377158
1.665798
1.403359
1.476243
1.486969
1.260220
1.571535
1.944475
0.960096
1.952491
1.595401
1.963548
1.375008
1.273874
1.631474
1.978409
1.366478
1.534024
1.863170
1.499660
1.675786
1.382721
1.912566
1.659521
1.581236
1.296421
1.798977
1.893345
1.996602
1.949511
1.345958
1.782102
1.110163
1.647354
1.730329
1.146389
1.668868
1.131333
1.303306
1.161718
1.951719
1.976694
1.668824
1.449504
1.946557
1.313285
1.384770
1.783779
1.501444
1.967999
1.647744
1.374007
1.288263
1.965765
1.169842
1.706356
1.778559
1.707184
1.642099
1.582419
1.324088
1.289050
1.538880
1.277106
1.873012
1.138636
1.277078
1.421760
1.062082
1.730978
1.323448
1.467581
1.680928
1.102459
1.928427
1.801589
1.950091
1.655556
1.828739
1.109798
1.985039
1.906044
1.886613
1.810077
1.243575
1.227858
1.484211
1.895816
1.665691
1.857866
1.605539
1.620234
1.907399
1.747052
1.729766
1.807006
1.871799
1.978195
1.934060
1.745219
1.699855
1.702998
1.403900
1.294570
1.433455
1.342168
1.139429
1.749438
1.771814
1.068767
1.869331
1.208995
0.974921
1.958268
1.598393
1.021920
1.567323
1.842202
1.337739
1.561226
1.807177
1.859032
1.155931
1.186197
1.829163
1.038152
1.794007
1.277026
1.515082
1.774568
1.337096
1.464921
1.895902
1.783478
1.236093
1.439700
1.650062
1.244031
1.404799
1.495099
1.814952
1.189119
1.147408
1.769711
1.320595
1.835623
1.825762
1.394834
1.738532
1.887279
1.405002
1.868104
1.906345
1.656989
1.336008
1.840795
1.965993
1.627581
1.749740
1.219586
1.871411
1.027320
1.326784
1.996694
1.504953
1.839877
1.755927
1.919112
1.161946
1.416037
1.983101
1.380123
1.953305
1.724011
1.414192
1.298600
1.902530
1.240887
1.781712
1.359668
1.553433
1.401367
1.476000
1.704868
1.933086
1.549615
1.533498
1.999584
1.365747
1.396268
1.548242
0.952732
1.933526
1.398941
1.611045
1.425800
1.364727
1.314341
0.928560
1.871826
1.996813
1.748817
1.946877
1.774013
1.111835
1.160010
1.805692
1.379654
1.791885
1.600798
1.926582
1.107299
1.020749
1.997583
0.888939
1.805840
1.501579
1.422808
1.701788
1.537085
1.362252
1.872327
1.604627
1.415270
1.728036
1.569357
1.991462
1.956218
1.812289
1.966765
1.993191
1.700770
1.823525
1.757019
1.294717
1.939200
1.240359
1.987905
1.288255
1.949747
1.715673
1.693880
1.802151
1.985900
1.455145
1.717881
1.398102
1.909088
1.416073
1.564823
1.304488
1.730576
1.431722
1.845184
1.864158
1.890808
1.957763
1.501940
1.599596
1.242012
1.632477
1.465909
1.693131
1.453228
1.352506
1.728774
1.154250
1.042334
1.984979
1.874297
1.641709
1.318572
1.605386
1.234773
1.939098
1.972927
1.814733
1.132111
1.425964
1.486536
1.345794
1.636242
1.855945
1.985205
1.697716
1.899473
1.736305
1.265003
1.694167
1.648279
1.514786
0.905311
1.553700
1.381112
1.649311
1.631579
1.229880
1.160583
1.996679
1.071523
1.676600
1.990323
1.149339
1.948446
1.788319
1.654967
1.854997
1.626919
1.127841
1.028618
1.618838
1.864334
1.026193
1.035152
1.679398
1.380416
1.639270
1.527061
1.296687
1.043375
1.801515
1.435406
1.180089
1.795137
1.016399
1.163430
1.482245
1.455004
1.135592
1.768768
1.767641
1.711203
1.855168
0.892168
1.024848
1.061465
1.338983
0.889785
1.469309
1.347223
1.309854
1.670041
1.010530
1.706865
1.164855
1.499201
1.888722
1.699629
1.664390
1.604426
1.429369
1.745495
1.670281
1.332294
1.296012
1.928020
1.342257
1.559701
1.291189
0.932988
1.486096
1.717654
1.559769
1.423681
1.279887
1.854923
1.295365
1.671701
1.342736
0.924124
1.189307
1.927797
1.858712
1.486326
1.781587
1.428445
1.393978
1.439644
1.041772
1.111781
1.555535
1.616591
1.886612
1.664624
1.741927
1.527848
1.576504
1.326122
1.970849
1.181626
1.209164
1.500959
1.909258
1.526775
1.455652
1.651394
0.864737
1.795741
1.889652
1.682251
1.936804
1.398716
1.450024
1.667818
1.940982
1.789414
1.775851
1.734244
1.998761
1.394180
1.501947
1.043759
1.690956
1.081963
1.153856
1.528295
1.299568
0.859130
1.927013
1.954625
1.892128
1.300144
1.527090
1.090352
1.940742
1.721985
1.020079
1.904223
1.987834
1.822750
1.265453
1.822986
1.929401
0.828394
1.679775
1.686004
1.716185
1.187610
1.161294
1.587632
1.032513
1.919961
1.634824
1.402010
1.629914
1.951986
1.957286
1.666357
1.966883
1.723397
0.900123
1.351272
1.175052
1.823448
1.476518
1.710150
1.708199
1.670301
1.714110
1.478578
1.453504
1.721425
1.593909
1.494399
1.291542
1.238977
1.474608
1.781741
1.588963
1.188669
1.398469
1.646645
1.839516
0.878981
1.637683
1.190351
1.500024
1.378265
1.823169
1.852083
1.756789
1.877486
1.857759
1.274023
1.805345
0.782916
1.470109
0.889189
1.568502
1.624236
1.301629
1.395409
1.362828
1.826735
1.448055
1.272033
1.768793
0.796144
0.930489
0.795949
0.761638
1.351647
1.771144
1.006334
0.807172
1.528437
1.942714
