1.926979
1.815600
1.860090
1.912575
1.882036
1.992294
1.995715
1.729463
1.727857
1.854073
1.989095
1.872405
1.939473
1.952387
1.851774
1.659606
1.968482
1.888862
1.787474
1.945345
1.971461
1.999990
1.934794
1.919430
1.927033
1.971586
1.836412
1.765893
1.836718
1.707621
1.888998
1.523674
1.799322
1.909851
1.858652
1.896362
1.808400
1.863455
1.976779
1.979078
1.809642
1.950319
1.870348
1.849822
1.938550
1.937720
1.939631
1.917035
1.844282
1.911900
1.989967
1.912730
1.761711
1.707262
1.882191
1.609383
1.878396
1.777840
1.786181
1.870798
1.746262
1.939389
1.902517
1.878863
1.705171
1.938050
1.883158
1.620921
1.655687
1.793031
1.958049
1.957000
1.587168
1.627948
1.595009
1.718721
1.632250
1.920489
1.765737
1.873352
1.728982
1.679468
1.983370
1.882615
1.912747
1.856699
1.831933
1.694964
1.718343
1.799953
1.781101
1.863755
1.923034
1.712566
1.943481
1.913993
1.917483
1.751284
1.672447
1.937409
1.575598
1.616722
1.739479
1.811920
1.897666
1.802866
1.866305
1.752188
1.814700
1.933811
1.949389
1.950091
1.978178
1.994272
1.416529
1.482124
1.541130
1.520723
1.868461
1.972724
1.767953
1.968627
1.898463
1.829050
1.581594
1.868385
1.660609
1.494634
1.657809
1.987888
1.955737
1.450968
1.773653
1.460568
1.805150
1.462941
1.395838
1.660182
1.924061
1.869916
1.369087
1.763246
1.785550
1.640880
1.676846
1.492176
1.622782
1.503621
1.843064
1.561310
1.462474
1.993205
1.589739
1.329862
1.784344
1.940086
1.555850
1.738396
1.846037
1.715708
1.543296
1.919320
1.487967
1.571169
1.427644
1.697992
1.956564
1.691627
1.241507
1.998725
1.533155
1.402239
1.459690
1.745817
1.450958
1.684083
1.831261
