1.897572
1.778745
1.985212
1.992092
1.838227
1.851252
1.940226
1.943355
1.917040
1.912302
1.789458
1.822103
1.993190
1.726035
1.891688
1.990230
1.998333
1.770845
1.659941
1.811658
1.836611
1.714410
1.940148
1.896072
1.841806
1.965871
1.761714
1.719322
1.748318
1.861187
1.905627
1.988696
1.747384
1.899186
1.916611
1.906882
1.875374
1.805724
1.797099
1.850646
1.539789
1.548031
1.890097
1.837532
1.845208
1.841077
1.993226
1.963537
1.646962
1.777042
1.957528
1.900819
1.897707
1.957544
1.702686
1.979779
1.957416
1.778593
1.764124
1.967506
1.764734
1.865617
1.954882
1.870494
1.835851
1.671105
1.653014
1.944552
1.859465
1.833318
1.550732
1.941574
1.980073
1.946652
1.617347
1.927656
1.926784
1.902084
1.988934
1.953011
1.987655
1.908265
1.929690
1.583750
1.936350
1.940022
1.607111
1.535995
1.670674
1.559308
1.875566
1.726536
1.887958
1.858404
1.848769
1.990565
1.865072
1.779319
1.898148
1.441596
1.417489
1.792126
1.933785
1.920006
1.587359
1.952202
1.581365
1.839090
1.886453
1.939336
1.902764
1.528594
1.886143
1.492781
1.990789
1.633446
1.510761
1.324162
1.955927
1.836704
1.685002
1.793889
1.752766
1.680171
1.680849
1.581529
1.767637
1.536561
1.577076
1.583555
1.757522
1.975615
1.573034
1.479618
1.741701
1.968888
1.931925
1.851067
1.790456
1.436874
1.666701
1.919924
1.992775
1.520545
1.497223
1.650997
1.983058
1.380759
1.636169
1.916379
1.627012
1.668298
1.665405
1.933216
1.926389
1.993836
1.380938
1.904920
1.595455
1.482590
1.558296
1.505032
1.619451
1.868263
1.926110
1.644807
1.252104
1.317235
1.711557
