1.833805
1.948216
1.894510
1.998728
1.988024
1.990479
1.950201
1.804154
1.961429
1.971695
1.926815
1.607837
1.505913
1.947525
1.885913
1.983778
1.927922
1.722291
1.926267
1.918857
1.945020
1.880446
1.775352
1.853793
1.859271
1.992523
1.778455
1.723637
1.723238
1.947344
1.997395
1.723636
1.921526
1.988562
1.871971
1.811516
1.758164
1.862231
1.993824
1.776802
1.788332
1.938147
1.632942
1.521908
1.798861
1.803427
1.760595
1.982122
1.954443
1.558192
1.723626
1.717301
1.943708
1.861794
1.921404
1.785324
1.582589
1.552606
1.669074
1.860722
1.495498
1.795496
1.603334
1.652870
1.850956
1.433969
1.926683
1.892974
1.872719
1.698149
1.864948
1.810359
1.559297
1.978697
1.988615
1.379168
1.214951
1.947743
1.875491
1.363975
1.371464
