1.848323
1.972342
1.977070
1.907810
1.891607
1.999730
1.922027
1.908384
1.820053
1.916872
1.926817
1.990484
1.950829
1.994404
1.986934
1.938328
1.720800
1.727180
1.912520
1.870902
1.848831
1.929921
1.963346
1.834603
1.722488
1.707653
1.934586
1.839939
1.744043
1.607105
1.993625
1.909766
1.604621
1.883361
1.943747
1.841441
1.778566
1.849229
1.725653
1.739312
1.786568
1.637678
1.844329
1.855292
1.857051
1.616496
1.996907
1.723648
1.670263
1.829989
1.750292
1.840363
1.595737
1.984491
1.914905
1.988392
1.555365
1.934991
1.665466
1.892653
1.983442
1.866980
1.960967
1.670343
1.678429
1.756023
1.685176
1.737736
1.830068
1.821568
1.913637
1.708927
1.940001
1.937513
1.672413
1.852677
1.681864
1.833399
1.917058
1.728003
1.586530
1.986604
1.927136
1.691459
1.955546
1.974157
1.773525
1.693672
1.944297
1.952351
1.930895
1.773360
1.885221
1.767521
1.754080
1.641575
1.755435
1.861881
1.973341
1.942746
1.776091
1.779067
1.844875
1.791099
1.789087
1.885222
1.927426
1.899772
1.640333
1.657595
1.947126
1.873972
1.609339
1.714253
1.949102
1.512526
1.959936
1.974960
1.832884
1.555219
1.853710
1.536918
1.558109
1.663499
1.603064
1.827706
1.892953
1.764833
1.860244
1.430132
1.267800
1.682085
1.667415
1.993720
1.575606
1.859131
1.673986
1.995909
1.535563
1.625841
1.480334
1.740402
1.782716
1.577467
1.873948
1.982187
1.703317
1.478928
1.920184
1.502395
1.870782
1.694001
1.556319
1.785131
1.772478
1.465974
1.352301
1.671590
1.931213
1.426895
1.953791
1.196464
1.968044
1.549661
1.629855
1.813672
1.360992
1.986551
1.934847
1.114095
1.810056
