1.889652
1.959263
1.985508
1.933663
1.943553
1.965423
1.976992
1.893623
1.933606
1.919754
1.839552
1.925581
1.873064
1.897902
1.732313
1.826468
1.827602
1.920387
1.924719
1.956365
1.992597
1.758712
1.982836
1.955984
1.869027
1.829739
1.870758
1.810722
1.769588
1.996496
1.988783
1.963387
1.750907
1.663172
1.943202
1.764993
1.583500
1.947474
1.974648
1.512896
1.805994
1.721795
1.957935
1.856944
1.991466
1.464867
1.771400
1.879873
1.768821
1.860839
1.932939
1.793742
1.991412
1.648891
1.861836
1.994918
1.852680
1.682118
1.934723
1.906176
1.950965
1.799123
1.829830
1.999275
1.790004
1.887359
1.807835
1.682643
1.855228
1.839266
1.957031
1.957989
1.920548
1.901661
1.910646
1.856154
1.924316
1.759464
1.545384
1.893018
1.576113
1.795116
1.706935
1.622442
1.651207
1.893661
1.708399
1.567856
1.961758
1.971630
1.951920
1.965408
1.774530
1.495577
1.720922
1.533856
1.732629
1.860678
1.703131
1.973131
1.938228
1.501608
1.700865
1.807956
1.614965
1.621737
1.713144
1.916193
1.533216
1.929844
1.505393
1.707879
1.476421
1.963895
1.830544
1.892580
1.608816
1.924140
1.972528
1.884629
1.901420
1.724774
1.881545
1.423107
1.753080
1.527294
1.556627
1.998162
1.877440
1.470834
1.724529
1.895560
1.740881
1.576060
1.651185
1.862886
1.520197
1.527690
1.497019
1.622490
1.700110
1.436310
1.970810
1.448302
1.464506
1.905807
1.997371
1.421629
1.848362
1.676692
1.795698
1.964591
1.616507
1.392038
1.810306
1.575598
1.911053
1.410322
1.512836
1.450810
1.409820
1.823831
1.703175
1.503736
1.503785
1.599759
1.709383
1.951961
1.773520
