1.334135
1.640620
1.786854
1.779423
1.792147
1.419286
1.615639
1.892438
1.339616
1.702223
1.282145
1.997348
1.466972
1.381078
1.267720
1.664829
1.946156
1.759264
1.621748
1.759069
1.512476
1.826041
1.910383
1.748852
1.903561
1.777950
1.765401
1.814670
1.862723
1.236861
1.671368
1.375661
1.007757
1.760705
1.658078
1.977822
1.982531
1.648960
1.991495
1.967130
1.035513
1.425280
1.727738
1.274789
1.822116
1.645429
1.767518
1.474954
1.676811
1.966613
1.682432
1.600384
1.933467
1.603808
1.868499
1.608745
1.814971
1.958418
1.527753
1.393693
1.993474
1.545875
1.642923
1.260730
1.982448
1.614686
0.990580
1.985347
1.654244
1.762048
1.983649
1.302938
1.822307
1.533393
1.496505
1.698115
1.567088
1.302614
1.726527
1.436465
1.514347
1.921314
1.673219
1.605472
1.877005
1.856059
1.272741
1.815424
1.465943
1.801325
1.737359
1.176145
1.967679
1.479300
1.594100
0.974572
1.534992
1.996245
1.359025
1.801354
1.941705
1.831618
1.735874
1.062173
1.781673
1.892717
1.289403
1.296993
1.584341
1.727670
1.550820
1.184099
1.995499
1.123601
1.926846
1.971639
1.590186
1.821945
1.975998
1.594691
1.730651
1.866366
1.699341
1.850221
1.237475
1.482242
1.275134
1.137377
1.717480
1.254092
1.274906
1.269132
1.535797
1.888642
1.547871
1.271005
1.926205
1.917710
1.933337
1.912166
1.880421
1.236702
1.987165
1.869789
1.628005
1.624160
1.861955
1.374685
1.846088
1.789041
1.765127
1.412684
1.939973
1.677734
1.728940
1.453579
1.911024
1.348817
1.886565
1.589986
1.743367
1.996872
1.558460
0.946106
1.552741
1.900322
1.972038
1.524513
1.036548
1.640931
0.976926
1.861632
1.967852
1.404428
1.188138
1.694166
1.987514
1.316509
1.821423
1.490101
1.880313
1.410887
1.544778
1.882985
1.485476
1.249258
1.941869
1.425594
1.275969
1.665351
1.829260
1.708712
1.980728
1.931686
1.837527
1.720759
1.356578
1.544401
1.669885
1.863307
1.662106
1.351402
1.572629
1.752332
1.312218
1.890389
1.560515
1.257152
1.879484
1.654976
1.541259
1.768849
1.301630
1.345186
1.762599
1.219660
1.551548
1.251002
1.806205
1.685644
1.355019
1.641899
1.792934
1.256329
1.919807
1.551266
1.890090
1.332768
1.898718
1.646754
1.848347
1.760708
1.689045
1.556629
1.367331
1.313179
1.212365
1.493707
1.981893
1.901811
1.792195
1.869404
1.589622
1.919632
1.482291
1.462110
1.760787
1.588845
1.210779
1.811246
0.880702
1.782545
1.122017
1.796680
1.389475
1.863265
1.499758
1.047134
1.423236
1.850784
1.886810
1.488349
1.637556
1.773773
1.875754
1.781086
1.857062
1.938235
1.468607
1.155366
1.979390
1.822167
0.948045
1.703811
1.490714
1.967835
1.437436
1.129597
1.248771
1.771468
1.021861
1.988830
1.849434
1.148550
1.736777
1.550566
1.844039
1.357732
1.453315
1.584227
1.862492
1.504249
1.623120
1.398580
1.841791
1.515554
1.172667
1.832803
1.215905
1.871964
1.588840
1.414982
1.699417
1.812342
1.486149
1.681380
1.868782
1.798592
1.528668
1.619994
1.470846
1.407813
1.895728
1.650110
1.428236
1.241358
1.365534
1.516600
1.758568
1.859578
1.293873
1.613573
1.512033
1.922250
1.719505
1.105265
1.845997
1.542266
1.475981
1.723456
1.935695
1.751088
1.285796
1.895780
1.615759
1.959094
1.723464
1.960547
1.833829
1.497995
1.534042
1.806739
1.196882
1.429484
1.979602
1.942443
1.478060
1.513551
1.417342
1.596411
1.928377
1.985366
1.421738
1.763169
1.470949
1.719817
1.861338
1.385628
1.402784
1.521459
1.768561
1.084829
1.626685
1.999948
1.529742
1.431502
1.453030
1.707611
1.636414
1.492603
1.721133
1.390525
1.984413
1.543724
1.204065
1.787559
1.553248
1.198395
1.618540
1.356715
1.694298
1.045789
1.831904
1.859797
1.986114
1.663076
1.604155
1.075339
1.362784
1.128717
0.907858
1.447344
1.697935
1.123079
1.512863
1.668940
1.131622
1.932474
1.483455
1.649022
1.858977
0.935848
1.333125
1.196522
1.841395
1.316798
1.645305
1.865685
1.305842
1.778353
1.295850
1.842212
1.657265
1.469555
1.761174
1.673619
1.703173
1.660358
1.176460
1.857935
1.227562
1.666693
1.626520
1.297835
1.748183
1.831765
1.994309
1.322749
1.488461
1.496382
1.997245
1.979639
0.988085
1.035942
1.726597
1.840452
1.178502
1.976231
1.256260
1.674771
1.386086
1.638154
1.423592
1.492048
1.375733
1.889458
1.778274
1.412775
1.684822
1.846461
1.370590
1.549832
1.137105
1.658663
1.757086
1.950928
1.046084
1.909672
1.819046
1.637679
1.740034
1.448764
1.586760
1.961122
1.255199
1.958947
1.305421
1.379158
1.529502
1.853615
1.618098
1.248337
1.731665
1.897361
1.439512
1.736679
1.391931
0.938311
1.030400
1.866427
1.499588
1.876195
1.608452
1.464025
1.653317
1.329992
0.917551
1.573839
1.696587
1.824810
1.585870
1.052007
1.122605
1.784876
1.820372
1.256718
1.813254
1.018647
1.447534
1.442302
1.064850
1.348189
1.227244
1.464580
1.911052
1.805220
1.914754
1.381457
0.847774
1.536528
1.810536
1.155657
1.837240
1.713782
1.023686
1.274646
1.403193
1.363993
1.064005
1.398335
1.710520
1.134825
1.456178
1.689522
1.970094
1.805490
1.960092
1.751927
1.292752
1.836377
1.536224
1.189389
1.605212
1.113351
1.842878
0.983886
1.086871
1.203412
0.847865
1.801545
1.218973
1.574543
1.819314
1.943887
1.920855
1.223553
1.707925
1.447078
1.593914
1.835224
1.076437
0.900167
1.203516
1.402730
1.478777
1.321418
1.888428
0.935260
1.772794
1.244692
1.911001
1.127095
1.288277
1.930293
1.451157
1.034997
1.820253
1.468563
0.998058
1.163455
1.980993
1.275389
1.679961
1.651239
1.739089
1.740022
1.835716
1.785082
1.626254
0.983193
1.154324
1.229991
1.792684
1.795841
1.939706
