1.970179
1.954401
1.876754
1.997501
1.983562
1.895859
1.964531
1.876233
1.908996
1.974462
1.986635
1.816415
1.826116
1.894493
1.659141
1.750166
1.980589
1.993836
1.756377
1.825462
1.861600
1.975709
1.844809
1.510771
1.956472
1.952044
1.785104
1.969494
1.876234
1.811923
1.885981
1.886610
1.721920
1.814204
1.958666
1.770874
1.596442
1.943604
1.662824
1.679133
1.726650
1.913924
1.792758
1.869268
1.986609
1.928440
1.731890
1.948444
1.905612
1.621893
1.597476
1.672439
1.812741
1.874191
1.754189
1.974618
1.699205
1.994867
1.692073
1.892337
1.486539
1.572610
1.966495
1.823423
1.873522
1.746060
1.745360
1.820516
1.792900
1.838337
1.814566
1.624094
1.783654
1.699438
1.585027
1.910651
1.981916
1.954331
1.984477
1.800660
1.587630
1.573110
1.823437
1.904991
1.970106
1.814195
1.786432
1.621517
1.859528
1.693421
1.857691
1.700570
1.980068
1.407232
1.539287
1.939578
1.730319
1.958338
1.951193
1.929086
1.943313
1.693214
1.951072
1.883603
1.604501
1.954707
1.921293
1.769934
1.935111
1.676373
1.978295
1.800572
1.591564
1.446492
1.729335
1.666832
1.780986
1.762333
1.927371
1.878564
1.341509
1.825927
1.527098
1.936371
1.326032
1.839805
1.586001
1.923082
1.838775
1.622482
1.663059
1.910572
1.480462
1.675767
1.727977
1.889185
1.927146
1.815455
1.788989
1.461594
1.574487
1.777376
1.559120
1.449020
1.642540
1.370867
1.750364
1.423798
1.896898
1.375067
1.317117
1.686645
1.975045
1.925843
