1.704353
1.962721
1.790894
1.853260
1.849968
1.700447
1.771498
1.170440
1.768722
1.845190
1.814400
1.870245
1.847074
1.990988
1.803157
1.946881
1.194105
1.848372
1.941686
1.221602
1.958912
1.704294
1.787565
1.513993
1.523309
1.781453
1.375001
1.646705
1.808565
1.643267
1.480619
1.766996
1.248163
1.649758
1.305811
1.891926
1.016851
1.482367
1.860165
1.701681
0.844102
1.413594
1.918002
1.723358
1.987879
1.732395
1.569343
1.795815
1.240263
1.971047
1.495904
1.711747
1.930928
1.326458
1.519216
1.549970
1.884784
1.706395
1.672333
1.964110
1.730577
1.070282
1.544843
1.548834
1.818015
1.942852
1.850419
1.806278
1.804997
1.499648
1.945181
1.971214
1.534960
1.812099
1.564658
1.954954
1.013359
1.900397
1.563535
1.756506
1.555860
1.632668
1.066294
1.642310
1.886719
1.640395
1.923448
1.850862
1.841891
1.684611
1.923020
1.415980
1.660172
1.224968
1.679294
1.635844
1.751186
1.897112
1.641566
1.999094
1.834499
1.828123
1.151495
1.158691
1.691019
1.956480
1.528773
1.730391
1.679197
1.364176
1.798168
1.121936
1.730283
1.997828
1.787178
1.906081
1.564377
1.925900
1.868128
1.659211
1.915226
1.375714
1.507683
1.620694
1.924929
1.574049
1.827144
1.771066
1.996385
1.495890
1.969979
1.405641
1.829943
1.844749
1.813251
1.617970
1.736768
1.793059
1.932167
1.961535
1.259156
1.544727
1.699193
1.546340
1.847973
1.859946
1.332483
1.223574
1.974824
1.553752
1.721405
1.510987
1.994764
1.805783
1.565070
1.557198
1.903001
1.375732
0.949246
1.980890
1.318408
1.678988
1.934657
1.484690
1.989460
1.672779
1.691743
1.577090
1.965981
1.715398
1.980540
1.154257
1.886837
1.522255
1.990343
1.789754
1.860190
1.777061
1.243202
1.935491
1.124375
1.405864
1.740589
1.594011
1.418359
1.848897
1.069685
1.911353
1.420269
1.262000
1.857430
1.290306
1.534294
1.352356
1.585533
1.820557
1.310096
1.550423
1.386019
1.991929
1.650974
1.883981
1.439484
1.840039
1.831839
1.385171
1.389521
1.852611
1.912654
1.884019
1.916882
1.898608
1.710692
1.795515
1.616880
1.977311
1.686264
1.113133
1.868119
1.174338
1.394322
1.642730
1.571849
1.951068
1.753053
1.649168
1.693228
1.698073
1.318861
1.131404
1.976936
1.690404
1.922673
1.331091
1.383862
1.098223
1.443389
1.569140
1.390652
1.588155
1.305895
1.777730
1.750285
1.752469
1.391598
1.679616
1.533090
1.493330
1.052520
1.537333
1.248503
1.469429
1.732381
1.966509
1.518922
1.414848
1.120624
1.518040
1.385481
1.956339
1.760926
1.988863
1.940293
1.381548
1.523077
1.459730
1.832531
1.622245
1.047549
1.883369
1.745421
1.087088
1.764542
1.515931
1.744703
1.234654
1.352803
1.605975
1.294703
1.916844
1.672679
1.946616
1.970832
1.683363
1.488068
1.679929
1.708013
1.615902
1.911989
1.881498
1.354537
1.625026
1.332439
1.853341
1.752123
1.540229
1.838080
1.014404
1.091479
1.486235
1.602706
1.374545
1.938856
1.371759
1.491406
1.794815
1.971895
1.658096
1.265317
1.329430
1.654360
1.603116
1.901557
0.951020
1.816084
1.276468
1.866809
1.455201
1.825419
1.744112
1.790738
1.673731
1.526231
1.499087
1.986162
1.877332
1.586047
1.673976
1.305043
1.598562
1.435609
1.957513
1.237539
1.415364
1.945689
1.468409
1.461760
1.851372
1.902084
1.180506
1.380500
1.559463
1.592999
1.848474
1.758804
1.702352
1.333308
1.769784
1.686373
1.824211
1.397276
1.680683
1.032419
1.420078
1.383490
1.821162
1.125296
1.541942
1.525004
1.555791
1.172057
1.965906
1.567859
1.348398
1.520665
1.734585
1.222413
1.856174
1.570320
1.642111
1.404072
1.999862
1.909889
1.961993
1.927592
1.543640
1.962648
1.725771
1.504857
1.366281
1.904281
1.633247
1.751500
1.389081
1.765203
1.220632
1.616309
1.244622
1.557969
1.893386
1.070016
1.259507
1.453183
1.912859
1.408494
1.784139
1.981972
1.914456
1.972235
1.539802
1.765747
1.504948
1.063097
1.704481
1.181299
1.936639
1.982969
1.009050
1.944797
1.851796
1.733092
1.768990
1.242964
1.779216
1.566663
1.756857
1.674088
1.275135
1.562535
1.251909
1.712273
1.573193
1.389261
1.626182
1.550319
1.395239
1.400902
1.558588
1.924862
1.393197
1.816057
1.354924
1.934425
1.717738
1.238832
1.686729
1.532330
1.529263
0.987146
1.336944
1.431187
1.431665
1.927755
1.559657
1.283367
1.400515
1.684591
1.776580
1.602469
1.195399
1.411524
1.956529
1.569802
1.266519
1.968652
1.814506
1.674163
1.821759
1.719608
1.837656
1.622829
1.125833
1.814727
1.230885
1.606003
1.595988
0.967272
1.887297
1.934112
1.800906
1.447030
1.969129
1.074571
1.488656
1.911308
1.028612
1.258428
1.620740
1.928371
1.195465
0.993664
1.976442
1.324746
1.487942
1.299076
1.330333
1.396640
1.113054
1.379239
1.571763
1.699493
1.801190
1.615142
1.893777
0.907718
1.952851
1.181769
1.988872
1.077351
0.901340
1.214073
1.741851
1.143975
1.342187
1.205923
1.967165
1.485551
1.998633
1.843496
1.732312
1.743357
1.683983
1.366656
1.108076
1.078889
1.137285
1.152651
1.701060
1.039616
1.123240
1.195528
1.970671
1.450583
1.670302
1.021155
1.278423
1.478779
1.354493
1.739259
1.509588
1.173585
1.679607
1.204624
1.669356
1.447139
1.939135
1.261826
1.193655
1.659790
1.284147
1.570719
1.271859
1.757582
1.027426
1.302998
1.548817
1.801379
1.358100
1.780645
1.198412
1.828471
1.558130
1.941698
1.664533
1.295173
1.469819
1.900323
1.248311
1.408976
1.835852
1.649608
1.542703
1.168091
1.902544
1.293871
1.899343
1.885941
1.442388
1.289721
1.209149
1.424173
1.735100
1.441481
1.876902
1.138451
1.978053
1.610378
1.318000
1.328463
1.663903
1.217615
1.085912
0.884742
1.579889
0.899663
1.976246
1.911362
1.208079
1.339829
1.614326
1.617761
1.241948
1.324874
1.675807
1.890794
1.347916
1.703526
1.854513
1.169946
1.965630
1.087023
1.426811
1.764495
1.762994
1.830362
1.614804
1.882339
1.969326
1.423585
1.636773
1.147026
1.320886
1.057774
1.145894
1.509568
1.942652
0.983794
1.349292
1.484471
1.503408
1.047803
1.993977
1.594764
1.441263
1.529511
1.554989
1.439189
1.245596
1.129303
1.466987
1.607469
0.895595
1.294421
1.650214
1.677579
1.832066
1.952492
1.162901
1.450582
1.947218
1.854630
1.813156
1.896590
1.028173
1.378584
1.924342
1.716080
1.688684
1.688263
1.333223
1.394396
1.501271
1.455740
1.251030
1.068629
1.258980
1.481245
1.232261
1.465410
1.073792
1.520913
1.772509
1.760900
1.384439
1.525192
1.929418
1.079496
1.087686
1.619068
1.288241
1.677662
1.077881
1.850595
1.858335
1.612632
1.721756
1.976232
1.946293
1.222074
1.578365
1.095855
1.622851
1.318033
1.613005
1.021821
1.809242
1.211821
1.388146
1.777928
1.247013
1.472657
1.582666
1.102617
1.449633
1.954967
1.945726
0.835080
1.574995
1.093824
1.006872
1.375006
1.504667
0.935041
1.739564
1.349428
0.957607
1.585905
0.984306
1.392401
1.468109
1.870515
1.808801
0.845498
1.046871
1.349388
1.600485
1.974880
1.707081
1.676475
1.828727
0.965923
1.805044
1.946530
1.346458
