1.410472
1.255576
1.636123
1.762269
1.950893
1.980276
1.288628
1.685112
1.929842
1.867626
1.719285
1.124651
1.932326
1.917820
1.783958
1.922661
1.997340
1.206275
1.608599
1.707011
1.725449
1.497027
1.584897
1.741153
1.752937
1.800188
1.986596
1.822822
1.686331
1.736476
1.859464
1.856280
1.402034
1.998252
1.767778
1.990647
1.927625
1.300703
1.857679
1.652263
1.852450
1.896397
1.119733
1.516740
1.994147
1.891657
1.212914
1.459705
1.941175
1.702477
1.942640
1.392933
1.807649
1.969718
1.808037
1.723645
1.932323
1.713952
1.799645
1.943396
1.563051
1.616160
1.859545
1.755668
1.510820
1.869256
1.142966
1.738366
1.480911
1.647771
1.884003
1.961680
1.707178
1.740650
1.760135
1.726982
1.729444
1.590240
1.273210
1.404097
1.912795
1.969845
1.400941
1.366762
1.598209
1.974851
1.788177
1.430387
1.503040
1.877876
1.906085
1.248451
1.957757
1.397034
1.523601
1.398612
1.502154
1.797226
1.806070
1.806639
1.250490
1.242935
1.402662
1.798921
1.796730
1.932167
1.832956
1.336707
1.726452
1.938647
1.732914
1.902012
1.876545
1.264803
1.667850
1.871716
1.371221
1.593983
1.502085
1.361836
1.249184
1.989889
1.324949
1.809817
1.807446
1.439923
1.609159
1.344026
1.612801
1.603367
1.387319
1.572516
1.192354
1.716417
1.365052
1.575272
1.509208
1.420266
1.657101
0.962374
1.486168
1.871939
1.544381
1.895211
0.928583
1.845360
1.882458
1.446262
1.902566
1.876373
1.826511
1.909081
1.657296
1.884131
1.886045
1.765391
1.259158
1.865767
1.952569
1.734007
1.397191
1.871813
1.809290
1.377253
1.416436
1.689744
1.361010
1.036813
1.936505
1.812994
1.613659
1.878369
1.396914
1.501053
1.492165
1.035662
1.589448
1.341740
1.821077
1.024968
1.976971
1.844144
1.517331
1.253267
1.711066
1.048109
1.684438
1.143462
1.502540
1.697976
1.862900
1.149064
1.907516
1.721344
1.695400
1.569562
1.743636
1.806051
1.986943
1.302398
1.582604
1.106604
1.704347
1.951489
1.239775
1.719723
1.586342
1.969965
1.917588
1.954232
1.364840
1.410567
1.357497
1.451988
1.219982
1.696750
1.712499
1.843882
1.804045
1.771703
1.730235
1.603803
1.339390
1.720024
1.736905
1.601619
1.259253
1.657581
1.841178
1.228545
1.240265
1.213455
1.368832
1.936149
1.721428
1.842799
1.522713
1.400111
1.957643
1.515964
1.108056
1.560438
1.464568
1.603491
1.484895
1.526004
1.525053
1.597514
1.357164
1.123282
1.645681
1.992613
1.345870
1.089299
1.831097
0.980963
1.435271
1.640426
1.686236
1.988786
1.916728
1.567182
1.042400
1.266482
1.459091
1.902338
1.474117
1.713917
1.928639
1.353479
1.595324
1.148653
1.770434
1.485193
1.916944
1.962617
1.629782
1.656167
1.131965
1.807281
1.793495
1.420204
1.648132
1.754200
1.933169
1.619997
1.788993
1.097723
1.276597
1.430016
1.919043
0.932488
1.640763
1.361157
1.801236
1.502382
1.983791
1.018347
1.489066
1.280523
1.702658
1.435867
1.685087
1.247476
1.625174
1.008665
1.870421
1.130163
1.521785
1.206835
1.833324
1.676697
1.925636
1.966486
1.637240
1.501547
1.892766
1.938344
1.324091
1.641480
1.493489
1.865218
1.573138
1.992993
1.658819
1.682231
1.975956
1.253982
1.800660
1.720990
1.218655
1.478130
1.489613
0.880136
1.937501
1.495565
1.416817
1.683503
1.627334
1.644485
1.704071
1.855428
1.663361
1.390753
1.557502
1.609034
1.864424
1.963228
1.872272
1.981883
1.582941
1.827411
1.984022
1.918396
1.974648
0.986219
1.562495
1.493979
1.645084
1.671475
1.057025
1.552793
1.836412
1.296871
1.606884
1.261397
1.868847
1.999823
1.544459
1.116827
1.547898
1.524099
1.577585
1.206170
1.602474
1.237512
1.607374
1.191638
1.260658
1.376066
1.430847
1.728897
1.142552
1.774476
1.763285
0.896883
1.775893
1.558681
1.829405
1.967170
1.020854
1.749282
1.394158
1.424315
1.734566
1.744530
1.575505
0.827424
1.099766
1.539218
1.201167
1.478224
1.092328
1.556999
1.227576
1.804080
1.667357
1.238905
1.048265
1.821671
1.546221
1.870645
1.526059
1.859860
1.935704
1.999684
1.942622
1.537755
1.461955
1.827064
1.307018
1.544263
1.560904
1.801457
1.401220
1.716386
1.468390
1.919428
1.871813
1.402217
1.118407
1.491009
1.334907
1.261158
1.989622
1.463799
1.146787
1.540742
1.154671
1.446479
0.960907
1.756331
1.439627
1.270962
1.967396
1.847304
1.068959
1.161483
1.287602
1.154072
1.451222
1.720753
1.881153
1.949143
1.158790
1.120228
1.362649
1.775302
1.314051
1.322955
1.874225
1.982361
1.831134
1.357253
1.436803
1.245819
1.877330
1.130416
1.158852
1.156766
1.513531
1.552786
1.248374
1.033268
1.445823
1.999473
1.972298
0.767808
1.653925
1.608045
1.520973
1.016919
1.038357
1.863720
1.431761
1.741892
1.618506
1.148220
1.319066
1.383587
1.829715
1.726317
1.268913
1.914271
1.686158
1.870736
1.686198
1.771175
1.767394
1.259461
1.265163
1.538244
1.055983
1.649206
1.691024
1.276449
1.138114
1.580684
1.482315
1.707203
0.837698
1.473973
1.338266
1.687852
1.261377
1.592381
1.316073
1.140785
1.043712
1.916931
1.589021
1.840920
1.189470
1.948710
0.965130
1.798843
1.898840
1.942417
1.289662
1.681549
1.779944
1.134159
1.682404
1.826483
1.437443
1.917109
1.020796
1.130076
1.537678
0.777640
1.747056
1.047204
1.393275
1.206083
1.639674
1.904577
1.830875
1.522623
1.597546
1.781025
1.543121
1.681466
1.652201
1.664926
1.541481
1.854804
1.688294
1.393162
1.408573
1.794013
1.319522
1.616886
1.198357
1.377494
1.395643
1.727325
1.931600
1.648286
1.360718
1.861864
1.811933
1.382184
1.112552
1.980791
1.467123
1.775848
1.935948
1.973596
1.062556
1.539606
1.769061
1.196541
1.439496
1.544196
1.703573
1.230316
1.271497
1.457002
1.740942
1.266013
1.999145
1.583566
1.378334
1.176819
1.851776
1.756218
0.970021
1.141976
1.973018
1.153943
1.853509
1.235036
1.854513
1.532261
1.978042
1.314640
1.472256
1.583577
1.442217
1.575003
1.139476
1.836652
1.635107
1.005671
1.098127
1.135062
1.088427
1.991875
1.359723
0.798685
1.954756
1.363586
1.120345
1.643271
1.929879
1.993305
0.924210
1.854223
1.300582
1.660535
1.174788
