1.891639
1.832322
1.959607
1.671229
1.948975
1.694992
1.836581
1.943606
1.986087
1.801768
1.982748
1.949451
1.660969
1.862316
1.758099
1.791420
1.836591
1.734597
1.775518
1.850293
1.739226
1.727740
1.739584
1.966940
1.854691
1.861920
1.962039
1.789328
1.951422
1.946967
1.858172
1.902912
1.717733
1.739826
1.763784
1.730618
1.627926
1.768576
1.856529
1.996662
1.901505
1.933884
1.892932
1.750745
1.870723
1.594918
1.840890
1.908484
1.757071
1.725622
1.925762
1.816584
1.649981
1.949187
1.870511
1.672614
1.787361
1.940092
1.771078
1.808155
1.956369
1.760849
1.957527
1.945483
1.944439
1.673410
1.893579
1.631556
1.973637
1.692124
1.552872
1.845039
1.906940
1.794282
1.651037
1.894505
1.818242
1.944758
1.516832
1.789533
1.508681
1.867905
1.976437
1.529297
1.611593
1.659961
1.996288
1.638850
1.767537
1.983248
1.700461
1.571164
1.998843
1.767291
1.764144
1.808708
1.983216
1.886678
1.733504
1.735298
1.799691
1.620222
1.955927
1.580430
1.806609
1.842380
1.636550
1.939388
1.671286
1.479618
1.914293
1.810635
1.977884
1.736390
1.788647
1.938746
1.537232
1.710237
1.668389
1.992239
1.976641
1.642125
1.892541
1.674117
1.953436
1.896286
1.330135
1.816703
1.555482
1.837966
1.591976
1.686334
1.849198
1.759188
1.667622
1.623346
1.792399
1.427342
1.590080
1.939993
1.836495
1.695840
1.550952
1.952496
1.704643
1.894099
1.988942
1.810889
1.710199
1.418922
1.496539
1.600399
1.608828
1.763484
1.796607
1.820768
1.483325
1.512015
1.780467
1.832260
1.875863
1.672086
1.393257
1.882259
1.985658
1.909616
1.983126
1.889888
1.343391
1.534636
1.687386
1.496134
