1.784479
1.912837
1.997508
1.523833
1.710011
1.926871
1.782620
1.837776
1.896584
1.791057
1.368645
1.996883
1.646621
1.783411
1.641892
1.508238
1.846481
1.924553
1.931787
1.828245
1.871877
1.343261
1.800678
1.914639
1.595333
1.800156
1.794599
1.841701
1.943165
1.733577
1.345517
1.651089
1.898487
1.728577
1.912036
1.808808
1.739352
1.733981
1.759105
1.992915
1.311799
1.245502
1.690334
1.695324
1.982290
1.907262
1.942189
1.893706
1.983906
1.889394
1.652036
1.757127
1.401992
1.807287
1.683270
1.687157
1.622317
1.770835
1.403705
1.836874
1.724480
1.394595
1.714927
1.805434
1.915853
1.790170
1.982916
1.474616
1.949033
1.817329
1.496937
1.797412
1.764511
1.741233
1.177524
1.630980
1.698262
1.891109
1.987475
1.810006
1.633906
1.425967
1.788511
1.526108
1.891735
1.161056
1.173138
1.631715
1.752748
1.826790
1.526185
1.948293
1.739635
1.731830
1.498607
1.740855
1.716154
1.841295
1.645928
1.039462
1.802220
1.928963
1.301137
1.978000
1.295263
1.511133
1.681036
1.767198
1.399348
1.925178
1.763743
1.975928
1.761396
1.389686
1.908655
1.589333
1.336118
1.359244
1.746487
1.554586
1.404335
1.765402
1.714881
1.253435
1.682267
1.659800
1.650703
1.946779
1.449626
1.245373
1.917448
1.986560
1.879166
1.867028
1.088254
1.507461
1.637927
1.435056
1.730854
1.831569
1.947383
1.941595
1.847970
1.726322
1.379668
1.862758
1.758093
1.674776
1.264734
1.686285
1.196860
1.647763
1.583313
1.802819
1.892137
1.571411
1.285164
1.267008
1.821944
1.865410
1.826662
1.532215
1.468658
1.454138
1.922810
1.488513
1.939645
1.758296
1.637962
1.515146
1.800905
1.579597
1.437424
1.216447
1.368273
1.388299
1.955208
1.304421
1.656700
1.614706
1.478229
1.641957
1.764353
1.991374
1.749231
1.268068
1.191382
1.173344
1.561808
1.652015
1.639334
1.920794
1.586595
1.807495
1.433696
1.768466
1.922876
1.842735
1.969095
1.666695
1.854502
1.829806
1.427415
1.957624
1.584894
1.826613
1.645877
1.756631
1.416072
1.660199
1.810877
1.572622
1.534482
1.470828
1.155190
1.374381
1.700831
1.853910
1.460880
1.363254
1.980743
1.186423
1.918966
1.383550
1.824587
1.781124
1.093768
1.596536
1.284446
1.401091
1.929343
1.674543
1.999473
1.201968
1.297728
1.519344
1.939339
1.958142
1.944388
1.289131
1.880014
1.748140
1.942746
1.703016
1.996450
1.386492
1.819280
1.361368
1.420278
1.710619
1.721324
1.999131
1.961503
1.484984
1.694750
1.876559
1.680661
1.566139
1.308245
1.735001
1.486866
1.961848
1.616983
1.895691
1.164197
1.745072
1.696686
1.309368
1.931017
1.309577
1.074161
1.435163
1.247422
1.006631
1.313399
1.847983
1.164830
1.531452
1.814534
1.562958
1.231067
1.290047
1.637134
1.439897
1.952689
1.495177
1.289854
1.817696
1.155417
1.896844
1.646625
1.464956
1.591079
0.974403
1.555814
1.513242
1.407684
1.330040
1.755280
1.154522
1.629441
1.767628
1.659203
1.987975
1.550126
1.911883
1.739162
1.647030
1.978864
1.574948
1.455613
1.994027
1.864892
1.474068
1.970934
1.765628
1.988621
1.683214
1.546290
1.187241
1.822687
1.478012
1.493851
1.647320
0.998905
1.438112
1.963380
1.570791
1.919544
1.344261
1.763841
1.796215
1.478658
1.204609
1.182945
1.048538
1.873621
1.664596
1.815151
1.524543
1.921982
1.235655
1.935878
1.561215
1.927377
1.125398
1.301927
1.545033
1.578686
1.075819
1.288315
1.837759
1.835704
1.245839
1.235109
1.961010
1.623867
1.956208
1.168151
1.774317
1.896529
1.716522
1.616875
1.066945
1.472233
0.920353
1.301675
1.442186
1.506915
1.358941
1.381104
1.671382
1.770777
1.271224
1.827579
1.997287
1.163483
1.377255
0.996380
1.962386
1.877822
1.406999
1.593668
1.259456
1.929507
1.914490
1.765813
0.858116
1.987486
1.884876
1.236194
1.903874
1.480990
1.565329
1.521606
1.978851
1.834887
1.098951
1.800487
1.954210
1.972003
1.303098
1.460055
1.279661
1.901782
1.799268
1.167685
1.509713
1.917170
1.516647
1.781803
1.998767
1.527433
1.857436
1.146625
1.911250
1.518279
1.606076
1.390117
1.252293
1.506756
1.078222
1.244585
1.352868
1.484684
1.880376
1.475580
1.561337
1.364033
1.495624
1.277098
1.243310
1.881196
1.975477
1.959784
1.199719
1.352175
1.267156
1.548409
1.966394
0.989478
1.742043
1.628762
1.322086
1.273568
1.556054
1.587652
1.377632
1.487870
1.182799
1.819851
1.641938
1.318345
1.836501
1.472024
1.681896
1.748389
1.581349
1.778767
1.842984
1.942366
1.844233
1.901698
1.721850
1.756125
1.833747
1.728129
1.316703
1.559009
1.529863
1.774432
1.588992
1.942407
1.355605
1.066635
1.212844
1.999054
1.441022
1.162266
1.867124
1.564113
1.266755
1.202958
1.311022
1.904389
1.378481
1.737483
1.678028
1.261667
1.827597
1.364353
1.705447
1.884926
1.785918
1.839569
1.473528
1.771011
1.803749
1.770558
1.278287
1.250344
1.834379
1.206713
1.077333
1.893399
1.678422
1.017893
1.957580
1.315015
1.535848
1.417850
1.245574
1.826344
1.986667
1.277805
1.706237
1.889511
1.112122
1.443806
1.522960
1.082745
1.159334
1.561411
1.628743
1.313970
0.950703
1.435492
1.682890
1.389919
1.763680
1.567754
1.867348
1.474890
1.592673
1.960865
1.733238
1.938803
1.152277
1.644871
1.366370
1.836093
1.912458
1.887290
1.218221
1.200686
1.967052
1.308504
1.336623
1.705035
1.986689
1.074247
1.596725
1.988812
1.949165
1.487432
0.969269
1.039944
1.540608
1.491779
1.397730
1.657158
1.666627
1.742352
1.379238
1.782952
1.715606
1.695082
1.377891
1.386221
1.536614
1.887136
1.832695
1.945638
1.580536
1.811702
1.065233
1.600852
1.754909
1.337224
1.752090
1.733359
1.796830
1.124066
1.868941
1.550544
1.975805
1.597331
1.995500
1.238172
1.517798
1.705754
1.525798
1.314096
1.884082
1.888874
1.932153
1.497170
1.095461
1.575547
0.952992
1.620989
1.831694
1.993870
1.248607
1.554518
1.163986
1.572152
1.514326
1.198762
1.199383
1.447806
1.190833
1.679748
1.871007
1.207346
1.048566
1.488669
1.020176
1.644529
1.287694
1.300185
1.423649
1.543500
1.496711
1.365175
0.993946
1.602883
1.847681
1.567514
1.344450
1.377267
0.869550
1.619070
1.133910
1.094257
1.326262
1.761459
1.599786
1.806022
1.477619
1.934028
1.264247
1.678173
1.214125
1.554760
1.825129
1.578216
1.107853
1.122273
1.546755
1.343157
1.000034
1.729878
1.797856
1.672217
1.751868
1.797366
1.635888
1.903406
1.972651
1.247333
1.142701
1.872482
1.943313
1.428807
1.406930
1.469824
1.694305
1.073727
0.959033
1.340874
1.595992
1.535244
1.988709
1.339230
1.812740
1.500640
0.957741
1.646778
1.484333
1.887523
1.367342
1.072239
1.762298
1.592839
1.789186
1.785427
1.743234
1.238358
1.941149
1.758443
1.501759
1.098408
0.982497
1.711540
1.251827
1.929169
1.166871
1.895111
1.907220
1.041201
1.312847
1.973602
1.865357
1.777461
1.919592
1.735825
1.928879
1.023994
1.911739
1.930431
1.123757
1.507574
1.577622
1.489110
1.085824
1.590967
1.617617
1.411480
0.906083
1.538632
1.051485
1.597806
1.443813
1.826822
1.804582
1.380820
1.583632
1.887733
1.250418
1.876732
0.813785
1.937542
1.111204
1.868087
1.908527
1.599025
1.794716
0.814767
1.962595
1.780432
1.861838
1.463850
1.923171
0.801978
1.308314
1.490431
1.070886
1.058415
1.291059
1.565457
1.975940
1.956104
1.796110
1.677723
1.306184
1.944197
1.578723
1.816837
1.881301
1.067414
1.366012
1.967435
1.282355
1.967490
1.058863
1.714397
1.402667
1.539790
1.617427
1.516776
1.714619
1.756745
1.699293
1.492100
1.821696
1.462146
1.363090
1.838796
1.034056
0.927372
1.093026
1.081159
1.027180
1.566993
1.901976
1.271306
0.917124
