1.653264
1.960845
1.869743
1.770065
1.961377
1.651700
1.689853
1.779849
1.818654
1.793180
1.739977
1.686921
1.851163
1.902452
1.815204
1.728081
1.908101
1.715945
1.742280
1.846965
1.696699
1.945564
1.733028
1.950351
1.986591
1.583029
1.562835
1.850255
1.781663
1.842605
1.739720
1.851141
1.753821
1.786510
1.841638
1.983383
1.921224
1.818297
1.712861
1.571734
1.976867
1.528949
1.852318
1.695168
1.854450
1.896405
1.945405
1.815051
1.868337
1.538312
1.928346
1.776470
1.984446
1.395856
1.411077
1.955168
1.547636
1.705091
1.448460
1.526066
1.711855
1.628649
1.890511
1.685460
1.810344
1.592850
1.381884
1.719124
1.694826
1.320543
1.958229
1.796595
1.401137
1.495163
1.692357
1.871799
1.626608
1.756938
1.919714
1.726459
1.795763
1.526206
1.388119
1.567899
1.554614
1.575319
1.568820
1.933577
1.844303
