1.944601
1.942067
1.975352
1.890491
1.808611
1.888135
1.883933
1.921824
1.830201
1.938905
1.983754
1.883387
1.954808
1.701671
1.783877
1.759029
1.804987
1.987538
1.909301
1.731272
1.757457
1.903899
1.714216
1.820994
1.966392
1.950539
1.786835
1.891261
1.930053
1.917441
1.892442
1.977695
1.774435
1.594918
1.646168
1.655036
1.749884
1.896106
1.854611
1.600841
1.687718
1.636052
1.943075
1.795610
1.707641
1.949168
1.987445
1.999875
1.942117
1.501003
1.979270
1.696626
1.807614
1.430192
1.783656
1.985001
1.765800
1.742770
1.988043
1.931033
1.794740
1.805211
1.953222
1.970135
1.699316
1.814622
1.973905
1.665510
1.803939
1.955512
1.702408
1.589748
1.919602
1.699794
1.592503
1.844234
1.831921
1.554629
1.756238
1.837415
1.755521
1.815961
1.757310
1.757624
1.436904
1.631886
1.524102
1.861408
1.639642
1.650484
1.851499
1.820238
1.646261
1.864389
1.943909
1.616465
1.671960
1.929777
1.560718
1.967590
1.557527
1.958325
1.886444
1.517392
1.500469
1.981290
1.806783
1.572217
1.980331
1.894022
1.617689
1.932180
1.929639
1.891343
1.949893
1.881641
1.721800
1.824740
1.583910
1.687274
1.499128
1.985324
1.520676
1.524064
1.618162
1.977689
1.908392
1.946912
1.988414
1.428952
1.561924
1.744904
1.904183
1.513973
1.614156
1.803136
1.856407
1.532129
1.737642
1.390399
1.990952
1.890297
1.361477
1.999487
1.643831
1.903662
1.900772
1.971381
1.617128
1.432218
1.704614
1.959016
1.627700
1.834174
1.716785
1.663233
1.847781
