1.931382
1.987152
1.645218
1.487093
1.668516
1.913374
1.644641
1.738822
1.621319
1.414631
1.852796
1.450366
1.849032
1.502485
1.725311
1.278185
1.896793
1.748811
1.868181
1.762134
1.650204
1.808900
1.712798
1.518480
1.980081
1.579925
1.822226
1.590289
1.915234
1.864805
1.976776
1.299844
1.667609
1.842711
1.610458
1.564369
1.094476
1.764713
1.966023
1.520053
1.444519
1.786846
1.321434
1.776101
1.875180
1.722666
1.483394
0.987570
1.695674
1.960335
1.967737
1.915006
1.359538
1.412803
1.993132
1.680561
1.171529
1.722613
1.876231
0.935670
1.826550
1.664513
1.260175
1.971200
1.598226
1.386298
1.902650
1.799410
1.482133
1.679909
1.484234
1.650470
1.939538
1.207979
1.827524
1.888449
1.528462
1.825211
1.797836
1.766948
1.293609
1.079721
1.725689
1.008479
1.805770
1.660006
1.631186
1.541709
1.214002
1.660804
1.316780
1.916753
1.235617
1.968349
1.916171
1.462624
1.629990
1.132638
1.914304
1.599711
1.093729
1.600176
1.429519
1.292838
1.721246
1.958873
1.862007
1.208416
1.379948
1.939075
1.731592
1.643968
1.682074
1.948730
1.185972
1.954394
1.581034
1.228531
1.838036
1.596810
1.874779
1.312676
1.544458
1.668910
1.921795
1.350780
1.505174
1.453448
1.785801
1.838655
1.117628
1.855007
1.940038
1.899308
1.848235
1.964867
1.032868
1.136590
1.279898
1.755375
1.698003
1.484491
1.369472
1.747186
1.638211
1.498154
1.131072
1.154730
1.787014
1.603979
1.194977
1.503163
1.869000
1.312433
1.908035
1.378751
1.749867
1.386637
1.723226
1.746861
1.711543
1.285293
1.941282
1.319024
1.384578
1.876041
1.681378
1.896809
1.535637
1.273132
1.689471
1.926571
1.409374
1.191873
1.477275
1.606318
1.432220
1.633366
0.984996
1.108579
1.740021
1.883529
1.728932
1.954499
1.543443
1.805798
1.881379
1.960119
1.654457
1.787968
1.802741
1.235851
1.111262
0.924142
1.152144
1.776215
1.441134
1.421489
1.768052
1.503055
1.387249
1.682124
1.750183
1.952479
1.794911
1.809625
1.665726
0.845610
1.503716
1.720300
1.136344
1.372062
1.299323
1.968849
1.520733
1.815882
1.928652
1.400004
1.429397
1.811848
1.971049
1.426826
1.684177
1.976317
1.630641
0.957610
1.539786
1.917259
1.721339
1.285234
0.963767
1.644979
1.117983
1.489319
1.834056
1.964642
1.214271
1.187625
0.929676
0.999260
1.233143
1.972952
1.780242
1.288085
1.617530
1.410353
1.164130
1.249300
1.790026
1.783318
1.455125
1.721644
1.133415
1.418422
1.483954
1.842537
1.179208
1.136185
1.726193
1.420989
1.078323
1.780268
1.953125
1.475836
1.806412
1.013377
1.506620
1.982817
1.118181
1.343148
1.968180
1.618772
1.451316
1.327907
1.273528
1.756512
1.986272
1.315209
1.843443
1.158087
1.800033
1.890578
1.610194
1.233193
1.954768
1.172221
1.453128
1.285321
1.943885
1.417630
1.514581
0.930086
1.812092
1.337520
1.349462
1.359322
1.277564
1.394429
1.662889
1.274984
1.982786
1.842242
1.550782
1.728310
1.667033
