1.576881
1.277327
1.741825
1.623701
1.809551
1.653832
1.976260
1.476297
1.420925
1.979839
1.924634
1.923688
1.897297
1.963615
1.985933
1.593473
1.761954
1.773605
1.243839
1.809708
1.588246
1.430584
1.936686
1.974243
1.526180
1.955518
1.833521
1.679772
1.603217
1.776791
1.608083
1.782337
1.542689
1.327946
1.879180
1.264407
1.587215
1.848134
1.660236
1.683394
1.952175
1.864861
1.130196
1.706668
1.956301
1.780180
1.734777
1.591539
1.861248
1.574451
1.842550
1.811714
1.792444
1.461725
1.798171
1.814715
1.230645
1.686422
1.167845
1.275152
1.301761
1.543803
1.612274
1.133310
1.854538
1.760986
1.933153
1.815216
1.352803
1.398013
1.900450
1.173047
1.947808
1.472511
1.544364
1.870808
1.694847
1.315694
1.873268
1.997306
1.941792
1.999372
1.258908
1.475800
1.485289
1.810959
1.974277
1.564017
1.935372
1.939008
1.573904
1.824776
1.859598
1.906433
1.175587
1.996744
1.906241
1.686870
1.568289
1.719843
1.827455
1.929959
1.999876
1.818816
1.994869
1.386579
0.970308
1.550664
1.705950
1.840618
1.953143
1.948866
1.947964
1.365458
1.685233
1.492292
1.887093
1.683546
1.968054
1.725925
1.563230
1.528963
1.419087
1.731747
1.459581
1.944922
1.736896
1.572023
1.873803
1.548632
1.344624
1.864180
1.729102
1.748593
1.391512
1.815052
1.722828
1.885317
1.903145
1.397263
1.727420
1.975846
1.438262
1.563130
1.963400
1.456979
1.342719
0.974086
1.633433
1.642330
1.867835
1.853036
1.587312
1.423098
1.675922
1.344297
1.648312
1.321727
1.646071
1.752781
1.273064
1.753182
1.845546
1.305050
1.462600
1.417459
1.865338
1.541178
1.866293
1.846518
1.493696
1.864372
1.627905
1.405213
1.940306
1.552330
1.966521
1.417075
1.906911
1.708708
1.986603
1.782861
1.505736
1.862331
1.886558
1.751910
1.347197
1.377132
1.987362
1.847592
1.644585
1.240896
1.879524
1.088567
1.397757
1.302079
1.932581
1.970281
0.938692
1.594470
1.647577
1.845034
1.820205
1.474019
1.241871
1.607088
1.580913
1.523890
1.287005
1.448099
1.392632
1.374760
1.831385
1.255293
1.864512
1.877125
1.176539
1.911761
1.820825
1.903097
1.430675
1.830501
1.346013
1.608469
1.227283
1.359327
1.882036
1.878323
1.565906
1.868734
1.937993
1.479457
1.078403
1.563669
1.566847
1.962549
1.940848
1.986498
1.574158
1.503517
1.937138
1.997896
1.968759
1.741002
1.328889
1.901551
1.853994
1.619056
0.955464
1.712429
1.589791
1.453138
1.527498
1.713788
1.326718
1.999853
1.819648
1.513353
1.853339
1.274716
1.457672
1.649740
1.613358
1.947309
1.493328
1.632547
1.929033
1.626560
1.088164
1.829226
1.183602
1.101697
1.114516
1.407533
1.642700
1.783695
1.496698
1.912855
1.966850
1.999218
1.474521
1.339467
1.901000
1.261323
1.598401
1.626436
1.994778
1.889220
1.512647
1.602753
1.907396
1.768827
1.470737
1.661454
1.317853
1.518604
1.605956
1.976900
1.468863
1.917900
1.481573
1.501269
1.732204
1.607855
1.938662
1.689311
1.837320
1.470423
1.832916
1.742505
1.966655
1.606791
1.869931
1.228745
1.173937
1.533639
1.666886
1.825982
1.224411
1.650748
1.238307
1.579801
1.398153
1.668889
1.498109
1.612006
1.902396
1.365835
1.342267
1.381535
1.889043
1.182864
1.768529
0.953118
1.229395
1.834958
1.487341
1.535257
1.837334
1.246444
1.319925
1.752978
1.830646
1.039104
1.886428
0.981184
1.289652
0.946714
1.979316
1.561181
1.548550
1.470223
1.105984
1.370228
1.407207
1.513390
1.866085
1.872836
1.340663
1.751126
1.150155
1.781217
1.749747
1.973310
0.988729
1.326541
1.711679
1.844152
1.906624
1.736004
1.585112
1.701753
1.395113
1.479827
1.196318
1.819516
1.827790
1.911638
1.937683
1.288175
1.797577
1.382127
1.830392
1.781187
1.738254
0.889384
1.834856
1.333092
1.218267
1.189357
1.444984
1.903275
1.601366
1.533692
1.361272
1.374354
1.610911
1.164140
1.131553
1.919246
1.499530
1.194003
1.696239
1.866787
1.349312
1.459824
1.421979
1.932564
1.778242
1.947535
0.906797
1.478428
1.657544
1.586439
1.398346
1.192085
1.936136
1.174095
1.146053
1.175391
1.945678
1.363035
1.261911
1.078156
1.676977
1.733530
1.788800
1.543535
1.299652
0.872252
1.255721
1.722101
1.931708
1.717332
1.352566
1.077258
1.262324
1.475153
1.697437
1.737584
1.544241
1.610082
1.124839
0.919515
1.934395
1.191110
1.700374
1.536402
1.245380
1.425705
1.932544
1.208551
1.685680
1.656624
1.946188
1.605759
1.694508
1.196188
1.184150
1.923591
0.878883
0.899436
0.979783
1.182169
1.325310
1.106679
1.491929
1.311763
1.019186
1.179689
1.639075
1.507606
1.945108
1.027734
1.381268
1.550726
1.677351
1.615434
1.536689
1.565323
1.954901
1.607636
1.637627
1.676768
1.538433
