1.919381
1.900319
1.998903
1.925191
1.903565
1.927048
1.780320
1.946524
1.854812
1.719836
1.934336
1.974496
1.892135
1.565731
1.852250
1.972152
1.733626
1.850985
1.760387
1.703160
1.738780
1.824404
1.886640
1.983921
1.782462
1.922948
1.747599
1.736793
1.854372
1.849903
1.951512
1.564902
1.897196
1.907736
1.630568
1.947802
1.869965
1.951303
1.971572
1.770018
1.691727
1.896984
1.873887
1.759210
1.665574
1.964805
1.762925
1.791376
1.628952
1.833021
1.972658
1.768509
1.966788
1.791686
1.709425
1.709003
1.546049
1.784250
1.608713
1.948253
1.679638
1.755465
1.864805
1.838695
1.954605
1.724227
1.712664
1.838721
1.800201
1.742019
1.655374
1.540632
1.887014
1.677248
1.697389
1.947622
1.727562
1.869622
1.499887
1.617177
1.975055
1.704805
1.769453
1.869058
1.780768
1.562622
1.529024
1.447916
1.483625
1.863157
1.730889
1.621589
1.755796
1.677350
1.774081
1.693067
1.806761
1.766478
1.662315
1.730965
1.963461
1.993196
1.645508
1.967895
1.983781
1.793336
1.848585
1.584143
1.681814
1.456760
1.694497
1.612675
1.961787
1.403129
1.758913
1.450434
1.956788
1.927586
1.700873
1.918733
1.713709
1.523077
1.482076
1.677813
1.798087
1.724508
1.758895
1.668687
1.698054
1.814491
1.952289
1.943141
1.887384
1.895406
1.758395
1.527608
1.373586
1.653167
1.799440
1.584959
1.922740
1.827164
1.510402
1.385057
1.651647
1.696638
1.463925
1.997552
1.696814
1.414237
1.939600
1.872270
1.907782
1.969439
1.609786
1.852584
1.930158
1.719598
1.269000
1.874302
1.987925
1.707921
1.528823
1.950371
1.631340
1.385865
1.413279
1.487531
1.929968
