1.999947
1.891921
1.700203
1.839911
1.979995
1.754303
1.839962
1.901223
1.751500
1.829416
1.782469
1.914613
1.836527
1.806468
1.996958
1.901821
1.898599
1.836149
1.781714
1.854707
1.960021
1.737739
1.859348
1.946851
1.717928
1.824128
1.847257
1.743552
1.993174
1.848766
1.770692
1.823676
1.938434
1.635275
1.835737
1.944372
1.964831
1.635847
1.830849
1.897552
1.967091
1.668008
1.693290
1.873822
1.537251
1.990747
1.627608
1.596354
1.780392
1.906057
1.869631
1.904236
1.688165
1.613323
1.928157
1.829534
1.897836
1.653732
1.840641
1.727716
1.907449
1.889232
1.638924
1.613817
1.567474
1.629164
1.884622
1.890125
1.960264
1.810660
1.748043
1.982013
1.916070
1.766895
1.982096
1.715101
1.877024
1.810650
1.574561
1.665593
1.657015
1.839868
1.550893
1.433516
1.907468
1.744204
1.889164
1.559078
1.813688
1.638664
1.935539
1.398893
1.937580
1.657159
1.869010
1.452612
1.520389
1.998566
1.515439
1.685913
1.671852
1.814313
1.694160
1.445632
1.900344
1.826061
1.872557
1.542515
1.741135
1.547136
1.783750
1.935411
1.845215
1.491251
1.860097
1.499150
1.990529
1.854159
1.776016
1.706980
1.997350
1.571191
1.959695
1.441791
1.884707
1.684730
1.948397
1.447381
1.630836
1.500474
1.573929
1.995004
1.542122
1.851677
1.968614
1.689061
1.538465
1.530690
1.937276
1.226526
1.685215
1.811044
1.329966
1.087259
