1.782807
1.932658
1.858664
1.485892
1.382532
1.863369
1.738503
1.611673
1.732091
1.931200
1.661907
1.658618
1.637269
1.862009
1.884040
1.802646
1.485814
1.622016
1.907310
1.656485
1.718568
1.458427
1.655772
1.983629
1.693869
1.864845
1.593430
1.265503
1.756295
1.692340
1.665099
1.378545
1.559979
1.855215
1.648408
1.303517
1.907234
1.759099
1.955561
1.658683
1.844634
1.840687
1.554113
1.535369
1.602013
1.824452
1.419871
1.545684
1.834171
1.784484
1.735044
1.555799
1.580648
1.232575
1.943580
1.385773
1.912990
1.794408
1.708123
1.700274
1.611085
1.881728
1.859156
1.418739
1.948579
1.590628
1.546978
1.628481
1.373658
1.591208
1.607955
1.883973
1.823632
1.427001
1.357353
1.989150
1.571515
1.556471
1.940247
1.739364
1.684577
1.273128
1.815642
1.508826
1.339296
1.413114
1.611329
1.540645
1.816508
1.905916
1.983128
1.394564
1.362480
1.309664
1.963829
1.393465
1.549975
1.867616
1.899695
1.958702
1.723393
1.694941
1.937980
1.819426
1.125757
1.897888
1.835128
1.738243
1.295132
1.979313
1.980503
1.836203
1.837961
1.843479
1.586841
1.712342
1.382779
1.596877
1.587090
1.936552
1.436291
1.736994
1.965364
1.747982
1.284652
1.819578
1.781860
1.943568
1.401214
1.955889
1.877218
1.891554
1.787051
1.567428
1.652880
1.174173
1.837093
1.629181
1.424233
1.959397
1.518586
1.673625
1.975629
1.886788
1.955660
1.573642
1.371399
1.903624
1.692328
1.449878
1.838971
1.264332
1.293666
1.653024
1.282837
1.722834
1.985700
1.617754
1.299170
1.772045
1.987530
1.427383
1.963622
1.612108
1.543349
1.302555
1.779829
1.928349
1.870778
1.058842
1.125997
1.277017
1.614301
1.440398
1.390241
1.770957
1.750669
1.920106
1.796739
1.710320
1.559757
1.327411
1.812846
1.914737
1.808368
1.250841
1.696309
1.047232
1.950017
1.865823
1.557896
1.838955
1.229105
1.757886
1.705083
1.467366
1.187813
1.581153
1.201342
1.777066
1.659815
1.799669
1.752965
1.070414
1.973297
1.802098
1.806655
1.613225
1.473522
1.843421
0.969572
1.674263
1.836292
1.416556
1.769052
1.274567
1.426097
1.965951
1.872104
1.184794
1.617767
1.746207
1.912752
1.708675
1.860225
1.892970
1.200382
1.577531
1.579242
1.503424
0.972440
1.660613
1.547922
1.105344
1.726161
1.926099
1.765483
1.751631
1.048600
1.963928
1.637009
1.929528
1.610273
1.297646
1.990393
1.854389
1.770932
1.768834
1.962962
1.856680
1.872837
1.614581
1.651396
1.532950
1.790929
1.969426
1.588101
1.909633
1.707863
1.486717
1.831051
1.953329
1.110635
1.487456
1.647428
1.915393
1.308534
1.833284
1.411425
1.423813
1.098458
1.975439
1.844979
1.914231
1.552944
1.602715
1.756854
1.357026
1.770487
1.916553
1.954192
1.201914
1.810540
1.770021
1.648960
1.596036
1.494634
1.186256
1.303795
1.928888
1.608714
1.550292
1.919002
1.902002
1.327816
1.835236
1.196003
1.460310
1.446022
1.294194
1.750795
1.811485
1.816267
1.164197
1.766916
1.334427
1.809215
1.984111
1.388391
1.145985
1.630231
1.625562
1.613877
1.795639
1.506688
1.438438
1.855622
1.984472
0.982829
1.622718
1.986115
1.724936
1.947776
1.979648
1.787970
1.563833
1.772938
1.688727
1.137616
1.680011
1.321707
1.952483
1.072780
1.382925
1.505381
1.802458
1.083173
1.313370
1.619069
1.910808
1.344454
1.649265
1.973559
1.458744
1.239899
1.421422
1.896267
1.761095
1.718190
1.743563
1.541130
1.517850
1.969184
1.870711
1.203750
1.058425
1.601129
1.554881
1.334075
1.368421
1.904655
1.641644
1.323316
1.272774
1.929900
1.289714
1.684677
1.743692
1.433391
1.611153
1.583207
1.891165
1.122567
1.616161
1.520204
1.292826
1.995220
1.295067
1.781473
1.995780
1.070599
1.848999
1.684286
1.457365
1.241772
1.435165
1.573809
1.765869
1.627336
1.744327
1.281963
1.988584
1.082216
1.499912
1.624168
1.153851
1.438295
1.229058
1.822932
1.756532
1.645281
0.929592
1.302941
1.897757
1.074649
1.653609
1.942496
1.333846
1.703693
1.410190
1.108932
1.685599
1.274453
1.722606
1.793929
1.922260
0.975850
1.616521
1.541135
1.178181
1.578633
1.736279
1.304845
1.663793
1.683880
1.920412
1.517421
1.832198
1.799963
1.546256
1.933731
1.748740
1.827924
1.406342
1.909319
1.409744
1.700973
1.354693
1.711049
1.902564
1.877780
1.275339
1.939066
1.660250
1.662049
1.883321
1.858950
1.238814
1.325102
1.915964
1.540117
1.290535
1.535227
1.817007
1.185375
1.351051
1.974812
1.946308
1.952245
1.218990
1.888745
1.911614
1.153783
1.990866
1.520029
1.975820
1.752868
1.792310
1.895917
1.963836
1.356923
1.264497
1.975364
1.820794
1.796631
1.682419
1.582525
1.896154
1.284910
1.918865
1.193139
1.472087
0.985729
1.962655
1.519394
1.813686
1.285110
1.957764
1.208669
1.888656
1.702224
1.623427
1.162867
1.000729
1.799492
1.732462
1.655421
1.906373
1.825989
1.962902
1.248664
1.740677
1.940797
1.955951
1.885658
1.531241
1.850260
1.033626
1.855831
1.708178
1.127435
1.351976
1.951065
1.979560
1.148299
1.999540
1.879234
1.546025
1.280729
1.178538
1.914310
1.615174
1.354133
1.134066
1.674088
1.261755
1.373811
1.543278
1.699302
1.542173
1.371580
1.446451
1.565412
1.582991
1.185257
1.293714
1.714876
1.959522
1.293919
1.657164
1.100202
1.875160
1.491248
1.321051
1.980143
1.975890
1.343982
1.536491
1.876456
1.924936
1.999809
1.335025
1.525028
1.757862
1.212074
1.831030
1.123537
0.916697
1.272773
1.213588
1.063696
1.900339
1.932697
1.029137
1.398149
1.239413
1.184849
1.811207
1.473612
1.229077
1.606391
1.642524
1.635495
1.899332
1.782065
1.821305
1.075458
1.899573
1.985391
1.338980
1.133092
1.993917
1.913754
0.896332
1.764064
1.811593
1.873185
1.993478
1.674104
1.728087
1.627865
1.219537
1.680270
1.579023
1.078333
1.605401
1.655720
1.650456
1.441494
1.350271
1.133700
1.321592
1.609694
1.725682
1.496283
0.974137
1.949358
1.965360
1.931452
1.838026
1.834775
1.393896
1.452075
1.866146
1.986176
1.693124
1.430303
1.731798
1.845140
1.758563
1.219018
1.155945
1.591633
1.667446
1.616742
1.148560
1.290242
1.623739
1.352693
1.149168
1.117430
1.147135
1.305533
1.270163
1.514730
1.521474
1.929606
1.797679
0.960807
1.061577
1.311644
0.864602
1.655584
1.564222
1.144346
1.773566
1.874925
1.526510
1.513179
1.828582
1.554292
1.103476
1.486842
1.836934
1.485654
1.347705
1.511530
1.993677
1.162118
1.899483
1.995898
1.741548
1.982463
1.861918
1.580765
1.870771
1.979617
1.405385
1.369232
1.499277
1.983053
1.016324
1.127094
1.375273
1.776606
1.440736
1.843810
1.965229
1.224523
1.705196
1.507377
1.057109
1.022486
1.130037
1.366543
1.814634
1.433512
1.280881
1.121453
1.784306
1.417950
1.788541
1.923888
1.503283
1.481010
1.752541
1.651218
1.359506
1.224771
1.363288
1.697839
1.708456
1.961107
0.959045
1.620220
1.773819
1.795996
1.914550
1.389950
1.932659
1.996009
1.629660
1.640854
1.534103
1.929530
1.979526
1.828283
1.396239
1.982988
1.153245
1.644871
1.109917
1.717205
1.470776
1.319376
1.079420
1.539570
1.835829
1.169660
1.864984
1.168391
1.764095
1.130438
1.365253
1.610902
1.483040
1.725382
1.352997
1.093300
1.438316
1.198458
1.741170
1.355879
1.143060
1.356301
1.057944
1.109314
1.014756
1.429068
1.094288
1.947717
0.900854
1.221774
1.385596
1.037547
1.883368
1.867813
1.245242
1.292257
1.493201
1.387339
1.246130
1.575550
1.875293
0.889409
0.879361
1.716311
1.776595
1.051837
1.901195
1.915623
1.930151
1.450273
1.765302
1.795167
1.093515
1.546053
1.931681
1.308113
1.596488
1.837162
1.036147
1.341330
1.375502
1.532947
1.698178
1.194604
1.446962
1.572413
1.773956
1.370100
1.369868
1.774055
1.711022
1.688369
1.184687
1.806584
1.906185
0.910691
1.766056
1.992280
1.856872
1.850491
1.791304
1.631131
1.205209
1.090126
1.802986
1.676277
1.539773
1.780051
1.275479
1.946667
1.886892
1.765230
0.792404
1.204818
1.571595
1.628244
1.294209
1.862021
0.849002
1.504620
