1.868580
1.995819
1.907819
1.922071
1.789164
1.965293
1.793248
1.658494
1.635572
1.952083
1.781532
1.734641
1.894467
1.934477
1.821621
1.648309
1.974415
1.885403
1.910428
1.765001
1.598755
1.911661
1.945367
1.989637
1.880810
1.835338
1.592002
1.960012
1.758314
1.973091
1.953435
1.770388
1.471107
1.883846
1.702393
1.817625
1.795934
1.668071
1.888539
1.844866
1.690137
1.977127
1.460172
1.875691
1.738343
1.767621
1.818522
1.547981
1.461231
1.702197
1.835657
1.933134
1.917627
1.967763
1.946844
1.840938
1.738133
1.771526
1.940622
1.922015
1.987597
1.493309
1.753862
1.451014
1.586268
1.965472
1.629668
1.976172
1.877013
1.719226
