1.691119
1.754210
1.898816
1.973473
1.897976
1.736585
1.725581
1.989038
1.627178
1.848320
1.896349
1.905285
1.975775
1.964347
1.988103
1.858916
1.903795
1.615186
1.801854
1.816216
1.778752
1.884681
1.813587
1.894853
1.925965
1.891566
1.849872
1.731862
1.749411
1.983505
1.975568
1.969884
1.632325
1.548986
1.530416
1.450450
1.920916
1.941770
1.901609
1.975065
1.873504
1.597100
1.794059
1.706593
1.837676
1.911092
1.779244
1.979500
1.863223
1.653278
1.955468
1.656330
1.933459
1.964471
1.835768
1.364242
1.754372
1.872528
1.995442
1.907275
1.849519
1.759753
1.663784
1.861493
1.520604
1.731013
1.911223
1.995790
1.996841
1.653561
1.850382
1.887333
1.215628
1.544830
1.456993
1.816883
1.370007
1.627892
1.943426
1.914121
1.676890
1.260629
1.912111
1.910355
1.767166
1.667294
