1.927355
1.972836
1.723437
1.710089
1.803065
1.766440
1.948327
1.919665
1.957065
1.886686
1.952663
1.936581
1.987370
1.958033
1.995379
1.708495
1.786028
1.944873
1.858400
1.719854
1.887757
1.841882
1.905544
1.745698
1.891751
1.706858
1.835503
1.984338
1.975255
1.921522
1.934978
1.985339
1.440744
1.991442
1.565336
1.398509
1.473350
1.511454
1.657111
1.783779
1.613893
1.812063
1.781695
1.797553
1.802690
1.726150
1.439778
1.430093
1.648349
1.585059
1.610256
1.612071
1.930579
1.802022
1.625015
1.657921
1.847403
1.763939
1.807475
1.517640
1.756394
1.638522
1.809043
1.812336
1.937550
1.567182
1.930932
1.408385
1.863060
1.893296
1.512902
1.842661
1.553256
