1.890672
1.850440
1.876582
1.879037
1.999693
1.739874
1.835636
1.825734
1.831730
1.731521
1.906080
1.918505
1.875495
1.834092
1.973461
1.719505
1.840108
1.887753
1.947829
1.683054
1.851217
1.675241
1.739792
1.756971
1.948930
1.800927
1.749484
1.881462
1.857300
1.965443
1.984663
1.666860
1.930509
1.844996
1.908088
1.793269
1.909204
1.624529
1.902772
1.957881
1.821706
1.998170
1.810759
1.735982
1.843760
1.887978
1.981666
1.619455
1.680530
1.698925
1.697372
1.903498
1.956645
1.555948
1.926820
1.479441
1.452202
1.618349
1.862750
1.888197
1.456567
1.560924
1.679203
1.873302
1.937335
1.994055
1.879047
1.607706
1.926340
1.977142
1.612222
1.748960
1.890988
1.817229
1.514858
1.871221
1.874946
1.810840
1.906161
1.570960
1.750585
1.664863
1.398951
1.861711
1.771019
1.664041
1.773794
1.600498
1.653443
1.963040
1.644647
1.846463
1.652709
1.547949
1.935997
1.854383
1.616373
1.614601
1.680434
1.751562
1.276984
1.988105
1.861516
1.863507
1.596235
1.795768
1.966051
1.359720
1.601337
1.654853
1.953572
1.960747
1.754240
1.488807
1.783104
1.425274
1.860804
1.484296
1.311907
1.768028
1.712512
1.373467
1.932534
1.941490
1.563129
1.938390
1.847964
1.579585
1.599785
1.695610
1.811068
1.990083
1.938241
1.515824
1.563843
1.781264
1.938696
1.275179
1.633522
1.570413
