1.935463
1.861505
1.918373
1.912748
1.944218
1.927330
1.912010
1.846845
1.968901
1.979818
1.949035
1.752228
1.906835
1.726553
1.867695
1.761020
1.848896
1.836873
1.754617
1.952470
1.962928
1.903272
1.920009
1.906522
1.913087
1.873872
1.862956
1.720630
1.940185
1.891124
1.939754
1.834568
1.914283
1.947022
1.761376
1.856751
1.894955
1.707251
1.666387
1.727085
1.862249
1.984198
1.943397
1.643706
1.829444
1.930470
1.952012
1.823000
1.965938
1.729204
1.705593
1.978643
1.948520
1.649585
1.563910
1.863482
1.788051
1.970620
1.958799
1.808650
1.760865
1.832243
1.803382
1.894083
1.967360
1.877847
1.673877
1.741551
1.927389
1.615682
1.761046
1.972178
1.432342
1.791416
1.615330
1.645433
1.619977
1.719847
1.908589
1.916830
1.665320
1.429759
1.990255
1.645818
1.826378
1.804682
1.839744
1.773001
1.692501
1.561376
1.748087
1.587473
1.767364
1.907494
1.671586
1.768843
1.805194
1.524959
1.771012
1.657770
1.990889
1.688161
1.693736
1.813980
1.464437
1.395845
1.802288
1.868877
1.835921
1.667436
1.861552
1.454381
1.859231
1.791273
1.834243
1.342184
1.628530
1.686182
1.838857
1.829949
1.812540
1.630586
1.664193
1.792356
1.545430
1.464093
1.906937
1.483281
1.938655
1.524476
1.660954
1.934162
1.747645
1.985162
1.335717
1.806261
1.424885
1.652191
1.681460
1.750305
1.613371
1.512714
1.323567
1.501656
1.585018
1.338423
1.970090
1.643017
1.354792
1.634212
1.339208
1.520896
1.886231
1.602966
1.902283
1.850083
1.816446
1.929334
1.620181
1.387022
1.996571
1.544096
1.650214
