1.969199
1.895869
1.946792
1.880916
1.975454
1.867826
1.927886
1.953283
1.798650
1.860154
1.929431
1.915108
1.890079
1.739002
1.910660
1.914206
1.989716
1.785893
1.895206
1.663664
1.966797
1.692099
1.909272
1.832456
1.773600
1.707891
1.795945
1.666985
1.737085
1.917457
1.691741
1.955778
1.937683
1.617978
1.892428
1.830223
1.926466
1.870366
1.950291
1.997157
1.743570
1.612316
1.655141
1.778517
1.979103
1.804803
1.942716
1.721793
1.973751
1.808117
1.690084
1.697236
1.899865
1.808750
1.722874
1.761032
1.693785
1.610391
1.905626
1.974549
1.913684
1.997607
1.891509
1.895419
1.789846
1.627874
1.979721
1.794609
1.717019
1.572852
1.879628
1.886146
1.747713
1.835093
1.942082
1.653407
1.903070
1.965986
1.838785
1.787250
1.859934
1.865988
1.991539
1.742033
1.895785
1.660752
1.836878
1.934459
1.746657
1.785047
1.699590
1.730315
1.736586
1.967859
1.612627
1.695685
1.544784
1.782758
1.937074
1.650860
1.945692
1.751897
1.885188
1.769174
1.577332
1.556084
1.665509
1.479206
1.826508
1.724851
1.887905
1.654478
1.455746
1.589610
1.981463
1.796680
1.497834
1.797515
1.845888
1.598691
1.549208
1.598962
1.535240
1.624236
1.995000
1.553782
1.982093
1.804186
1.947658
1.843868
1.810192
1.282510
1.935783
1.434701
1.834138
1.923521
1.833464
1.855372
1.355907
1.398734
1.891298
1.865234
1.573286
1.767862
1.398735
1.878745
1.663157
1.627248
1.312453
1.722131
1.866611
1.317781
1.647842
1.779228
1.964696
1.795217
