1.589533
1.662037
1.996851
1.909552
1.968306
1.789021
1.505699
1.823434
1.813612
1.779824
1.445995
1.815542
1.944969
1.223728
1.947039
1.806361
1.430102
1.804568
1.591589
1.319292
1.831423
1.399569
1.382890
1.722232
1.861928
1.627315
1.864794
1.835058
1.993388
1.767823
1.508520
1.647621
1.834074
1.684500
1.479583
1.397502
1.670707
1.600309
1.681259
1.790806
1.811034
1.495049
1.671959
1.911301
1.926075
1.718961
1.410402
1.358205
1.576235
1.820848
1.942644
1.909940
1.998007
1.889960
1.962703
1.929527
1.500044
1.471950
1.981809
1.752719
1.788654
1.788378
1.253608
1.618170
1.919502
1.882278
1.949716
1.976814
1.114421
1.958677
1.910155
1.791603
1.770095
1.270430
1.593655
1.771167
1.975807
1.813653
1.440554
1.854924
1.805404
1.872885
1.981396
1.081912
1.953344
1.081190
1.177056
1.852898
1.516222
1.963087
1.762544
1.833257
1.997904
1.958454
1.811222
1.962578
1.820728
1.441194
1.040381
1.925516
1.613550
1.592972
1.346150
1.386764
0.999779
1.119535
1.122096
1.881621
1.765164
1.709837
1.836529
1.413268
1.664883
1.493115
1.458556
1.406041
1.722882
1.055106
1.856171
1.690397
1.632450
1.703531
1.547604
1.458458
1.925297
1.901049
1.890449
1.056074
1.912563
1.189398
1.893845
1.502322
1.268127
1.888443
1.518580
1.128301
1.736360
1.692064
1.629374
1.302704
1.628116
1.447922
1.550612
1.645443
1.713473
1.589214
1.678248
1.508782
1.643096
1.866704
1.385031
1.389051
1.724352
1.157116
1.960203
1.831646
1.973709
1.392515
1.721083
1.347164
1.656070
1.797800
1.634658
1.471711
1.109276
1.768771
1.934399
1.534802
1.036673
1.261095
1.938761
1.826154
1.354309
1.200476
1.552169
1.641030
0.984581
1.728060
1.568288
1.787864
1.671193
1.908270
1.633322
1.952986
1.797459
1.034629
1.255128
1.720660
1.254486
1.337035
1.553425
1.845457
1.544885
1.395392
1.081440
1.675248
1.376271
1.342396
1.971324
1.927132
1.882285
1.663808
1.871505
1.669483
1.054009
1.120712
1.802849
1.561891
1.701059
1.000637
1.723471
1.977516
1.129874
1.587123
1.504297
1.177155
1.452335
1.313356
1.881457
1.724046
1.208407
1.818306
1.988522
1.596305
1.185544
1.716655
1.465886
1.632713
1.931923
1.425257
0.882465
1.826570
1.313781
1.531753
1.307798
1.364593
1.587194
1.624569
0.993356
1.461484
1.791788
1.907293
1.707231
1.305417
1.218868
1.442956
1.799314
1.048763
1.496494
1.804299
1.501555
1.551210
1.769404
1.634470
1.263798
1.308768
1.725737
1.250641
1.545103
1.937298
1.599085
1.707101
1.012624
1.584622
1.825122
1.750073
1.946318
1.312803
1.628450
1.360196
1.501030
1.928739
1.926749
1.150350
1.283249
1.912240
1.195334
1.693963
1.812112
0.945007
1.725764
1.833943
1.909984
1.376577
1.944739
1.691052
1.014037
1.817631
1.089271
1.162142
1.705362
1.938012
1.314693
1.294325
1.775420
1.323044
1.683290
1.530077
1.069050
1.258314
1.402979
1.388798
1.010535
1.360061
1.290476
1.973516
0.851479
1.176127
1.866129
1.592496
1.557209
1.288479
1.554741
1.893600
1.048648
1.479409
0.871839
1.661893
1.034590
1.439647
1.304648
1.396131
0.940958
1.850635
1.011165
1.970296
1.360846
1.828203
1.678719
1.949583
1.614536
1.272893
1.693009
1.407120
1.213689
1.047713
1.040900
1.965811
1.730435
1.689142
0.988552
1.584087
1.406865
1.679624
1.259382
1.507026
1.826930
1.484438
1.191844
1.916636
1.603135
1.063926
1.759996
1.790319
1.341979
1.502005
1.339142
0.916517
1.210721
1.584767
1.759409
1.520038
1.010215
1.319939
1.216988
1.729898
1.909922
0.936874
1.831897
1.041345
1.253030
0.962931
1.930788
1.687091
1.850133
1.399960
1.079052
