1.936414
1.673142
1.861512
1.449766
1.895914
1.871788
1.686501
1.520571
1.853236
1.932734
1.942326
1.711122
1.895502
1.643436
1.860993
1.670029
1.939336
1.854772
1.592522
1.471612
1.542124
1.671733
1.683230
1.881711
1.516231
1.454262
1.731713
1.816952
1.755951
1.376414
1.591937
1.528812
1.633305
1.295956
1.577838
1.663964
1.598497
1.964363
1.886507
1.619421
1.790261
1.847698
1.687681
1.840046
1.535434
1.962810
1.446310
1.885006
1.752566
1.888892
1.899901
1.815543
1.839316
1.890072
1.685876
1.665904
1.575435
1.663572
1.903321
1.690144
1.531899
1.911003
1.915526
1.807393
1.737108
1.180220
1.587437
1.542124
1.445577
1.495026
1.449667
1.820002
1.715467
1.636255
1.223100
1.845513
1.502487
1.871753
1.238524
1.562359
1.762193
1.725607
1.867716
1.948267
1.858178
1.917910
1.446513
1.900415
1.794071
1.844344
1.281333
1.014124
1.675738
1.686467
1.626824
1.295499
1.518142
1.527947
1.888297
1.511800
1.238382
1.893165
1.771402
1.720546
1.565413
1.842810
1.832794
1.304337
1.928637
1.875224
1.517649
1.588984
1.333054
1.467533
1.621552
1.968849
1.902028
1.989626
1.384958
1.840324
1.800101
1.388960
1.849432
1.846899
1.532499
1.640103
1.750946
1.606620
1.451826
1.511068
1.488457
1.711156
1.536881
1.884383
1.866314
1.297685
1.419065
1.946360
1.780888
1.507916
1.869239
1.468652
1.885153
1.878409
1.856148
1.735867
1.938411
1.524511
1.920643
1.542887
1.956382
1.955571
1.647512
1.494151
1.492896
1.979203
1.310449
1.964169
1.305699
1.903636
1.486640
1.837497
1.330711
1.961891
1.019837
1.919794
1.496662
1.352662
1.974846
1.771251
1.214101
1.972160
1.829214
1.968029
1.017527
1.935941
1.457668
1.636253
1.785112
1.424977
1.106488
1.754133
1.421479
1.316985
1.991397
1.758036
1.994880
1.817378
1.448878
1.903372
1.899808
1.832784
1.135469
1.993306
1.605087
1.152505
1.443445
1.977801
1.450163
1.912838
1.765024
1.990597
1.351843
1.599410
1.534899
1.087438
1.362409
1.479618
1.695332
1.116819
1.682907
1.950314
1.597149
1.692102
1.944238
1.932500
1.417842
1.219573
1.489760
1.450100
1.843939
1.924896
1.765234
1.982855
1.652233
1.497276
1.888528
1.377765
1.879004
1.104099
1.749809
1.783709
1.727673
1.814767
1.886138
1.535237
1.324858
1.906324
1.752637
1.394860
1.262514
1.415138
1.812665
1.976021
1.684524
0.976776
1.790268
1.460014
1.608324
1.126038
1.724951
1.784080
1.432712
1.919027
1.702512
1.487490
1.934833
1.511585
1.905728
1.601014
1.859319
1.468255
1.406899
1.913436
1.875418
1.415965
1.462468
1.787878
1.846927
1.733495
1.713098
1.446495
1.400958
1.855852
1.186085
1.526080
1.436537
1.134404
1.733600
1.947430
1.202412
1.526581
1.618535
1.566630
1.405794
1.679389
1.447370
1.714875
1.898426
1.724347
1.780162
1.627960
1.130752
1.593338
1.906282
1.645298
1.653640
1.267828
1.436965
1.238328
1.882296
1.920529
1.798506
1.828558
1.792212
1.532591
1.854472
1.813196
1.574556
1.330290
1.428179
1.465526
1.449134
1.598006
1.417979
1.784072
1.200598
1.768045
1.718126
1.990305
1.611954
1.049613
1.669568
1.942312
1.425476
1.333975
1.226839
1.391416
1.334852
1.619510
1.874946
1.886063
1.079153
1.812755
1.067450
1.763759
1.410852
1.540754
1.935481
1.025104
1.515305
1.627073
1.964680
1.387472
1.192356
1.960292
1.466131
1.723469
1.541143
1.973229
1.976127
1.563657
1.353620
1.868772
1.822278
1.995621
1.964891
1.042896
1.644863
1.643139
1.169091
1.757107
1.431966
1.805140
1.627220
1.870559
1.687336
1.482794
1.414690
1.521423
1.822671
1.690720
1.486531
1.697488
1.520165
1.174257
1.902440
1.979454
1.826776
1.533380
1.761430
1.421054
1.576889
1.911639
1.402634
1.904124
1.812523
1.967075
1.516176
1.574288
1.579899
1.629920
1.721330
1.971732
1.837822
1.825060
1.964866
1.935076
1.899868
1.209100
1.022194
1.919029
0.972169
1.453878
1.346827
1.278755
1.444637
1.474421
1.218356
1.659131
1.836199
1.947622
1.364323
1.663937
1.510337
1.272525
1.975611
1.824033
1.635382
1.366160
1.575122
1.674207
1.525924
1.228717
1.267623
1.076422
1.748597
1.232268
1.877733
1.577410
0.876449
1.314462
1.445639
1.928154
1.742054
1.254231
1.606653
1.502778
1.879979
1.930152
1.676655
1.859041
1.420823
1.858992
1.603068
1.982692
1.374063
1.378207
1.706874
1.983190
1.825893
1.734034
1.857632
1.998571
1.209226
1.676765
1.573888
1.550451
1.773885
1.518519
1.437179
1.771625
1.841846
0.915922
1.347535
1.034465
1.203344
1.600212
1.052810
1.462682
1.968419
0.914987
1.612448
1.969645
1.628668
1.348676
1.266242
1.885497
1.692991
1.767315
1.843851
1.633335
1.997247
1.425480
1.610294
1.522838
1.999447
1.187162
1.008811
1.867229
1.996376
1.865270
1.011871
1.586114
1.741627
1.608140
1.791852
1.697720
1.545978
1.163097
1.889424
1.149753
1.342356
1.987839
1.319493
1.537173
1.624677
1.990491
1.983018
1.810410
1.481338
1.077066
1.591781
1.542473
1.800508
1.977408
1.245698
1.629610
1.134273
1.954695
1.136503
0.967307
1.743579
1.999688
1.705272
1.755061
1.624040
1.752106
1.554753
1.507781
1.836945
1.898540
1.553900
1.649812
1.484696
1.292018
1.286077
1.493426
1.391816
1.204417
0.883936
1.099724
1.291096
1.456411
1.419095
1.843102
1.977865
1.059027
1.171105
1.618350
1.607663
1.739822
1.928745
1.779198
1.532503
1.841374
1.352253
1.771220
1.904505
1.926601
1.595014
1.776609
1.650762
1.768345
1.697690
1.423924
1.080480
0.872760
1.259849
1.125292
1.925997
1.811403
1.581523
1.077964
1.608249
1.931925
1.781610
1.230056
1.542981
1.390566
1.933935
1.888883
1.717426
1.802164
1.729167
1.806457
1.407682
0.929820
1.896646
1.088460
1.385920
1.397806
1.297666
1.596805
1.984599
1.896591
1.405874
1.531412
1.188083
1.781061
1.383091
1.354859
1.612621
1.497962
0.971303
1.635399
1.906227
1.958933
1.304149
1.439089
1.977028
1.638332
1.165809
1.242143
1.112273
1.755787
1.835277
1.465234
1.250966
1.145307
1.430745
1.527446
1.569450
1.057700
1.710514
1.320183
1.695079
1.648091
1.594889
1.032435
1.183346
1.696577
1.271570
1.053510
1.538890
1.628248
1.662409
1.466299
1.884845
1.979066
1.991202
1.689523
1.629966
1.321275
1.954760
1.810813
1.777750
1.948233
1.802615
1.278683
1.889610
1.848821
1.633501
1.771053
1.621312
1.832328
1.630528
0.859890
1.233576
1.723808
1.963042
1.810079
1.864641
1.545977
1.982157
1.692437
0.951072
1.613360
1.872700
1.687565
1.565821
1.074807
1.850077
1.698494
1.123859
1.480684
1.694346
1.869300
1.510162
1.780148
1.031558
1.434173
0.986788
1.494794
0.943275
1.662232
1.785420
1.851339
1.507438
1.079717
1.666854
1.080073
1.926268
1.693405
1.429516
1.114040
1.698419
1.794206
1.575699
1.752174
1.870042
1.160573
1.677698
1.825619
1.169556
0.975203
1.426579
1.276705
1.276584
1.603226
0.947339
1.421478
1.525325
1.694741
1.709501
1.950709
1.154175
1.878724
1.603035
1.088810
1.788895
1.319324
1.011544
1.145693
1.059302
1.687067
1.407024
1.897071
1.432454
1.502220
0.894928
1.216310
1.318980
1.668391
1.337323
1.420582
1.579589
1.430464
1.119155
1.925655
1.173226
1.717075
1.273945
1.024414
0.996256
1.285290
1.242782
1.638702
1.659916
0.888520
1.755259
1.489096
1.706725
1.746512
1.552181
1.047644
1.848732
0.915100
1.435723
1.046049
1.352783
1.639482
1.403638
1.484947
0.967070
1.108343
1.520770
1.575614
1.897482
1.676459
1.615330
1.612265
0.940856
1.820152
1.309937
1.483894
1.396383
1.061400
1.665697
1.398211
1.599050
1.900746
1.780461
1.831199
1.991425
0.883899
1.216208
