1.979636
1.930521
1.902965
1.971181
1.933522
1.894637
1.767942
1.935684
1.964712
1.983005
1.674103
1.836511
1.633557
1.729446
1.832406
1.810717
1.854406
1.741706
1.980196
1.878188
1.767130
1.774935
1.915258
1.829490
1.874607
1.847205
1.810838
1.717871
1.882870
1.932670
1.959453
1.760607
1.671675
1.866968
1.810027
1.788847
1.916199
1.971628
1.583855
1.929027
1.919191
1.982454
1.863261
1.962628
1.624357
1.549049
1.884054
1.904678
1.877860
1.860547
1.771611
1.866986
1.597297
1.824259
1.818522
1.753439
1.728630
1.973369
1.825755
1.918861
1.944774
1.714706
1.670952
1.996235
1.945280
1.805258
1.688806
1.984228
1.770219
1.620579
1.667780
1.602218
1.854424
1.671625
1.947959
1.881022
1.856870
1.796660
1.837662
1.513562
1.730279
1.662611
1.921552
1.729366
1.697576
1.846642
1.810838
1.877488
1.690830
1.870627
1.504983
1.924383
1.957753
1.911762
1.579574
1.918940
1.781933
1.536242
1.928272
1.744307
1.859000
1.782419
1.692736
1.765206
1.661127
1.951752
1.578421
1.778654
1.770783
1.680369
1.495090
1.863634
1.992513
1.834738
1.910106
1.447972
1.441206
1.984564
1.467464
1.892060
1.594760
1.814538
1.707434
1.989770
1.921715
1.920935
1.309864
1.839105
1.945373
1.789552
1.569703
1.544762
1.852349
1.626622
1.652657
1.572953
1.509479
1.897114
1.968794
1.744797
1.563321
1.769651
1.719781
1.753353
1.862541
1.821531
1.521047
1.532603
1.935373
1.580241
1.446613
1.647760
1.837735
1.455062
1.584217
1.746554
1.612857
1.934128
1.559481
1.383320
1.701604
1.220834
1.842159
1.948230
