1.894184
1.982368
1.929583
1.951753
1.865927
1.980039
1.960484
1.910137
1.915444
1.890292
1.928338
1.989243
1.855117
1.910476
1.815662
1.842705
1.795254
1.806638
1.792881
1.849290
1.972736
1.895773
1.973740
1.758425
1.893182
1.728283
1.880254
1.664662
1.973382
1.898787
1.627674
1.859761
1.935051
1.817523
1.971084
1.974435
1.717425
1.828663
1.999510
1.948961
1.946835
1.944717
1.844441
1.817731
1.945895
1.902353
1.744314
1.647446
1.604789
1.898537
1.944238
1.474504
1.704308
1.905928
1.893852
1.850506
1.965122
1.829496
1.505862
1.974825
1.797723
1.915214
1.961535
1.690226
1.574963
1.869843
1.578207
1.726971
1.776583
1.862302
1.659198
1.989500
1.682427
1.943133
1.614350
1.490011
1.787992
1.743957
1.595989
1.744354
1.692196
1.475915
1.993700
1.716399
1.640860
1.737642
1.528451
1.977437
1.924280
1.817459
1.793582
1.965125
1.979690
1.347093
1.994131
1.597824
1.589949
1.823937
1.654696
1.874325
1.485161
1.626282
1.908906
1.741792
1.535369
1.730933
1.775005
1.818668
1.516977
1.488083
1.377264
1.658225
1.527030
1.957337
1.970192
1.394676
1.664940
1.919449
1.984838
1.986938
1.970896
1.846257
1.433279
1.777371
1.512427
1.451670
1.509680
1.720323
1.922449
1.509240
1.341444
1.827373
1.924935
1.330613
1.658925
