1.831159
1.915218
1.915331
1.971181
1.947463
1.845595
1.981163
1.715448
1.963711
1.554537
1.622006
1.896557
1.934592
1.849403
1.969687
1.996344
1.787994
1.566143
1.750725
1.987697
1.872503
1.881684
1.909771
1.780052
1.606556
1.710677
1.573011
1.604971
1.514033
1.776606
1.864887
1.598691
1.810873
1.971649
1.992658
1.718050
1.788332
1.647399
1.962407
1.977369
1.864852
1.558874
1.858175
1.807021
1.728892
1.537352
1.740795
1.901559
1.743292
1.808946
1.749911
1.924478
1.741815
1.826530
1.707272
1.430563
1.657871
1.978215
1.428825
1.709220
1.860036
1.995856
1.754291
1.791436
1.630445
1.817221
1.821542
1.949254
1.512545
1.990702
1.298260
1.338815
1.696460
1.441105
1.903958
1.077723
