1.683125
1.868122
1.545458
1.700473
1.922440
1.578130
1.906448
1.771828
1.893931
1.673926
1.584320
1.918902
1.690225
1.398455
1.880513
1.600210
1.082197
1.251115
1.985768
1.453229
1.582981
1.535328
1.667896
1.796588
1.778453
1.318414
1.486848
1.562770
1.802784
1.567530
1.412821
1.616627
1.714152
1.884903
1.764175
1.055517
1.564940
1.636473
1.544922
1.785891
1.950548
1.435780
1.240634
1.151762
1.758929
1.154116
1.958387
1.896921
1.895278
1.312453
1.763146
1.427975
1.128767
1.882755
1.923525
1.436574
1.871359
1.511146
1.242384
1.663952
1.968852
1.457088
1.727033
1.437087
1.266841
1.576786
1.571996
1.908356
1.582323
1.628883
1.270956
1.103693
1.753927
1.420599
1.218882
1.721647
1.213423
1.441416
1.534443
1.651284
1.923023
1.618543
1.438707
1.475800
1.874464
1.941166
1.026956
1.665724
1.356665
1.556599
1.659660
1.471225
0.992300
1.567852
1.729066
1.168994
1.470196
1.532795
1.825740
1.214573
1.774282
1.551339
1.667993
1.773464
1.948191
1.203806
1.031401
1.982360
1.650241
1.586990
1.862260
1.873127
1.768663
1.380550
1.972440
1.769464
1.631928
1.772454
1.321605
1.926573
1.822419
1.849612
1.980201
1.689736
1.885537
1.681514
1.883748
1.741268
0.896798
1.483092
1.656034
1.388492
1.614495
1.610473
1.827125
1.512839
1.653137
1.264216
1.012513
1.236725
1.362518
1.081017
1.954022
1.729542
1.532762
1.838190
1.348485
1.188138
1.764290
1.912548
1.506806
1.851187
1.119136
1.926808
1.821968
1.612724
1.922894
1.900970
1.616359
1.857840
1.780975
1.657027
1.324008
1.746541
1.828822
1.411684
1.968778
1.966182
1.673822
1.314682
1.605020
1.912674
1.022219
1.942427
1.965806
1.710854
1.974480
1.761655
1.726843
1.283412
1.378733
1.757731
1.614438
1.814446
1.424219
1.980710
1.581431
1.644776
1.480613
1.954594
1.629513
1.738813
1.955755
1.985824
1.714239
1.939197
1.591353
1.859064
1.803314
0.963836
1.161330
1.070668
1.168587
1.652380
1.712754
1.314534
1.314515
1.634394
1.957948
1.473673
1.679763
1.708365
1.992788
1.777946
1.480559
1.615249
1.774368
1.038093
1.192662
1.236986
1.512679
1.929686
1.578480
1.129540
1.944814
1.491807
1.961771
1.484505
1.543656
1.297018
1.617441
1.695925
1.591689
1.053347
1.630053
1.324622
1.033786
1.644162
1.510183
1.785308
1.478702
1.208616
1.116445
1.213069
1.595328
1.987486
1.599639
1.656270
1.107693
1.996663
1.816410
1.811920
1.592457
1.394588
1.598925
1.793358
1.806997
1.664403
1.010548
1.646188
1.666571
1.629249
1.723411
1.629308
0.848965
1.927155
1.617954
1.986280
1.990577
1.074950
1.825797
1.661819
1.458239
1.218126
1.937000
1.222631
