1.892524
1.613395
1.791791
1.654957
1.810691
1.490279
1.686293
1.488068
1.601112
1.381628
1.444119
1.606611
1.518049
1.261815
1.946352
1.968581
1.379424
1.617630
1.899646
1.707842
1.627826
1.771655
1.539586
1.458556
1.839329
1.948406
1.855636
1.347546
1.806365
1.826044
1.846656
1.648199
1.585893
1.984614
1.906727
1.799969
1.851723
1.599379
1.858349
1.402050
1.859695
1.709140
1.488996
1.866671
1.717738
1.288443
1.671110
1.403909
1.855819
1.738152
1.326545
1.622656
1.484744
1.819961
1.980813
1.924402
1.113749
1.345814
1.977154
1.766050
1.932030
1.896525
1.746029
1.602484
1.763077
1.900830
1.932290
1.623900
1.908364
1.142584
1.548787
1.472899
1.352660
1.523239
1.949570
1.342558
1.647720
1.976360
1.808292
1.610211
1.521506
1.698580
1.820598
1.512619
1.463474
1.318056
1.857588
1.785522
1.999036
1.753175
1.885572
1.683400
1.741027
1.671958
1.968661
1.461751
1.399158
1.696068
1.335205
1.282016
1.772400
1.299066
1.998717
1.449254
1.493946
0.930215
1.727890
1.494522
1.986798
1.672899
1.407613
1.177311
1.490788
1.856517
1.396372
1.721965
1.555503
1.354550
1.069397
1.389460
1.191547
1.773814
1.578202
1.759612
1.460694
1.567559
1.795824
1.731759
1.747453
1.929448
1.373349
1.148572
1.966559
1.452535
1.648146
1.038236
1.970672
1.909132
1.910033
1.610210
1.511776
1.192144
1.998378
1.125309
1.611071
1.464348
1.901927
1.632062
1.899455
1.696715
1.025930
1.392536
1.129083
1.876723
1.415500
1.763334
1.660875
1.114894
0.986080
1.172868
1.725862
1.288657
1.332050
1.279140
1.793260
1.757380
1.635605
1.851529
1.180819
1.277212
1.232929
1.967183
1.778864
1.667557
1.372068
1.280435
1.514537
1.656688
1.854360
1.816143
1.372049
0.932852
1.755278
1.674320
1.396401
1.101546
1.851665
1.908994
1.876264
1.681138
1.972358
1.392541
1.964406
1.805285
1.158981
1.978319
1.805840
1.679460
1.896404
1.481800
1.459099
1.130117
1.342090
1.091916
1.357322
1.168521
1.211938
1.757759
1.811900
1.487328
1.490604
1.950851
1.865425
1.762028
0.823957
1.699815
1.993026
1.425702
1.624203
1.384355
1.304944
1.891054
1.510698
1.339911
1.139198
1.463837
1.984960
1.993781
1.689686
1.875980
1.158807
1.065967
1.386975
1.310764
1.613449
1.540360
1.250821
1.472106
1.811082
1.915645
1.829611
1.590776
1.885287
1.956205
1.880417
1.433759
1.211235
1.952839
1.263096
1.547442
1.920681
1.055299
1.141589
1.955367
1.357536
1.710152
1.325442
1.361395
1.272494
1.904689
1.292105
1.700146
1.330596
1.742682
1.743040
1.551194
1.807566
1.408178
1.127212
1.362106
1.400946
1.540498
1.276257
1.755496
1.687979
1.731965
1.508116
1.915332
1.809207
1.949106
1.540441
1.851237
1.370137
1.812072
1.480424
1.683090
0.825707
1.390209
1.739889
1.704137
1.983217
1.611887
1.838221
1.733005
1.870612
1.834841
1.959792
1.585855
1.986183
1.341281
1.844405
1.346885
1.150824
1.630363
1.301011
1.967935
1.761687
1.093411
1.827450
1.290656
1.288031
1.937904
1.047155
1.974965
1.891087
1.260794
1.946356
1.280102
1.018467
1.422473
1.423240
1.597903
1.918934
1.914029
1.575466
1.949209
1.325568
1.989071
1.806405
1.766165
1.505047
1.850497
1.614377
1.143696
1.828212
1.800808
1.843799
1.476376
1.782110
0.950524
1.740513
1.562182
0.932226
1.830509
1.387875
1.020865
1.333872
1.799715
1.823651
1.668643
1.204991
1.783464
1.911935
1.094869
1.229320
1.868738
1.232441
0.985399
1.558045
1.254490
1.560051
1.246446
1.899924
0.869143
