1.976320
1.863745
1.973278
1.976145
1.857616
1.914705
1.863506
1.866194
1.762131
1.939165
1.787131
1.955620
1.997192
1.732234
1.982461
1.997271
1.776111
1.842750
1.750687
1.952345
1.967295
1.998520
1.738049
1.905396
1.767194
1.836685
1.912084
1.781012
1.561670
1.929272
1.975546
1.730434
1.753581
1.945382
1.894033
1.991362
1.970750
1.848198
1.580653
1.665277
1.836268
1.865428
1.876522
1.758769
1.817899
1.971574
1.885695
1.701544
1.657128
1.781636
1.964503
1.975447
1.947895
1.858398
1.801748
1.738099
1.801373
1.704468
1.835291
1.854518
1.958418
1.793910
1.799502
1.561196
1.903923
1.545872
1.556799
1.730614
1.497393
1.841874
1.859836
1.931979
1.614793
1.959664
1.957920
1.990217
1.967174
1.789262
1.927787
1.955274
1.909471
1.498943
1.639676
1.957636
1.890952
1.706530
1.837854
1.744639
1.681366
1.683168
1.869964
1.746416
1.832286
1.574237
1.839817
1.977404
1.671360
1.779024
1.505904
1.639374
1.829261
1.998212
1.594415
1.629045
1.628658
1.742056
1.898506
1.730220
1.646413
1.842326
1.724154
1.992484
1.509410
1.568784
1.890483
1.897588
1.572668
1.519229
1.682937
1.813243
1.967743
1.845929
1.753965
1.528566
1.773439
1.719920
1.876579
1.456598
1.652025
1.936460
1.840416
1.544099
1.986870
1.948422
1.669110
1.744780
1.328390
1.965380
1.730967
1.591354
1.750689
1.859664
1.436378
1.553156
1.826386
1.950383
1.832593
1.541145
1.516740
1.979405
1.903652
1.778862
1.434143
1.504474
1.541489
1.525427
1.650384
1.381919
1.428136
1.718354
1.943668
1.768289
1.835293
1.533520
1.469728
1.275585
1.927640
1.367409
1.859650
1.217057
1.748020
1.355570
