1.879229
1.951112
1.908327
1.868168
1.926754
1.890045
1.957073
1.989048
1.996132
1.953391
1.980358
1.932606
1.760990
1.901135
1.850083
1.828624
1.869909
1.884614
1.806973
1.838947
1.985231
1.879851
1.781303
1.942080
1.948730
1.983308
1.734614
1.734498
1.882942
1.930317
1.705559
1.795994
1.979252
1.945875
1.672609
1.842694
1.717704
1.799937
1.951711
1.853218
1.582471
1.594910
1.921911
1.780504
1.819365
1.857528
1.929085
1.539693
1.635297
1.878897
1.866670
1.888143
1.946112
1.990011
1.931793
1.903130
1.898343
1.691348
1.665531
1.875979
1.694896
1.992923
1.804251
1.831314
1.864479
1.778311
1.680289
1.869498
1.915960
1.999255
1.571507
1.557431
1.891615
1.921278
1.819470
1.785418
1.920454
1.765113
1.980310
1.722049
1.633414
1.929537
1.907693
1.629030
1.962167
1.981629
1.893326
1.929797
1.471530
1.588012
1.896576
1.537949
1.687175
1.740311
1.619393
1.728008
1.763799
1.987439
1.932208
1.551437
1.852474
1.895923
1.656154
1.931427
1.657864
1.991349
1.966714
1.699168
1.690675
1.991679
1.957279
1.799126
1.441966
1.669199
1.449823
1.784236
1.801223
1.639177
1.830022
1.885418
1.670675
1.878168
1.926912
1.533626
1.936266
1.764177
1.997156
1.870309
1.740719
1.835150
1.836617
1.731604
1.496222
1.630951
1.959549
1.352365
1.764766
1.775795
1.848584
1.707101
1.671976
1.719587
1.890597
1.641478
1.493346
1.531482
1.242604
1.616388
1.594961
1.402802
