1.950112
1.995972
1.925250
1.914716
1.860333
1.837953
1.979132
1.917917
1.909694
1.869218
1.762727
1.955642
1.738500
1.951719
1.800158
1.866696
1.777573
1.836476
1.963723
1.787446
1.806285
1.782071
1.898867
1.930773
1.894298
1.945836
1.857749
1.592280
1.901377
1.819263
1.735295
1.729449
1.951166
1.827642
1.749335
1.736032
1.806117
1.801241
1.690619
1.953180
1.837018
1.836976
1.935462
1.972446
1.984771
1.501653
1.879321
1.991610
1.741574
1.847669
1.872296
1.960001
1.836929
1.589135
1.983904
1.752616
1.684165
1.989946
1.841325
1.815355
1.863488
1.853317
1.985330
1.574409
1.600671
1.871547
1.840865
1.741648
1.951075
1.482677
1.866219
1.963026
1.982965
1.968970
1.774905
1.765353
1.729218
1.853119
1.612329
1.643038
1.908399
1.681315
1.867280
1.953636
1.776283
1.624036
1.861969
1.741395
1.976944
1.616223
1.546223
1.594192
1.975865
1.430870
1.811085
1.701987
1.800043
1.937630
1.523963
1.893779
1.802602
1.715238
1.589456
1.518828
1.792469
1.948963
1.481092
1.943661
1.740328
1.968973
1.905110
1.781072
1.932491
1.472354
1.673659
1.761187
1.351642
1.988625
1.452275
1.749681
1.791799
1.881507
1.650827
1.677638
1.851033
1.875984
1.638608
1.230772
1.556822
1.442613
1.922048
1.329372
1.902286
1.567910
1.739418
1.812382
1.578249
1.492572
1.623358
1.373184
1.769196
1.942575
1.838886
1.419890
1.658428
1.634964
1.734825
1.858691
1.918718
1.978361
1.332955
1.836010
1.406019
1.628030
1.745247
1.817815
1.295029
1.446609
1.602529
1.346670
1.627065
