1.837675
1.901694
1.999794
1.692047
1.765070
1.840970
1.782515
1.677219
1.892554
1.420861
1.637644
1.759714
1.729297
1.719858
1.537253
1.720167
1.856302
1.307203
1.995514
1.492247
1.753470
1.752678
1.973116
1.910595
1.481229
1.246983
1.424409
1.763316
1.374190
1.913530
1.705765
1.996426
1.678581
1.844066
1.350295
1.554319
1.969455
1.789173
1.777060
1.564303
1.943220
1.364610
1.264421
1.996762
1.798421
1.080316
1.755182
1.489621
1.364194
1.742878
1.959730
1.678532
1.880452
1.850251
1.777750
1.612534
1.908872
1.512924
1.630612
1.668097
1.714773
1.904091
1.458422
1.935149
1.821154
1.759329
1.659502
1.698951
1.704282
1.529351
1.568822
1.432673
1.900046
1.455802
1.870656
1.627950
1.613352
1.932946
1.977291
1.618535
1.807675
1.449293
1.720980
1.715943
1.308741
1.867344
1.429988
1.427464
1.783309
1.716441
1.617658
1.995298
1.442812
1.533507
1.490082
1.642707
1.523879
1.705949
1.812382
1.634064
1.868365
1.243260
1.890111
1.781955
1.906780
1.367992
1.826752
1.154196
1.802192
1.394115
1.664452
1.392917
1.867586
1.173881
1.877794
1.922912
1.279848
1.654162
1.984921
1.984141
1.520152
1.567199
1.908872
1.225429
1.514140
1.715765
1.837950
1.496628
1.563380
1.549326
1.599939
1.954611
1.626496
1.798562
1.282039
1.609099
1.905581
1.678062
1.227312
1.999150
1.640046
1.548953
1.908973
1.842773
1.866146
1.329406
1.605089
1.976865
1.756040
1.752940
1.977509
1.770242
1.745497
1.843953
1.842285
1.618062
1.137646
1.693798
1.893698
1.839357
1.537664
1.725188
1.442893
1.623980
1.841662
1.678323
1.763734
1.663325
1.962073
1.899423
1.980651
1.535835
1.384135
1.596055
1.606903
1.974240
1.486020
1.490239
1.341673
1.875641
1.509828
1.313981
1.297168
1.824830
1.994357
1.560169
1.986731
1.328490
1.670481
1.260931
1.994685
1.713267
1.870017
1.525055
1.814276
1.598890
1.795956
1.517915
1.988697
1.655071
1.674319
1.892070
1.916040
1.828905
1.915744
1.771011
1.489511
1.780103
1.898303
1.535440
1.831404
1.950030
1.203499
1.533776
1.540674
1.645610
1.719816
1.793921
1.298791
1.374100
1.697972
1.859981
1.241270
1.145826
1.339302
1.631583
1.796162
1.907802
1.572144
1.466452
1.419143
1.812380
1.448483
1.576718
1.330120
1.841911
1.039946
1.702635
1.310778
1.912464
1.759917
1.601991
1.670296
1.509026
1.602358
1.963352
1.407474
1.796753
1.950312
1.760654
1.646010
1.229993
1.813209
1.319208
1.779359
1.369029
1.733001
1.978750
1.379659
1.329031
1.680433
1.428992
1.234013
1.860771
1.953686
1.418087
1.574821
1.504467
1.911646
1.076250
1.284426
1.433956
1.298740
1.480153
1.622891
1.893628
1.807655
1.343751
1.943853
1.144014
1.595384
1.573894
1.827306
1.873764
1.627250
1.939828
1.860542
1.424129
1.201519
1.738726
1.152758
1.711434
1.985811
1.850952
1.503499
1.623438
1.991878
1.921381
1.371651
1.659543
1.466376
1.638014
1.850911
1.652527
1.297554
1.527436
1.926261
1.966486
1.784597
0.985802
1.932900
1.180812
1.268721
1.987813
1.330222
1.719154
1.945366
1.870214
0.969496
1.544981
1.868453
1.674550
1.704107
1.893449
1.231390
1.828126
1.343768
1.698128
1.813754
1.189603
1.884623
1.362430
1.831288
1.988837
1.611723
1.416647
1.614684
1.134182
1.111156
1.413013
1.761244
1.546443
1.971971
1.780379
1.973706
1.697568
1.615228
1.865439
1.656971
1.400315
1.592750
1.937123
1.552784
0.928363
1.573962
1.543266
1.638969
1.693603
1.486176
1.158462
1.184954
1.805572
1.557777
1.402283
1.617151
1.546493
1.688861
1.758610
1.888208
1.769705
1.281253
1.905438
1.459265
1.679787
1.855369
1.929742
1.789141
1.179488
1.914015
0.962172
1.638725
1.423459
1.932696
1.103459
1.973238
1.128095
1.610338
1.830883
1.479658
1.710646
1.855799
1.381728
0.984988
1.700040
1.783361
1.179313
1.410567
1.163844
1.570376
1.115586
1.726173
1.479492
1.693234
1.878029
1.103940
1.492606
1.277794
1.135186
1.513115
1.989554
1.900506
1.658397
1.344246
1.257729
1.851493
1.877750
1.211006
1.364591
1.239016
1.585384
1.464126
1.277743
1.723187
1.699849
1.904406
1.335311
1.418128
1.773482
1.362526
1.258873
1.991287
1.311084
1.420138
1.875732
1.044195
1.611352
1.792753
0.977740
1.571097
1.189352
1.949038
1.943994
1.879466
1.470126
1.285195
1.226827
1.853079
1.341301
1.138446
1.852880
0.979796
1.443805
1.565431
1.700048
1.956442
1.364464
1.962118
1.613411
1.735701
1.100379
1.134701
1.806054
1.697867
1.142076
1.207282
1.655912
0.991945
1.971352
1.770606
1.618559
1.909191
1.683200
1.931339
1.679502
1.938210
1.883991
1.749575
1.317784
1.264383
1.171215
1.450794
1.391366
1.509160
1.859778
1.340530
1.903868
1.455210
1.035340
1.263343
1.492575
1.971537
1.174110
1.551428
0.987276
1.978590
0.963921
1.407633
1.339398
1.054056
1.161505
1.656407
1.833092
1.651017
0.949697
1.935561
1.479065
1.633431
1.065897
1.252477
1.601741
1.563717
1.836560
1.682064
1.724153
1.437369
1.070226
1.862596
1.321753
1.759040
1.679678
1.936044
1.351850
1.765621
1.537775
1.178479
1.683886
1.268351
1.760288
1.003907
1.231420
1.120597
1.423345
1.222053
1.897076
0.970190
1.911040
1.569444
1.810601
1.318235
1.981612
1.317471
1.975406
1.895998
1.945601
1.998061
1.373895
1.313798
1.690728
1.082265
1.846278
1.977971
1.715959
1.877159
1.859447
1.249106
1.790509
1.672014
1.447729
1.459906
1.508736
1.186960
1.882858
1.455624
1.594139
1.374482
1.714339
1.297237
1.389214
1.261452
1.938749
1.461363
1.706018
1.637958
1.711315
1.496930
1.470624
1.391818
1.111885
1.172977
1.036637
1.937440
1.659985
1.255096
1.403255
1.037755
1.633916
1.199834
1.582040
1.680136
1.564437
1.717579
1.864701
0.919067
1.867621
1.244935
1.794569
1.832856
0.837695
1.400340
1.627072
1.368683
1.511469
1.000067
1.734622
1.637641
1.375564
1.252499
1.659688
1.350508
1.358090
1.439922
1.475902
1.420275
1.171175
1.053004
1.369635
1.948952
1.573351
1.160647
1.713662
1.782883
1.780787
1.736187
1.003633
1.621274
1.338539
1.115052
1.094914
1.996634
1.578219
1.350020
1.451450
1.758999
1.293921
1.889189
0.923979
1.525345
1.369933
1.411934
1.381443
1.032845
1.460938
1.434328
1.938967
0.896064
1.406909
1.617781
0.963732
1.795141
1.971881
1.091482
1.026307
1.631436
1.866774
1.214755
0.978289
1.830246
1.636466
1.248542
1.143115
1.401767
1.566345
1.021230
0.987964
1.643742
1.159449
1.359748
1.838374
1.862389
1.932111
1.370717
1.262878
1.306476
1.685690
1.367980
1.070146
1.233026
1.253242
1.707990
1.511686
1.771240
1.950434
1.813911
1.542881
1.508152
1.805719
1.005503
1.712499
1.709439
1.806317
1.453733
1.047689
1.685458
1.838751
1.077523
1.157503
1.104562
1.435443
1.871865
0.912350
1.897868
1.178379
1.567401
1.515851
0.877829
1.520267
1.680475
0.953551
1.217099
1.246727
1.408636
1.786451
0.971637
1.452353
1.433571
1.574097
1.048508
1.860460
0.894517
1.470355
1.753347
1.541089
1.676976
1.437987
1.714883
1.360344
0.983863
1.190201
1.408794
1.117127
1.828384
1.702451
1.573109
1.254372
1.153852
1.427362
1.415470
1.422060
1.552183
1.937828
0.922831
1.612151
1.584296
1.650617
1.805486
0.995220
1.234649
1.865499
1.818181
1.856631
1.379874
1.554412
1.857757
1.920218
1.265278
1.601954
1.532106
1.076574
0.909217
0.805966
1.616780
1.103634
1.310300
1.360592
1.538906
1.395777
1.916275
1.811758
1.836889
1.927364
1.911748
1.294931
0.908605
1.437209
1.432442
0.921638
1.052460
1.410079
1.085656
1.819096
1.202597
1.080148
1.321497
1.703944
1.394490
1.859615
1.726048
0.740181
1.707724
1.167950
1.898883
1.228310
1.276704
1.313281
0.801467
1.964412
1.939420
1.920802
1.448920
1.971434
1.340784
