1.964512
1.850795
1.989312
1.905216
1.994568
1.882971
1.952745
1.985151
1.988046
1.934237
1.885331
1.991746
1.997961
1.621336
1.974651
1.857604
1.881969
1.960386
1.917279
1.923735
1.959729
1.793604
1.797996
1.917568
1.971467
1.914131
1.990572
1.776215
1.877669
1.746185
1.769922
1.912426
1.629737
1.778510
1.795447
1.575448
1.946043
1.730290
1.739697
1.629473
1.712478
1.681357
1.761230
1.761172
1.635363
1.683647
1.979137
1.773648
1.727338
1.547256
1.840516
1.770570
1.716540
1.854857
1.737249
1.672570
1.698151
1.715345
1.891977
1.657795
1.478615
1.983151
1.628296
1.471706
1.722278
1.945919
1.629134
1.822951
1.943928
1.738879
1.733841
1.727677
1.944485
1.700537
1.935920
1.752600
1.986172
1.596237
1.519921
1.907536
1.586489
1.964729
1.912493
1.719875
1.562415
1.636249
1.484923
1.954294
1.575834
1.884057
1.538350
1.864703
1.562221
1.524206
1.858956
1.925319
1.656474
1.809565
1.545353
1.623959
1.650005
1.445816
1.875583
1.771122
1.406291
1.971519
1.731557
1.763911
1.440918
1.961087
1.636014
1.369154
1.514800
1.796183
1.505843
1.577204
1.987295
1.867525
1.867429
1.852430
1.773721
1.611023
1.379815
1.972277
1.655611
1.768934
1.513549
1.267440
1.538261
1.430603
1.463027
1.558179
1.439609
1.884814
1.866355
1.964687
1.690276
1.498504
1.742221
1.983537
1.820663
1.988924
1.916420
1.502793
1.366550
1.519192
1.493242
1.473564
1.822714
1.216076
1.557907
1.821970
1.860285
1.828312
