1.964131
1.911318
1.833758
1.668447
1.843299
1.884012
1.742954
1.985041
1.778650
1.975129
1.898729
1.828092
1.986731
1.923195
1.905738
1.550738
1.958579
1.708768
1.642301
1.949166
1.862147
1.998776
1.955500
1.963533
1.966203
1.430545
1.548098
1.509589
1.587583
1.883635
1.802695
1.871855
1.653246
1.930633
1.701307
1.907169
1.888774
1.733411
1.465109
1.940974
1.471740
1.782470
1.980785
1.720939
1.742731
1.402117
1.924959
1.735587
1.904891
1.914495
1.546449
1.761369
1.382405
1.703062
1.592420
1.945674
1.994870
1.542683
1.620002
1.918258
1.575888
1.874612
1.888496
1.539420
1.990240
1.451562
1.351666
1.108127
1.715814
1.967614
1.922624
1.730333
1.554399
1.601755
1.600975
