1.922938
1.981258
1.961686
1.801415
1.838991
1.984621
1.838788
1.914573
1.775706
1.914584
1.840377
1.795714
1.705727
1.828732
1.801730
1.871530
1.945638
1.945269
1.854275
1.919074
1.936219
1.958512
1.979960
1.718693
1.767293
1.781378
1.978646
1.729638
1.665810
1.718757
1.891171
1.891689
1.920988
1.916563
1.904474
1.730315
1.933474
1.935514
1.890044
1.653528
1.553564
1.685698
1.526780
1.894131
1.945873
1.930216
1.833926
1.761153
1.806732
1.790174
1.777971
1.835091
1.978213
1.685017
1.855423
1.952697
1.590761
1.991661
1.705385
1.788041
1.539270
1.899948
1.538594
1.962017
1.725976
1.553661
1.969693
1.917473
1.787760
1.619691
1.603376
1.700696
1.861562
1.729691
1.686918
1.948834
1.740997
1.715880
1.939790
1.527919
1.954928
1.907227
1.988162
1.940131
1.983044
1.601101
1.586044
1.821829
1.612177
1.906272
1.805748
1.999562
1.586199
1.869425
1.829098
1.942579
1.957284
1.974084
1.749638
1.764845
1.725200
1.977806
1.886477
1.573556
1.959569
1.960005
1.596758
1.591557
1.889450
1.831777
1.492603
1.788001
1.787376
1.688429
1.970962
1.634080
1.507741
1.621454
1.543562
1.450842
1.346020
1.803473
1.877417
1.245756
1.872617
1.538514
1.623047
1.316445
1.669187
1.838318
