1.960782
1.969934
1.964636
1.859702
1.938140
1.970787
1.896159
1.977427
1.982009
1.911517
1.831831
1.875905
1.970807
1.993470
1.972305
1.974421
1.950747
1.952172
1.887791
1.763029
1.898646
1.946995
1.829757
1.918305
1.703354
1.723132
1.869028
1.700376
1.882302
1.999683
1.668844
1.840806
1.772534
1.961088
1.798735
1.800555
1.726506
1.870931
1.911447
1.898696
1.786202
1.929701
1.922228
1.924969
1.668311
1.685286
1.543918
1.769440
1.864790
1.859223
1.903080
1.985451
1.741409
1.719526
1.680144
1.656846
1.719135
1.981413
1.784820
1.770910
1.966036
1.782251
1.558790
1.963839
1.866781
1.987365
1.942956
1.817962
1.605414
1.892147
1.981358
1.776265
1.612452
1.772560
1.807094
1.656244
1.833767
1.954690
1.612546
1.922940
1.547243
1.568732
1.851961
1.697247
1.741149
1.722685
1.948221
1.882315
1.650372
1.988523
1.511712
1.826364
1.837410
1.755348
1.684722
1.692617
1.825232
1.792679
1.798544
1.909572
1.474334
1.986366
1.476364
1.873308
1.737519
1.981405
1.550604
1.962483
1.740630
1.939645
1.788565
1.350040
1.932075
1.668480
1.664908
1.943512
1.576123
1.951157
1.609272
1.390001
1.667262
1.420253
1.807025
1.828207
1.488280
1.520529
1.816920
1.736713
1.899842
1.627880
1.420213
1.570074
