1.947665
1.855976
1.988234
1.964633
1.994108
1.847682
1.782284
1.896072
1.913271
1.851862
1.888412
1.727045
1.905806
1.743004
1.770606
1.836721
1.888966
1.951726
1.930711
1.981851
1.933480
1.905663
1.919833
1.871787
1.971009
1.647651
1.623042
1.874454
1.682967
1.987093
1.988870
1.976727
1.794301
1.685010
1.856581
1.789689
1.727091
1.856576
1.918434
1.939954
1.949326
1.977092
1.991847
1.781927
1.670595
1.826245
1.571658
1.926607
1.836317
1.958285
1.854666
1.772594
1.940533
1.888373
1.805193
1.937999
1.593095
1.884088
1.919192
1.821631
1.630004
1.861728
1.484589
1.484111
1.773563
1.999423
1.909769
1.645479
1.571093
1.883657
1.813792
1.572906
1.744920
1.941807
1.871942
1.848992
1.818125
1.999989
1.855558
1.727082
1.715893
1.727185
1.909030
1.902008
1.903080
1.543100
1.960779
1.494920
1.927639
1.743875
1.720859
1.539882
1.575053
1.805154
1.684582
1.718781
1.934508
1.670590
1.859815
1.994915
1.805528
1.941066
1.998451
1.870343
1.461542
1.571818
1.708325
1.905150
1.986179
1.831411
1.689010
1.996762
1.652501
1.827215
1.369279
1.897850
1.949419
1.413237
1.978112
1.963942
1.579436
1.894815
1.494193
1.864346
1.916301
1.478611
1.878815
1.880060
1.523601
1.613600
1.659188
1.397492
1.992789
1.511450
1.707414
1.687350
1.795912
1.994845
1.741860
1.627789
1.516796
1.299124
1.563400
1.771915
1.872710
1.540421
1.889660
1.769948
1.697572
1.967016
1.973816
1.470221
1.751541
1.836117
1.286191
1.809363
1.759940
1.545208
1.814096
1.755299
1.760117
1.692360
1.700315
1.828151
1.950358
1.910995
1.929573
1.545124
1.704601
1.450073
1.822919
1.610968
1.516284
1.784064
1.395808
1.521258
1.889492
1.305574
1.595938
1.332636
1.624779
1.844431
1.522951
1.440889
