1.963886
1.930015
1.826175
1.939956
1.932646
1.962273
1.937668
1.969460
1.964890
1.963349
1.954041
1.815507
1.887677
1.911657
1.970975
1.968679
1.973816
1.868017
1.962764
1.885243
1.824978
1.907742
1.866752
1.929784
1.912086
1.737122
1.991455
1.798433
1.878420
1.908637
1.818679
1.870333
1.794791
1.742805
1.630323
1.799962
1.978426
1.917598
1.936551
1.779344
1.983037
1.901275
1.887716
1.958029
1.983630
1.955502
1.897387
1.791819
1.821410
1.978293
1.875865
1.877526
1.964775
1.677979
1.939798
1.730545
1.673569
1.748303
1.938901
1.850930
1.991898
1.840060
1.627320
1.929272
1.747398
1.802112
1.924276
1.743407
1.873182
1.829584
1.824266
1.896749
1.712718
1.972429
1.913474
1.990335
1.874506
1.792694
1.628684
1.686577
1.830198
1.709163
1.617759
1.699588
1.719363
1.724642
1.650330
1.613534
1.710199
1.958525
1.634664
1.601998
1.676963
1.981728
1.685358
1.972057
1.781996
1.797606
1.831928
1.679927
1.641819
1.550772
1.949818
1.860435
1.555079
1.674550
1.902677
1.790287
1.836786
1.822791
1.952622
1.491079
1.966420
1.907531
1.504116
1.527900
1.714628
1.950377
1.944292
1.923152
1.974274
1.752470
1.996488
1.982787
1.645112
1.620169
1.425691
1.604122
1.482691
1.716517
1.654010
1.985985
1.518039
1.835090
1.710662
1.706854
1.797077
1.951476
1.700283
1.481999
1.510336
1.901399
1.509859
1.785634
1.803428
1.691239
1.932443
1.811543
1.951356
1.286231
1.384665
1.697068
1.925113
1.716291
