1.636427
1.706041
1.612372
1.594509
1.661754
1.783189
1.715801
1.927704
1.549466
1.338984
1.793439
1.533807
1.404981
1.717925
1.888721
1.535420
1.768186
1.847463
1.734636
1.594325
1.988053
1.835178
1.831392
1.847668
1.711305
1.974043
1.579369
1.960903
1.587463
1.907722
1.930264
1.648951
1.873073
1.977503
1.469900
1.827792
1.921883
1.246557
1.605713
1.619989
1.827073
1.490776
1.072473
1.344185
1.700804
1.894874
1.810730
1.346358
1.243907
1.264110
1.549605
1.851839
1.962533
1.831134
1.510018
1.803607
1.692778
1.350306
1.988230
1.273800
1.328839
1.426490
1.898165
1.622929
1.667826
1.968905
1.979945
1.388610
1.936989
1.517473
1.872825
1.888425
1.980464
1.922076
1.915408
1.784668
1.449886
0.923678
1.440311
1.292701
1.420970
1.366072
1.650051
1.299036
1.456530
1.897014
1.772283
1.688208
1.517627
1.546269
1.541368
1.109302
1.921667
1.502709
1.775340
1.794718
1.703310
1.623485
1.557098
1.468493
1.527454
1.622950
1.598273
1.109551
1.954332
1.672445
1.731845
1.958204
1.775057
1.534628
1.367020
1.910937
1.797499
1.762345
1.848958
1.802258
1.785373
1.433836
1.277108
1.646241
1.651753
0.974891
1.621034
1.885817
1.938279
1.809533
1.847022
1.676047
1.863227
1.765987
0.967452
1.903919
1.549346
1.788268
1.755796
1.987154
1.851686
1.148318
1.915035
1.474308
1.808733
1.793645
1.437338
1.878755
1.716985
1.900660
1.787416
1.575425
1.624914
1.440472
1.898695
1.396871
1.770437
1.937052
1.281576
1.708650
1.727778
1.877385
1.503186
1.990925
1.978611
1.494261
1.557118
1.051717
1.644440
1.855568
1.374424
1.127293
1.581421
1.768084
1.965226
1.201737
1.795443
1.800772
1.602297
1.782787
1.860242
1.763955
1.868684
1.922439
1.358403
1.896647
1.922438
1.534182
1.908563
1.655497
1.647719
1.176910
1.569156
1.290302
1.248189
1.581475
1.666904
1.604690
1.304649
1.776526
1.527716
1.172847
1.270456
1.491730
1.781907
1.700737
1.171071
1.328044
1.950936
1.580165
1.807966
1.784989
1.605113
1.753288
1.276215
1.722992
1.903805
1.756364
1.737035
1.455499
1.327580
1.666771
1.876125
1.524421
1.772601
1.211598
0.952265
1.977581
1.933771
1.446977
1.279719
1.503484
1.375229
1.339954
1.904011
1.970892
1.463315
1.061893
1.914781
1.885107
1.886865
1.261602
1.335997
1.551687
1.476928
1.625686
1.926942
1.978066
1.626622
1.173777
1.565124
1.702956
1.868820
1.481223
1.988033
1.998683
1.820487
1.998341
1.270408
1.973130
1.886842
1.788157
1.903790
1.906691
1.087375
1.747063
1.655172
1.934613
1.493657
1.271798
1.735368
1.781307
1.445992
1.509434
1.802001
1.401695
1.373609
1.616864
1.593305
1.993678
1.917232
1.414166
1.668944
1.144562
1.925704
1.149276
1.575927
1.834548
1.329983
1.647872
1.188026
1.494125
1.397536
1.507292
1.892506
1.630967
1.999560
1.267556
1.750259
1.836067
1.402899
1.712820
1.980742
1.677271
1.584028
1.994204
1.949145
1.708452
1.653841
1.023268
1.265259
1.925013
1.454791
1.315895
1.708062
0.971665
1.877987
1.282410
1.701049
1.967726
1.236049
1.826306
1.888344
1.667723
1.558953
1.232530
1.979271
1.452633
1.897655
1.868572
1.935394
1.905579
1.407392
1.906810
1.700325
1.531225
1.692803
1.997986
1.493263
1.914109
1.915250
1.227636
1.427077
1.735789
1.806869
1.323430
1.865734
1.690488
1.447868
1.294972
1.136015
1.412406
1.935215
1.248640
1.028091
1.575883
1.446802
1.780121
1.547373
1.572254
1.517906
1.345427
1.974136
1.977913
1.788570
1.795179
1.475537
1.923833
1.456263
1.178065
1.143615
1.756944
1.431855
1.970131
1.933951
1.505759
1.393079
1.721179
1.099548
1.766945
1.133928
1.411295
1.530249
1.705431
1.245835
1.908738
1.614307
1.903143
1.277002
1.893910
1.190881
1.408328
1.566992
1.637546
1.735581
1.473965
1.990569
1.339583
1.540892
1.913329
1.720831
1.980234
1.212559
1.725498
1.217939
1.689179
1.869495
1.543536
1.560749
1.727469
1.943011
1.983969
1.729045
1.913173
1.017575
1.207929
1.207054
1.804028
1.845047
1.776533
1.937690
1.991651
1.678277
1.762276
1.141927
1.690458
1.839266
1.426806
1.732594
1.823052
1.655677
1.986169
1.992440
1.477722
1.851048
1.104891
1.401152
1.525683
1.243241
1.790381
1.156249
1.138881
1.719350
1.968172
1.584754
1.718616
1.840649
1.964076
1.603511
1.211688
1.379092
1.763028
1.464306
1.247171
1.238083
1.779988
1.967009
1.287259
1.013842
1.146970
1.902132
1.857140
1.938996
1.864531
1.669560
1.421226
1.836765
1.361880
1.553223
1.134681
1.315707
1.494045
1.755410
1.809770
1.096806
1.808554
1.967110
1.480783
1.919233
1.443080
1.592391
1.105740
1.301619
1.657261
1.328334
1.222848
1.812449
1.666535
1.088356
1.935253
1.710082
1.716381
1.421743
1.604931
1.684642
1.066756
1.470485
1.841552
1.463274
1.828151
1.402118
1.302266
1.743995
1.931509
1.912114
1.795120
1.732856
1.344904
1.750114
1.521439
1.199158
1.493588
1.152860
1.964745
1.896900
1.828699
1.263569
1.326687
1.518015
1.908726
1.533869
1.008957
1.925430
1.299272
1.899135
1.377701
1.065819
1.779392
1.955440
1.282491
1.546752
1.400549
1.721010
1.666853
1.372915
1.650734
1.229687
1.065472
1.172986
1.367579
1.287906
1.543981
1.111709
1.508982
1.703620
1.596397
1.483205
1.190362
1.976479
1.849625
1.077847
1.915488
1.766233
1.900329
1.089393
1.437609
1.983831
1.667378
1.850837
1.366841
0.859899
1.604340
1.636885
1.808234
1.073903
1.421372
1.083930
1.239538
1.222302
1.441623
1.255508
0.989036
1.856130
1.492507
1.136084
1.839358
1.300012
1.718343
1.559596
1.471614
1.991134
1.950845
1.666879
1.407195
1.356131
1.401805
1.181911
1.472932
0.970946
1.987963
1.685955
1.358029
1.744882
1.276345
1.529463
1.758303
1.189110
1.423806
1.583570
1.039307
1.738565
1.742544
1.536812
1.531708
1.984832
1.458263
1.502696
1.450969
1.304573
1.323364
1.712506
1.721107
1.000377
1.442106
1.046913
1.934103
1.523739
1.162142
1.919502
1.608911
0.991355
1.492703
1.384033
1.047201
1.934145
1.741341
1.882080
1.791061
1.618882
1.221324
1.409792
1.843772
1.464021
1.680107
0.974148
1.875878
1.302830
1.767633
1.556746
1.462936
1.616862
1.515714
1.984536
1.658406
1.172646
1.294861
1.435397
1.685477
1.443450
1.468676
1.581074
1.256296
1.684053
1.641700
1.757952
1.051642
1.881483
1.275117
1.096933
1.815555
1.716288
1.584844
1.625699
1.131439
1.971588
1.183006
1.226275
1.650847
1.734114
1.579366
1.767309
1.192480
1.582508
1.624426
1.416826
1.935897
1.957929
0.898473
1.341549
1.246736
1.133806
1.632187
1.423726
1.660730
1.583476
1.824934
1.528113
1.837585
1.350398
1.581975
1.364507
0.870928
1.619347
1.385142
1.025169
1.577564
1.285449
1.740480
1.648650
1.530003
0.842350
1.766977
1.964502
1.691188
1.776031
1.651237
1.364199
1.884903
1.407288
1.404104
1.234332
0.997661
1.567055
1.871446
1.001690
1.372037
1.985520
1.441292
1.112477
1.090747
1.867860
1.094133
1.696282
1.121938
1.282132
1.391816
1.989888
1.420674
1.403119
1.304658
1.525790
0.968276
0.906025
1.639881
1.636263
1.524537
1.950415
1.146729
1.986244
1.865596
1.025557
1.058365
1.740734
1.027187
0.905333
0.961771
1.027713
1.442647
1.985215
1.190360
1.641144
1.361356
1.581268
1.822059
1.459236
1.838046
1.764910
1.925726
1.567965
0.714135
1.546582
