1.963141
1.934993
1.962981
1.976034
1.972811
1.981926
1.913795
1.929211
1.916986
1.947633
1.959546
1.780736
1.954542
1.952712
1.963057
1.769331
1.921747
1.870422
1.925106
1.961370
1.825355
1.882851
1.958212
1.929281
1.696304
1.712378
1.826470
1.786810
1.874234
1.940633
1.749820
1.727471
1.851822
1.919645
1.931886
1.886671
1.643138
1.728809
1.785538
1.768030
1.960449
1.987932
1.759575
1.946028
1.748827
1.713492
1.810666
1.966489
1.873162
1.946225
1.950536
1.779485
1.767093
1.783949
1.774012
1.911652
1.568517
1.938695
1.937069
1.868899
1.753637
1.701306
1.851167
1.674195
1.642223
1.561112
1.882794
1.664461
1.991800
1.820288
1.886510
1.947139
1.936717
1.718658
1.760568
1.709597
1.716584
1.517515
1.753308
1.903387
1.955433
1.473017
1.559157
1.601122
1.989530
1.760258
1.622403
1.813921
1.911292
1.691375
1.904214
1.851405
1.966180
1.816224
1.592981
1.287166
1.974654
1.639619
1.983945
1.782414
1.573209
1.950855
1.780305
1.809283
1.371291
1.974849
1.506848
1.592452
1.875536
1.658083
1.599293
1.988513
1.917742
1.995118
1.813048
1.844518
1.906357
1.600464
1.711477
1.503338
1.945621
1.748079
1.790236
1.836880
1.402451
1.706122
1.603905
1.755231
1.880835
1.648460
1.951611
1.373025
1.805223
1.723113
1.804508
1.542285
1.600502
1.993974
1.971854
1.394185
1.649286
1.399845
1.808310
1.445068
1.728176
1.920962
1.942947
1.954165
1.846371
1.754967
1.370105
1.936753
1.674899
1.879563
1.167995
1.819278
1.985251
1.898129
