1.994114
1.928176
1.561123
1.949892
1.947299
1.881273
1.878624
1.974455
1.885792
1.939078
1.843995
1.787589
1.948322
1.778720
1.783469
1.860717
1.878250
1.462404
1.849876
1.839229
1.773050
1.978319
1.945067
1.758181
1.968956
1.988489
1.997511
1.918661
1.601045
1.795542
1.754849
1.743511
1.628251
1.676939
1.859916
1.750254
1.820956
1.568505
1.854247
1.851398
1.860114
1.775449
1.710915
1.705899
1.938563
1.483031
1.975157
1.865114
1.932839
1.765863
1.772603
1.902401
1.896498
1.596113
1.836594
1.931521
1.702073
1.611231
1.641461
1.878844
1.895376
1.878848
1.925987
1.746989
1.683083
1.953122
1.772533
1.697384
1.832823
1.828862
1.684340
1.886879
1.881317
1.498401
1.653381
1.800136
1.987570
1.649207
1.970482
1.628777
1.970229
1.652797
1.771252
1.514195
1.723921
1.565564
1.670127
1.905478
1.665574
1.785040
1.739715
1.818667
1.655797
1.687279
1.989484
1.869395
1.851691
1.519304
1.795509
1.987993
1.856816
1.419082
1.417718
1.738144
1.638455
1.758805
1.982335
1.487458
1.874713
1.734122
1.810785
1.525138
1.573236
1.979695
1.525968
1.288794
1.622595
1.999103
1.379402
1.321902
1.736417
1.963112
1.687063
1.262255
1.709516
1.923482
1.252234
1.618471
1.995330
1.364220
1.922180
1.848756
1.695870
1.738575
1.903385
1.233732
1.684846
