1.976105
1.990329
1.957490
1.989825
1.948864
1.815006
1.960244
1.876144
1.949988
1.874858
1.985879
1.900923
1.862276
1.828284
1.993925
1.895292
1.740995
1.867960
1.864611
1.991335
1.792698
1.991466
1.721393
1.827797
1.875046
1.793935
1.699909
1.810994
1.835111
1.721259
1.782258
1.877422
1.856557
1.980777
1.830400
1.699238
1.862242
1.736586
1.967378
1.911208
1.879690
1.954659
1.833439
1.873809
1.715318
1.847005
1.744715
1.751091
1.966189
1.924650
1.854757
1.773614
1.885367
1.741940
1.841955
1.915131
1.713608
1.925408
1.779282
1.987272
1.840437
1.909704
1.831525
1.781322
1.918557
1.918508
1.617294
1.813838
1.681840
1.966876
1.820397
1.679735
1.914792
1.644303
1.825625
1.856806
1.902450
1.801353
1.958556
1.839161
1.714071
1.679511
1.816903
1.854160
1.755736
1.603292
1.832023
1.619316
1.627917
1.998359
1.880174
1.591659
1.423009
1.839557
1.684657
1.986936
1.750808
1.615515
1.982596
1.837038
1.741786
1.995273
1.714090
1.983137
1.863223
1.749222
1.639263
1.872085
1.813597
1.773133
1.982129
1.689663
1.885181
1.833098
1.909690
1.929660
1.607306
1.919948
1.610850
1.981670
1.795466
1.372770
1.501329
1.929773
1.835641
1.548629
1.533468
1.622180
1.892641
1.629971
1.547015
1.925942
1.646304
1.865046
1.469002
1.862777
1.901410
1.748713
1.705637
1.593504
1.861301
1.674356
1.798872
1.892342
1.500086
1.665571
1.527629
1.488901
1.972540
1.452697
1.491593
1.529514
1.831833
1.417703
1.919544
1.581282
1.570079
1.478386
1.707042
1.840128
1.473593
1.646439
1.785210
1.495383
1.535362
1.729212
1.927010
1.581888
1.991056
1.621172
1.949494
1.985329
1.528614
1.701040
