1.996133
1.956149
1.885566
1.947032
1.977383
1.907032
1.935907
1.993657
1.766441
1.887445
1.861453
1.994268
1.992491
1.944119
1.912806
1.864229
1.976231
1.874150
1.906183
1.992517
1.656396
1.674669
1.867854
1.710171
1.945747
1.856189
1.940594
1.654518
1.871653
1.853699
1.979051
1.854714
1.894112
1.810257
1.783481
1.907159
1.879142
1.816409
1.864399
1.862037
1.973906
1.805041
1.668049
1.709797
1.797257
1.964288
1.775604
1.963492
1.862261
1.653093
1.704663
1.730129
1.725760
1.965312
1.973587
1.810877
1.748025
1.833941
1.854585
1.777029
1.599021
1.824058
1.706403
1.665071
1.942339
1.597041
1.914567
1.613024
1.746244
1.704981
1.692373
1.999108
1.454320
1.905999
1.598799
1.581109
1.837226
1.772660
1.895801
1.913732
1.757642
1.696004
1.543185
1.818116
1.725225
1.679264
1.830904
1.923220
1.839415
1.914745
1.887977
1.427715
1.672212
1.484812
1.828078
1.967517
1.687286
1.967983
1.804697
1.748097
1.757194
1.961321
1.718386
1.743844
1.789007
1.920953
1.655481
1.844978
1.700718
1.736466
1.588799
1.955026
1.512517
1.919005
1.677522
1.605303
1.773016
1.934507
1.399436
1.965597
1.621625
1.545913
1.963770
1.600053
1.859037
1.704417
1.659386
1.840597
1.431122
1.727144
1.736012
1.855553
1.831153
1.781603
1.867809
1.904429
1.576696
1.703992
1.432977
1.378032
1.959575
1.764005
1.960697
1.890769
1.689750
1.875656
1.828565
1.835436
1.934859
1.296859
1.609372
1.606312
1.863914
1.523166
1.513848
1.264472
1.790142
1.321201
1.494094
1.802329
1.422246
1.605491
1.633150
1.475406
1.811451
1.549867
1.591931
1.442171
1.720353
1.332553
1.984613
1.912029
