1.591855
1.388511
1.949956
1.933028
1.894079
1.757015
1.911422
1.827817
1.661431
1.877158
1.506838
1.608581
1.676901
1.752863
1.805000
1.786782
1.669032
1.582992
1.846184
1.961375
1.799108
1.724381
1.519705
1.894421
1.596101
1.948054
1.735953
1.975505
1.714627
1.846192
1.851398
1.854809
1.817041
1.361230
1.980681
1.743302
1.939243
1.433241
1.066852
1.716306
1.408449
1.863713
1.286185
1.928087
1.538567
1.845720
1.979745
1.355609
1.786874
1.779101
1.665556
1.524159
1.792067
1.887757
1.709858
1.709604
1.739102
1.782166
1.647586
1.529265
1.975277
1.553511
1.498783
1.543577
1.502622
1.736542
1.905540
1.999375
1.296242
1.637887
1.858088
1.965860
1.767560
1.493448
1.713519
1.521912
1.891528
1.632227
1.873563
1.730456
1.909339
1.337448
1.788271
1.605292
1.915883
1.431182
1.827720
1.712402
1.407806
1.673192
1.845901
1.605706
1.426655
1.268655
1.213970
1.613133
1.534237
1.860272
1.853483
1.401460
1.595324
1.398955
1.478289
1.941015
1.621660
1.787293
1.423141
1.893401
1.453015
1.239556
1.381594
1.755110
1.859567
1.847069
1.933384
1.023721
1.585117
1.724875
1.771319
1.619988
1.531013
1.663535
1.687002
1.602739
1.458999
1.792989
1.611961
1.650342
1.071156
1.721001
1.561219
1.697630
1.441462
1.990083
1.778225
1.615293
1.620648
1.526551
1.509919
1.210786
1.380257
1.706169
1.808886
1.542420
1.382413
1.423389
1.846078
1.595756
1.410204
1.429608
1.994446
1.909738
1.588569
1.287042
1.607340
1.489304
1.675871
1.944433
1.546321
1.359738
1.560988
1.864073
1.662022
1.999872
1.593773
1.899966
1.492864
1.844526
1.511046
1.570134
1.657123
1.168089
1.175362
1.476361
1.934963
1.769403
1.664301
1.967662
1.272301
1.327277
1.892779
1.691381
1.604390
1.786374
1.378656
1.186546
1.562833
1.545358
1.129900
1.861616
1.394636
1.644261
1.389520
1.962531
1.534754
1.761769
1.667783
1.152653
1.236948
1.334122
1.881916
1.810908
1.805596
1.902977
1.744627
1.889160
1.509618
1.085958
1.471020
1.647436
1.940936
1.892849
1.638081
1.190865
1.994453
1.932785
1.403779
1.930229
1.964280
1.499965
1.846838
1.471147
1.537200
1.987956
1.620699
1.410602
1.773042
1.742726
1.743767
1.926571
1.875272
1.494971
1.211170
1.696159
1.643060
1.537973
1.496387
1.705988
1.278735
1.919327
1.499052
1.725729
1.911197
1.932915
1.101339
1.064930
1.332142
1.903595
1.124880
1.674926
1.608825
1.694620
1.918718
1.483813
1.727157
1.592201
1.392678
1.881931
1.913308
1.830824
1.584324
1.929677
1.895968
1.266493
1.399547
1.692427
1.940584
1.269542
1.508811
1.747996
1.604091
1.192011
1.404497
1.237328
1.667500
1.442345
1.702085
1.845039
1.619569
1.466114
1.887676
1.647267
1.895980
1.817431
1.497773
1.863290
1.941628
1.310088
1.982618
1.493073
1.318272
1.727208
1.537909
1.939016
1.990318
1.290217
1.321558
1.373966
1.855027
1.608425
1.171666
1.828832
1.651576
1.114997
1.382813
1.610827
1.704935
1.429825
1.280779
0.868966
1.876605
1.690684
1.241153
1.842647
1.966993
1.930526
1.360281
1.173095
1.740498
1.969979
1.087524
1.833471
1.898822
1.909431
0.840931
1.816798
1.055677
1.993873
1.912120
1.729499
0.849280
1.794810
1.012737
1.565802
1.968653
1.973150
1.630931
1.777235
1.106470
1.520431
1.927402
1.196550
1.910634
1.912035
1.932699
1.703295
1.393628
1.603950
1.250506
1.686038
1.237382
1.903134
1.667419
1.036610
1.622897
1.317856
1.659933
1.643594
1.545103
1.590629
1.650906
1.441791
1.732913
1.834337
1.282425
0.990912
1.445287
1.247354
1.652744
1.720947
1.822792
1.790575
1.451539
1.651951
0.948916
1.772072
1.392287
1.299633
1.834571
1.353323
1.925797
1.693932
1.878308
1.686948
1.546630
1.843259
1.925023
1.651205
1.971590
1.674578
1.658996
1.941875
1.582091
1.692964
1.704042
1.243857
1.030295
1.122769
1.706753
1.848529
1.950060
1.932701
1.907306
1.584989
1.811537
1.975811
1.993163
1.462984
1.568527
0.919442
1.343857
1.798858
1.465371
1.895232
1.148485
1.832852
1.256571
1.819668
1.364384
1.290413
1.759139
1.365236
1.414544
1.798913
1.024826
1.216787
1.792317
1.240216
1.280053
1.205204
1.503572
1.372781
1.180047
1.777160
1.984037
1.043016
1.990838
1.768167
1.501884
1.708661
1.444766
1.694429
1.259425
1.897930
1.739842
1.077502
1.853734
1.878060
1.935685
1.596557
1.210756
1.910057
1.552441
1.999176
1.558545
1.509065
1.082163
1.222665
1.353192
0.889740
1.483149
1.953645
1.112064
1.544507
1.016929
1.034498
1.423792
1.632125
1.563739
1.362707
1.861897
1.885489
1.220296
1.989507
1.036158
1.276900
1.804183
1.320462
0.926894
1.476899
1.592163
0.912976
1.669635
1.046343
1.112466
1.573111
1.621732
1.921467
1.626020
1.942721
1.691248
1.341238
1.873616
1.661464
1.748379
1.672859
1.834610
1.384326
1.840401
1.393149
0.952052
0.898354
1.811812
1.583312
1.241835
1.136447
1.612074
1.038160
1.296797
1.248373
1.732766
1.279539
1.689285
1.230081
1.740615
0.983420
1.491233
1.917928
1.272379
1.503671
1.947065
