1.976562
1.911856
1.802404
1.958310
1.946229
1.792380
1.975369
1.825708
1.965433
1.905129
1.967739
1.786046
1.795280
1.945272
1.780831
1.996102
1.837868
1.977846
1.932727
1.999937
1.770817
1.686311
1.867765
1.947042
1.911260
1.953268
1.786543
1.588646
1.921530
1.885550
1.846096
1.761087
1.888256
1.554895
1.850165
1.650192
1.819560
1.625250
1.781930
1.870848
1.939799
1.988860
1.804023
1.970978
1.880166
1.945634
1.838328
1.733480
1.609891
1.709732
1.932623
1.687010
1.713261
1.657249
1.913754
1.791657
1.480605
1.973811
1.658412
1.778964
1.916446
1.918222
1.961962
1.920849
1.685800
1.692997
1.835453
1.898376
1.739486
1.991681
1.781259
1.524707
1.924659
1.590956
1.734904
1.896357
1.569162
1.483042
1.978992
1.795728
1.982978
1.912009
1.777295
1.917615
1.831649
1.567338
1.936347
1.698554
1.914549
1.423089
1.791121
1.841709
1.968104
1.713306
1.380124
1.558031
1.742023
1.429586
1.969272
1.630421
1.628654
1.813742
1.934398
1.885152
1.874588
1.887902
1.806509
1.684445
1.599947
1.841410
1.765972
1.850582
1.652462
1.682139
1.588459
1.668183
1.944681
1.784634
1.804908
1.708679
1.483054
1.991087
1.881548
1.853303
1.883976
1.742059
1.855142
1.767647
1.982426
1.852326
1.964403
1.549509
1.849467
1.705555
1.341523
1.932408
1.617548
1.999798
1.808182
1.405388
1.517759
1.725775
1.846279
1.323189
1.576144
1.546912
1.976410
1.698622
1.448009
1.761918
1.804867
1.704961
1.340793
1.596895
1.959083
1.828958
1.791157
1.802414
1.650319
