1.264885
1.964304
1.875777
1.882220
1.901086
1.775558
1.677019
1.810530
1.843814
1.572927
1.413687
1.849740
1.937571
1.820644
1.201019
1.905779
1.710900
1.920795
1.551205
1.611826
1.187601
1.672683
1.339833
1.985689
1.688854
1.700610
1.782063
1.955788
1.605058
1.840331
1.634503
1.353815
1.228969
1.841703
1.832955
1.989050
1.987282
1.590952
1.426261
1.772079
1.797191
1.708786
1.348156
1.898746
1.987875
1.094943
1.692943
1.449409
1.505543
1.101859
1.777082
1.643132
1.666001
1.576035
1.220376
1.612214
1.967380
1.613369
1.795975
1.189082
1.710928
1.097799
1.823672
1.842159
1.616214
1.336076
1.827745
1.627252
1.676859
1.987087
1.985868
1.939650
1.873953
1.491432
1.880188
1.638117
1.831369
1.295588
1.800673
1.842670
1.158982
1.637222
1.569069
1.565792
1.787891
1.598738
1.853951
1.989334
1.632752
1.843237
1.696990
1.703657
1.957250
1.660774
1.859437
1.465762
1.450438
1.346867
1.892986
1.692233
1.755750
1.550631
1.388752
1.119079
1.266397
1.630231
1.573180
1.617650
1.926940
1.656208
1.923177
1.701449
1.704498
1.189454
1.965521
1.578074
1.044202
1.779616
1.977968
1.805944
1.555737
1.234746
1.941525
1.263336
1.697213
1.499942
1.962437
1.873311
1.590473
1.691925
1.743719
1.972201
1.426821
0.872556
1.694797
1.630394
1.900831
1.777421
1.099567
1.130139
1.874250
1.915419
1.428266
1.561366
1.791774
1.820635
1.920983
1.184553
1.947981
1.789218
1.660803
1.793360
1.554712
1.880264
1.411144
1.091931
1.165894
1.422809
1.796494
1.819249
1.924985
1.660656
1.621953
1.890047
1.917133
1.995867
1.923728
1.823841
1.392103
1.587223
1.811250
1.277011
1.775474
1.957542
1.913952
1.837795
1.540331
1.723414
1.823405
1.612769
1.245526
1.880049
1.646272
1.792536
1.634615
1.671700
1.626149
1.962228
1.439161
1.957385
1.683295
1.317172
1.657505
1.891601
1.783972
1.995759
1.751940
1.663447
1.383408
1.669624
1.703728
1.761245
1.277433
1.732146
1.341730
1.128925
1.822139
1.585467
1.631938
1.677533
1.906212
1.747943
1.766944
1.957939
1.071822
1.847541
1.888898
1.739331
1.222071
1.372125
1.294254
1.728672
1.707014
1.987534
1.907150
1.572874
1.805897
1.514968
1.012787
1.923512
1.651443
1.738775
1.244731
1.624220
1.605256
1.704854
1.892700
1.886873
1.154658
1.455278
1.866242
1.522025
1.974379
1.516415
1.801040
1.039386
1.628670
1.982716
1.049293
1.445779
1.355194
1.862030
1.371740
1.308757
1.637589
1.978945
1.978327
1.880639
1.251728
1.763197
1.668496
1.733008
1.268724
1.681458
1.872722
1.564664
1.617925
1.964415
1.297161
1.528417
1.380156
1.308653
1.897141
1.719196
1.654480
1.711918
1.141593
1.710861
1.871318
1.722320
1.333432
1.887273
1.155067
1.216961
1.455696
1.969847
1.835680
1.587294
1.090862
1.466475
1.901906
1.594015
1.463175
1.868012
1.900422
1.718041
1.806333
1.627208
1.250315
1.721326
1.922970
1.754063
1.228265
1.832927
1.997326
1.954957
1.366201
1.107386
0.835791
1.707125
1.552412
1.563930
1.390008
1.650954
1.639245
1.509143
1.779418
1.574888
1.451668
0.987344
1.772538
1.125233
1.768616
1.629228
1.847591
1.503582
1.846591
1.736254
1.794625
1.825022
1.782942
1.212042
1.458588
1.715805
1.612720
1.836212
1.305895
1.045953
1.080819
1.678808
1.848232
1.742408
1.421400
1.109816
1.461210
1.840790
1.313105
1.792079
1.310627
1.030560
1.715850
1.452267
1.257671
1.964454
1.723270
1.457771
1.043465
1.226236
1.680675
1.662165
1.281296
1.562968
0.994076
1.720576
1.842234
1.850139
1.623389
1.417423
1.851908
1.673095
1.439427
1.717457
1.269701
1.310057
1.575082
1.860788
1.739571
1.248111
1.633784
1.960034
1.835710
1.904159
1.530650
1.916531
1.401557
1.327425
1.952477
1.122483
1.955190
1.457136
1.846511
1.146571
1.786795
1.464071
1.781162
0.890255
1.640805
1.342672
1.719864
1.672052
1.233347
1.860131
1.579956
1.639476
1.175580
1.371937
1.750610
1.511758
1.400657
1.897350
1.438480
0.870150
1.779497
1.584526
1.615794
1.790751
1.363076
1.653702
1.757464
1.369728
1.388660
1.224014
1.446628
1.373419
1.701218
1.899931
1.365870
1.659635
1.624168
1.959976
1.102670
1.898546
1.392321
1.494263
1.352739
1.405863
1.309295
1.928257
1.512476
1.351216
1.828764
1.759715
1.638939
1.822302
1.979941
1.347041
0.993527
1.237478
1.607947
1.602823
1.293569
1.609475
1.283106
1.019779
1.357476
1.399000
1.497992
1.612300
1.255966
1.592257
1.168044
1.544247
1.596987
1.988150
1.087932
1.663970
1.716417
1.591998
1.830248
1.795938
1.747772
1.701078
1.946007
1.755023
1.874927
1.354655
1.569762
1.078577
1.576704
1.083212
1.376225
1.748829
1.353888
1.555817
1.705308
1.776612
1.748928
1.081092
1.602452
1.219345
1.307789
1.182575
1.395955
1.828089
1.247795
1.193658
1.787223
1.658014
1.067361
1.774039
1.138252
1.092566
1.145421
1.296481
1.753292
1.830189
1.659710
1.987655
1.884716
1.948924
1.352153
1.816619
1.948033
1.509429
1.637836
0.946950
1.977196
1.634324
1.638972
1.519804
1.791761
1.866516
1.226458
1.173107
1.873771
1.982172
1.102603
1.226837
1.210966
1.840917
0.964310
1.895061
1.080074
1.078357
1.258540
1.772180
1.696586
1.727408
1.403824
1.214337
1.191349
1.161580
1.754891
0.925127
1.797448
1.883326
1.457663
1.898854
1.847684
1.330851
1.294872
1.552026
1.488539
0.942329
1.793664
1.420351
1.795392
1.669765
1.162251
1.468592
1.462803
1.754795
1.891491
1.562881
1.498124
1.765486
1.898941
1.413053
1.448558
1.732381
1.313158
1.528451
1.572346
1.344139
1.377784
1.924779
1.119972
1.894435
1.777337
1.092957
1.013892
1.066652
1.835926
1.714833
1.500093
1.781301
1.506067
1.591073
1.261337
0.762081
1.379747
1.975929
1.522012
1.743880
1.904808
1.574389
1.236485
