1.734154
1.960589
1.683555
1.981622
1.728062
1.661726
1.616258
1.327745
1.880422
1.842679
1.714369
1.886750
1.515385
1.972526
1.848571
1.770259
1.814561
1.649053
1.434023
1.508374
1.774099
1.862725
1.647009
1.771628
1.842371
1.519144
1.989856
1.723926
1.858755
1.754272
1.934171
1.882845
1.558702
1.391015
1.421539
1.616881
1.553040
1.787143
1.546064
1.904940
1.856592
1.655461
1.376173
1.775664
1.858763
1.973033
1.741894
1.811200
1.755900
1.594333
1.957782
1.754205
1.497109
1.614917
1.999828
1.928674
1.380706
1.751368
1.590338
1.788187
1.942271
1.657148
1.824293
1.650948
1.943967
1.587229
1.486876
1.836028
1.821874
1.628180
1.771952
1.686374
1.850664
1.677370
1.885087
1.995237
1.495762
1.469778
1.533498
1.597891
1.930881
1.423078
1.687666
1.994891
1.797645
1.562596
1.530471
1.945387
1.472623
1.862166
1.682857
1.595772
1.650971
1.338350
1.550887
1.623714
1.955314
1.746057
1.831398
1.875262
1.842388
1.293340
1.716720
1.441293
1.677610
1.479082
1.827219
1.493337
1.956426
1.623096
1.194722
1.412194
1.662272
1.477121
1.741242
1.950454
1.333120
1.707767
1.613283
1.677209
1.767291
1.220281
1.388297
1.596095
1.822430
1.809055
1.668329
1.692096
1.398539
1.850589
1.150563
1.773914
1.839337
1.560127
1.851346
1.511846
1.732801
1.888068
1.289780
1.407990
1.996339
1.872032
1.787917
1.935189
1.096975
1.989388
1.973161
1.986702
1.745235
1.105811
1.800230
1.322745
1.606579
1.523617
1.359575
1.977478
1.678348
1.892916
1.411249
1.929546
1.962146
1.851146
1.478611
1.929867
1.804108
1.301076
1.552361
1.389949
1.751575
1.899836
1.307534
1.165726
1.984025
1.758113
1.135721
1.149976
0.973947
1.750034
1.289179
1.609237
1.009818
1.807083
1.913221
1.943315
1.684624
1.659359
1.967515
1.251067
1.487105
1.389993
1.676617
1.974062
1.388001
1.392443
1.616619
1.261631
1.377063
1.423444
1.526399
1.020026
1.730957
1.767114
1.655844
1.566008
1.723673
1.213726
1.426228
1.947475
1.433441
1.422894
1.523090
1.440810
1.931464
1.848578
1.094539
1.761073
1.993959
1.686710
1.442212
1.785640
1.922759
1.539872
1.915620
1.876178
1.469524
1.792690
1.249847
1.490861
1.683292
1.994925
1.965942
1.219659
1.802951
1.536748
1.273655
1.714619
1.588933
1.889162
1.271842
1.897151
1.523123
1.657071
1.778680
1.680383
1.405841
1.628793
1.194513
1.982443
1.173766
1.769604
1.866443
1.546078
1.472334
1.696517
1.166014
1.979804
1.046455
1.817353
1.562466
1.471365
1.999483
1.600018
1.677078
1.828290
1.967577
1.885947
1.437418
1.712830
1.466349
1.327968
1.202682
1.919583
1.172619
1.785059
1.822983
1.945556
1.396842
1.623065
1.200970
1.830591
1.897549
1.547993
1.872435
1.486606
1.433531
1.878168
1.170974
0.972384
1.961211
1.696992
1.418508
1.964608
1.401135
1.856553
1.919725
1.764264
1.712572
1.968455
1.605722
1.583129
1.568006
1.576041
1.384113
1.992528
1.756083
1.588598
1.645815
1.804063
1.785551
1.791004
1.919162
1.158253
1.275775
1.474767
1.968095
1.997949
1.399644
1.367628
1.944507
1.972081
1.754492
1.823952
1.854012
1.668685
1.802342
1.999923
1.519262
1.973685
1.175353
1.900440
1.670449
1.331198
1.713177
1.823114
1.255098
1.229209
1.937206
1.602980
1.184936
1.381531
1.312829
1.747140
1.656795
1.287074
1.503109
1.595365
1.547731
1.422677
1.150829
1.466536
1.341095
1.404383
1.743458
1.934747
1.272388
1.455180
1.402476
1.475923
1.537666
1.904677
1.109237
1.747531
1.997431
1.837987
1.464991
1.881762
1.068183
1.976412
1.781312
1.764760
1.790427
1.888928
1.723349
1.498989
1.562133
1.270556
1.481150
1.390105
1.951545
1.866324
1.747758
1.807024
1.915934
1.741794
1.875124
1.389284
1.811258
1.601905
1.917702
1.260034
1.809946
1.449139
1.374283
1.812956
1.386097
1.855126
1.671357
1.110722
1.695090
1.884906
1.961141
1.237596
1.590980
1.979833
1.771065
1.641743
1.644493
1.568404
1.601098
1.813532
1.882736
1.728483
1.833435
1.184302
1.331958
1.299698
1.397295
1.622135
1.847001
1.865571
1.099139
1.134904
1.219424
1.968407
1.404167
1.792688
1.898631
1.941659
1.878021
1.295430
1.804276
1.153925
1.932815
1.184765
0.972507
0.985803
1.922628
1.708418
1.450788
1.806248
1.240207
1.924189
1.953665
1.079396
1.316039
0.879203
1.307687
1.118220
1.408298
1.859751
1.940336
1.780742
1.257051
1.652280
1.422889
1.364520
1.193060
1.540823
1.560827
1.906195
1.302764
1.077282
1.947573
1.512263
1.671844
1.948033
1.320191
1.477033
1.395287
1.788885
1.471126
1.860341
1.967957
1.913091
1.957998
1.869288
1.948090
1.994087
1.242993
1.909503
1.919159
1.526576
1.549779
1.844525
1.598357
1.741888
1.811662
1.898570
1.350989
1.868937
1.786758
1.354589
1.906731
1.742860
1.467386
1.875345
1.176328
1.719423
1.559195
1.444889
1.937120
1.234047
1.747629
1.297229
1.580886
1.679813
1.531968
1.194331
1.579258
1.102607
1.478762
1.648660
1.542795
1.070821
1.434756
0.960657
1.156631
1.023107
1.873277
1.392056
1.212748
1.014026
1.076433
1.409264
1.257653
1.609600
1.415779
1.251617
1.545482
1.701146
1.589174
1.518381
1.343588
1.742161
1.476502
1.957286
1.181349
1.930637
1.491132
1.970954
1.276660
1.299012
1.599974
1.799165
1.991085
1.565363
1.609124
1.407243
1.779355
1.754911
1.021890
1.095242
1.628658
1.218425
1.918058
1.476657
1.366079
1.601276
1.931951
1.330220
1.186279
1.673111
1.427454
1.890229
1.813370
1.230250
0.920120
1.687968
1.459464
1.644071
1.180496
1.506801
1.891426
1.689759
1.878568
1.803124
1.084291
1.672466
1.529578
1.936059
1.886646
1.274908
1.935741
1.752639
1.660119
1.389960
1.258917
1.906803
1.862175
0.847282
1.705102
1.580254
1.928487
1.329065
1.255894
1.321922
1.266907
1.945631
1.762643
1.719093
1.349960
1.941052
1.635737
1.219197
1.222053
1.529288
1.940653
1.319319
1.642444
1.230458
0.988605
1.958709
1.457731
1.713830
1.195562
1.430899
1.468753
1.026952
1.440202
1.257370
1.931751
1.260496
1.707752
1.022556
1.923915
1.521392
1.185293
1.621038
1.402755
1.556517
1.965763
1.297395
1.038806
1.672207
1.475949
1.815835
1.759247
1.050117
1.453227
1.973024
1.300056
1.643946
1.645946
1.633420
1.307312
1.474940
0.811797
1.744519
1.572878
1.336415
1.307968
1.038255
1.380035
1.512015
1.102670
1.591992
1.191743
1.432288
1.612016
1.881906
1.721119
1.471058
1.992199
1.698711
1.504760
1.761669
1.248523
1.585727
1.453520
1.617769
1.242962
0.753236
1.817135
1.461381
1.472864
1.916964
1.073675
1.965438
1.227841
1.645035
1.556844
1.544323
1.296918
0.922053
1.143232
1.769714
1.743285
1.719313
1.060153
1.961953
1.798874
1.396488
1.851039
1.921716
1.984296
1.390998
0.900578
1.360180
0.857584
1.901513
1.389519
1.384450
1.256584
1.301705
1.923388
1.187823
1.477390
1.576783
1.737078
1.072425
1.337457
1.866265
1.990412
1.124232
1.730862
1.977950
1.202186
1.729002
1.506820
1.276865
1.800727
1.682051
1.110158
1.144673
1.012681
0.986640
1.898972
1.759794
1.338694
1.901865
1.823886
1.903357
1.889399
1.020802
1.074611
1.932674
0.901485
1.195080
1.798344
1.640998
1.634557
1.303658
1.067554
1.707336
1.238512
1.627330
1.312991
1.171076
1.882852
0.858053
1.493340
1.375878
1.571042
1.289810
1.635149
1.666038
1.943091
1.062769
1.415704
1.910226
1.652957
1.709146
1.430421
1.136854
1.634539
1.483360
