1.931166
1.890564
1.924476
1.901078
1.832078
1.974493
1.950741
1.981225
1.821143
1.946783
1.981122
1.919299
1.977578
1.794462
1.988607
1.967040
1.955174
1.756004
1.907070
1.961520
1.838722
1.948066
1.801597
1.875220
1.977338
1.977752
1.863064
1.766679
1.820929
1.741974
1.957415
1.817955
1.996744
1.816353
1.775553
1.917946
1.744860
1.779815
1.890683
1.891710
1.671241
1.867521
1.943211
1.979865
1.792444
1.609509
1.967362
1.664351
1.820392
1.609475
1.556884
1.834101
1.604730
1.833120
1.959828
1.723199
1.621086
1.475701
1.797627
1.644780
1.624392
1.709787
1.730281
1.794713
1.455503
1.755487
1.537306
1.889722
1.622645
1.884077
1.920439
1.688661
1.544544
1.834813
1.917819
1.954826
1.608512
1.545546
1.954944
1.795774
1.853211
1.723075
1.656752
1.703541
1.342992
1.979703
1.829406
1.676532
1.731385
1.481563
1.955097
1.432341
1.991908
1.552719
1.672779
1.838606
1.864996
1.922958
1.540432
1.607895
1.445377
1.532338
1.902096
1.971716
1.902224
1.410763
1.803224
1.434518
1.981045
1.522585
1.740296
1.365906
1.732337
1.570670
1.739966
1.500213
1.307386
1.901593
1.961590
1.705525
1.566831
1.768935
1.419776
1.988477
1.567409
1.554878
1.867285
1.428112
1.569931
1.879449
