1.912728
1.997264
1.766440
1.994559
1.963007
1.877555
1.840819
1.861284
1.963253
1.902982
1.995762
1.844343
1.834393
1.862068
1.932029
1.918779
1.772309
1.904362
1.777036
1.962736
1.990661
1.700526
1.980517
1.876554
1.737813
1.937889
1.817696
1.858537
1.834359
1.771797
1.752854
1.963139
1.888391
1.946562
1.983107
1.917129
1.953282
1.883050
1.983761
1.760263
1.793061
1.749279
1.920861
1.985663
1.957785
1.611560
1.900421
1.663550
1.697026
1.963562
1.491593
1.968426
1.738518
1.760733
1.999840
1.585664
1.978868
1.825902
1.971503
1.955197
1.823372
1.845048
1.995378
1.675028
1.996569
1.972260
1.824385
1.794064
1.991928
1.937940
1.778897
1.938834
1.658314
1.865964
1.924616
1.849137
1.951448
1.826979
1.757919
1.658430
1.881899
1.596204
1.897621
1.894007
1.884013
1.934928
1.752300
1.880001
1.512628
1.877484
1.944071
1.563775
1.838335
1.970597
1.851047
1.952584
1.676835
1.979701
1.910520
1.926078
1.908607
1.702341
1.540960
1.678555
1.787546
1.981080
1.627774
1.856178
1.894427
1.941480
1.692670
1.859888
1.621933
1.738931
1.648094
1.813729
1.379990
1.677675
1.751252
1.858833
1.793145
1.688722
1.576155
1.476794
1.999826
1.940434
1.828167
1.491699
1.554633
1.925687
1.647454
1.824102
1.915192
1.773989
1.646993
1.938338
1.827493
1.824763
1.680423
1.831442
1.613849
1.883822
1.635082
1.610799
1.408442
1.536494
1.596175
1.919951
1.728915
1.658339
1.776185
1.621992
1.773854
1.553202
1.767815
1.563846
1.387468
1.701744
1.763917
1.589006
1.940240
1.709309
1.677149
1.827632
1.431970
1.751650
1.707386
1.508616
1.918036
1.714225
1.455746
1.827888
1.761100
1.848549
1.327136
1.423322
1.558909
1.995315
1.992368
1.697846
1.879010
