1.911784
1.576146
1.945394
1.932485
1.827759
1.628892
1.167562
1.634860
1.318198
1.520158
1.968947
1.749362
1.628754
1.995988
1.781625
1.138922
1.985017
1.191850
1.474256
1.880831
1.954725
1.572723
1.780574
1.968223
1.242350
1.601035
1.774536
1.452860
1.998873
1.870923
1.966556
1.973211
1.758290
1.797331
1.237790
1.756082
1.968542
1.890437
1.864256
1.904049
1.927977
1.778356
1.589855
1.400220
1.564814
1.569210
1.471017
1.734222
1.464258
1.931299
1.463415
1.296450
1.773099
1.842657
1.403179
1.820084
1.464502
1.534750
1.898032
1.938851
1.421144
1.925447
1.681267
1.739053
1.781320
1.566855
1.692809
1.103775
1.793600
1.897746
1.908729
1.652624
1.928627
1.128140
1.209510
1.625688
1.584338
1.433123
1.908742
1.724410
1.680214
1.985657
1.899601
1.870544
1.738459
1.331701
1.980364
1.606301
1.860478
1.475883
1.743147
1.857059
1.919360
1.839004
1.480856
1.974162
1.845015
1.563939
1.658048
1.137107
1.714254
1.675855
1.782334
1.625966
1.766562
1.685494
1.783429
1.821282
1.610512
1.901553
1.290228
1.834107
1.592547
1.558887
1.670764
1.130955
1.399577
1.927930
1.761994
1.938048
1.937849
1.518580
1.939242
1.859975
1.858969
1.625520
1.389000
1.114863
0.922747
1.483746
1.108316
1.287269
1.221942
1.334520
1.201482
1.810741
1.743420
1.682574
1.593858
1.524673
1.933372
1.820012
1.251440
1.212323
1.408378
1.134447
1.667736
1.791108
1.507906
1.924007
1.668095
1.919390
1.867718
1.706276
1.990882
1.665876
1.879039
1.120830
1.619662
1.539618
1.904221
1.943768
1.918921
1.506003
1.236369
1.784536
1.849822
1.613906
1.374151
1.972680
1.138556
1.864891
1.478809
1.806011
1.912588
1.564479
1.150014
1.682862
1.964570
1.426679
1.967519
1.918529
1.729570
1.511648
1.803645
1.667604
1.576061
1.708455
1.699550
1.105984
1.682012
1.860231
1.263373
1.624437
1.407213
1.648049
1.684901
1.643718
1.574498
1.542795
1.583197
1.917535
1.505590
1.688165
1.966559
1.450971
1.650271
1.589475
1.458673
1.733521
1.930702
1.559442
1.391676
1.180752
1.762423
1.347584
1.440252
1.820121
1.488639
1.671034
1.904157
1.862536
1.974505
1.170095
1.766217
1.191916
1.796138
1.386560
1.610235
1.369267
1.664093
1.442114
1.711845
1.863318
1.322890
1.653806
1.668287
1.808003
1.680403
1.588394
1.316691
1.374488
1.689434
1.354269
1.643772
1.645326
1.192447
1.750829
1.511328
1.516831
1.727362
1.391694
1.547960
1.888077
1.596913
1.457084
1.710520
1.960266
1.804817
1.382819
1.384492
1.634825
1.099574
1.906616
1.214799
1.537313
1.939788
1.368986
1.611294
1.988461
1.133810
1.780887
1.934756
1.609605
1.579007
1.875553
1.600003
1.475462
1.366866
1.730055
1.691369
1.077036
1.018947
1.638001
1.836365
1.290499
1.547500
1.556142
1.594357
1.883835
1.618351
1.260810
1.773856
1.872505
1.316173
1.516575
1.250929
1.257840
1.729795
1.787448
1.835438
1.023354
1.831703
1.649170
1.020291
1.023035
1.344812
1.471674
1.920195
1.503955
1.851521
1.914588
1.294827
1.846310
1.976864
1.228363
1.622573
1.529998
1.811951
1.763321
1.579361
1.529730
1.785189
1.532074
1.960096
1.960383
1.787523
1.603688
1.494613
1.686711
1.136090
1.915685
1.104360
1.658338
0.931451
1.743370
1.546117
1.141456
1.447099
1.212593
1.676200
1.931446
1.615566
1.005124
1.526228
1.829865
1.742580
1.927421
1.790806
1.941423
1.379177
1.965944
1.813746
1.730581
1.552060
1.694516
1.470966
1.408935
1.349283
1.752342
1.646249
1.640431
1.150698
1.347755
0.935628
1.966572
1.625244
1.667096
1.690398
1.741907
1.540892
1.725956
1.617955
1.782958
1.873576
1.967027
1.450263
1.749560
1.580033
1.873924
1.342334
1.643572
1.815917
1.833015
1.807761
1.450434
1.976481
1.927459
1.243683
1.544583
1.530000
1.191098
1.894998
1.582009
1.882404
1.373798
1.624014
1.923108
1.602414
1.386560
1.113272
1.704428
1.801492
1.786995
1.968788
1.824649
1.229824
1.919016
1.668479
1.496250
1.787639
1.695172
1.373349
1.717191
1.974018
1.672187
1.543542
1.447047
0.936259
1.963444
1.046250
1.821089
1.158993
1.212418
1.084715
1.728660
1.446621
1.796732
1.963731
1.801814
1.346828
0.949955
1.881888
1.702305
1.179698
1.454735
1.119807
1.614990
1.581507
1.942506
1.808501
1.725571
1.771097
1.863679
1.812280
1.915697
1.137479
1.653542
1.976875
1.133796
1.875894
1.874548
1.257835
1.654893
1.138366
1.400133
1.941383
1.713973
1.689345
1.852610
1.437166
1.076223
1.563363
1.514227
1.631755
1.446406
1.585769
1.592019
1.372687
1.833022
0.937238
1.013705
1.648366
1.568189
1.636505
1.621541
1.875532
1.978089
1.094958
1.674305
1.900191
1.161717
1.679443
1.871722
1.546463
1.562990
1.782110
1.483987
1.103486
1.612604
1.843275
1.267738
1.772973
1.363432
1.962755
1.969532
1.396788
1.978574
1.008769
1.295969
1.982747
1.851198
1.571188
1.291408
1.991270
1.283113
1.652634
1.307892
1.366982
1.465327
1.901217
1.137922
1.078959
1.811471
1.822069
1.179670
1.556114
1.814591
1.940322
1.317596
1.957136
1.809637
0.921809
1.194275
1.705484
1.661040
1.879014
1.046601
1.303403
1.911741
1.654867
1.448157
1.623337
1.506127
1.852253
1.453515
0.890443
1.581369
1.085811
1.897356
1.408512
1.758889
1.765523
1.275905
1.882697
1.322379
1.892293
1.893275
1.851620
1.906048
1.349421
0.990274
1.882067
1.146001
1.814390
1.406520
1.178697
1.897442
1.963103
1.364693
1.920528
1.894606
1.249404
1.208741
1.816813
1.998277
1.768953
1.499768
1.186332
1.818019
1.580538
1.240089
1.413833
1.526907
1.283275
1.822236
0.929649
1.577995
0.934110
1.537897
1.886672
1.336424
1.683968
1.784735
1.279061
1.788679
1.528976
1.797504
1.973354
1.227663
1.626912
1.901934
1.686181
1.656223
1.098075
1.831664
0.999786
1.662406
1.434424
1.176740
1.655162
1.147377
1.900785
1.770382
1.980444
1.132366
1.156351
0.978131
1.437829
1.999884
1.944458
1.899220
1.944687
1.670979
1.934129
1.696077
1.867231
1.420305
1.136292
1.179402
0.820827
1.931203
1.243207
1.773069
0.964610
1.432553
1.585376
1.949448
1.289567
1.802960
1.938886
1.198803
1.379450
1.462469
1.124844
1.708717
1.741351
1.330150
1.433414
1.832878
1.310371
1.997351
1.812446
1.292863
1.358956
1.691235
1.681824
1.474217
1.831020
1.012545
1.478316
1.063008
1.789325
1.712484
1.463344
1.972607
1.593512
1.652711
1.271177
1.948849
1.494735
1.309422
1.042203
0.906413
0.968314
1.590888
1.608990
0.973245
1.415404
1.898320
1.157512
1.087515
1.370498
1.983930
1.843079
0.841539
1.912211
1.508747
1.755109
1.985167
1.107641
1.087827
1.586705
1.602435
1.060464
1.760847
1.604404
1.969137
1.901492
1.400737
1.335282
1.604581
1.836912
1.812689
1.098261
1.710234
1.629411
1.881659
0.992340
1.959778
1.931346
1.749072
1.470399
1.430186
1.766240
1.570280
1.724089
1.793233
1.512090
1.417743
1.874504
1.415259
1.255238
1.174067
1.060275
1.959351
1.794473
1.278484
1.071723
1.617982
1.816494
1.609138
1.847829
1.593066
1.882762
1.390304
1.146313
1.247911
1.180079
1.695506
1.833682
1.587472
1.815594
1.955720
0.997702
1.063147
1.893361
1.300866
1.523070
1.386007
1.090096
1.150395
1.537818
1.748391
1.957392
1.213661
1.324757
1.447474
1.334743
1.595570
1.131481
1.452169
1.555407
1.722361
