1.777105
1.860593
1.756543
1.773194
1.749916
1.804225
1.625908
1.967441
1.961334
1.721670
1.640230
1.683681
1.802956
1.368075
1.664049
1.847239
1.976047
1.522481
1.379720
1.917756
1.318818
1.940002
1.316239
1.734767
1.692353
1.452749
1.798211
1.990553
1.883079
1.854242
1.425821
1.648748
1.834476
1.784462
1.759064
1.784791
1.451263
1.618509
1.714078
1.557814
1.526214
1.897140
1.653142
1.670573
1.403548
1.334944
1.228682
1.821701
1.641522
1.521711
1.973846
1.957208
1.355850
1.621998
1.510450
1.913875
1.628033
1.744111
1.380942
1.532924
1.624100
1.964016
1.182742
1.607738
1.994855
1.499834
1.973050
1.470845
1.698208
1.806879
1.855252
1.481802
1.649042
1.210423
1.938022
1.216082
1.897199
1.595221
1.400085
1.501542
1.850412
1.396698
1.629754
1.044655
1.883411
1.978747
1.762154
1.158694
1.994698
1.425250
1.822983
1.293757
1.584955
1.319251
1.439181
1.589464
1.911541
1.994135
1.643527
1.314124
1.970012
1.825447
1.619719
1.427470
1.743538
1.426286
1.670204
1.604507
1.851605
1.524756
1.225694
1.967781
1.603370
1.530618
1.601826
1.279998
1.926419
1.836166
1.248434
1.895414
1.272429
1.715198
1.215101
1.504904
1.068777
1.474274
1.734653
1.999941
1.705358
1.871734
1.145041
1.963989
1.281952
1.232976
1.232799
1.934192
1.331397
1.836520
1.692157
1.723042
1.940193
1.978452
1.763436
1.775245
1.336584
1.780688
1.866771
1.925653
1.604614
1.158517
1.161379
1.255964
1.584965
1.515590
1.466064
1.972718
1.593086
1.544547
1.948789
1.618671
1.973921
1.169589
1.550575
1.560397
1.282257
1.686306
1.691327
1.280226
1.709062
1.718111
1.786999
1.753717
1.563155
1.771797
1.406682
1.518057
1.270671
1.368681
1.612023
1.664386
1.865723
1.513357
1.654626
1.229462
1.532068
1.481485
1.077211
1.979155
1.382963
1.394074
1.847499
1.023188
1.964775
1.320406
1.387869
1.290109
1.660410
1.022843
1.921895
1.439930
1.694541
1.398709
1.424477
1.813179
1.726472
1.516806
0.937965
1.851325
1.829558
1.772639
1.952733
1.499044
1.469390
1.786715
1.545433
1.701657
1.321924
1.251757
1.636409
1.955927
1.722820
1.606787
1.936594
1.891345
1.696800
0.993150
1.803860
1.362048
1.392370
1.958046
1.671090
1.985749
1.628696
1.723655
1.418984
1.213683
1.311178
1.446031
1.859088
1.569367
1.721912
1.681506
1.166604
1.604356
1.330199
1.827374
1.710053
1.607843
1.879693
1.347072
1.438129
1.507912
1.517059
1.197251
0.942587
1.486267
1.177789
1.887341
1.705491
1.187590
1.810083
1.412075
1.965520
1.651024
1.814764
1.277975
1.853196
0.908772
1.416343
1.423161
1.971090
1.367341
1.768758
1.879715
1.802223
1.642869
1.313268
1.294691
1.965756
1.270049
1.818640
1.294131
1.514677
1.748094
1.489120
1.522351
0.998440
1.712763
1.743990
1.966758
1.609630
1.523408
1.986990
1.591615
1.406863
1.344493
1.848931
1.440449
1.085170
1.417529
1.813112
1.838733
1.145156
1.070165
0.982006
1.805946
1.069835
1.827389
1.930918
1.991030
1.884244
1.494102
1.505099
1.645091
1.777721
1.736721
1.157206
1.470496
1.234274
1.250111
1.919230
1.751094
1.276808
1.480310
1.823346
1.921927
1.619344
0.854501
1.088004
1.651011
1.903144
1.978065
0.862441
1.560026
1.180842
1.034505
1.617494
1.433076
1.039382
1.786764
1.571234
1.733999
1.830772
1.281129
1.411442
1.797594
1.132114
1.713617
1.909058
1.688686
1.964644
1.132607
1.747066
0.815248
1.299266
1.989654
1.455818
1.409786
1.285857
1.027222
1.423248
1.095585
0.866843
1.623661
1.116329
1.647816
