1.993872
1.954581
1.990495
1.877964
1.773104
1.868504
1.992915
1.744804
1.969320
1.847178
1.964182
1.982619
1.941331
1.857636
1.944119
1.864190
1.990836
1.812932
1.823351
1.735648
1.787841
1.843368
1.984894
1.686168
1.947494
1.817022
1.933543
1.920863
1.956809
1.701189
1.799349
1.977619
1.641460
1.959911
1.796488
1.835479
1.649726
1.968912
1.929873
1.855195
1.618507
1.807768
1.917781
1.853900
1.695241
1.919522
1.588506
1.659947
1.588355
1.718429
1.775834
1.732692
1.971466
1.992432
1.662663
1.877924
1.752865
1.792139
1.809199
1.858803
1.754423
1.921727
1.693378
1.574295
1.698437
1.608848
1.803345
1.928596
1.736407
1.789539
1.835509
1.840409
1.784929
1.923986
1.860239
1.575529
1.953042
1.998084
1.794166
1.796426
1.382342
1.755762
1.791705
1.812953
1.711154
1.608259
1.715703
1.747501
1.544411
1.615143
1.651770
1.874925
1.463212
1.583298
1.620006
1.569324
1.995397
1.619501
1.725676
1.384037
1.922314
1.795602
1.556152
1.828922
1.800501
1.944017
1.922984
1.585976
1.626167
1.983341
1.696479
1.869678
1.886317
1.636980
1.753578
1.975318
1.658434
1.574571
1.558865
1.965877
1.954427
1.548291
1.742697
1.528456
1.660177
1.452830
1.438926
1.941671
1.623365
1.597489
1.309348
1.233561
1.383848
1.801424
1.743278
1.647970
1.777541
1.420374
1.280562
1.826810
1.768340
1.446567
1.628993
1.691538
1.747215
1.897980
