1.961597
1.812287
1.920418
1.854341
1.927811
1.887259
1.996113
1.882538
1.922813
1.971213
1.742205
1.746420
1.960368
1.933273
1.765100
1.820751
1.985458
1.815738
1.922389
1.920581
1.922508
1.866874
1.951677
1.955517
1.805427
1.991275
1.858786
1.795684
1.771526
1.807670
1.970152
1.542652
1.857287
1.908949
1.720283
1.785389
1.882761
1.863585
1.736716
1.540439
1.712469
1.735302
1.722752
1.784433
1.834659
1.863325
1.834019
1.742964
1.872964
1.920643
1.989983
1.629676
1.645769
1.889032
1.615804
1.964078
1.826179
1.891804
1.794468
1.615057
1.997999
1.993776
1.738018
1.686205
1.556941
1.872697
1.765229
1.477837
1.878562
1.983316
1.976056
1.668276
1.683108
1.865598
1.705287
1.778516
1.794415
1.772806
1.713624
1.627881
1.658075
1.447253
1.608595
1.516744
1.778800
1.997185
1.720824
1.683679
1.429618
1.694685
1.755735
1.862818
1.577037
1.504042
1.761890
1.732718
1.866499
1.756993
1.618805
1.936782
1.256404
1.975268
1.574994
1.976730
1.553118
1.673496
1.720407
1.940298
1.839241
1.886773
1.879125
1.986945
1.765043
1.732097
1.913363
1.358163
1.907902
1.431689
1.702703
1.662966
1.925480
1.758989
1.722001
1.496164
1.668693
1.999266
1.419990
1.901102
1.424865
1.697004
1.745024
1.854246
1.446965
1.882543
1.580134
1.961998
1.812011
1.796276
1.525093
1.659232
1.816153
1.798784
1.432547
1.841703
1.851000
1.963162
1.312735
1.659791
1.902990
1.314195
1.955645
1.797016
1.892156
1.318423
1.330727
1.941799
