1.809417
1.936433
1.674856
1.893857
1.775981
1.422965
1.115334
1.696138
1.604822
1.938757
1.832126
1.688329
1.135622
1.591523
1.360967
1.284129
1.957448
1.295692
1.822343
1.606444
1.906409
1.715197
1.856437
1.394190
1.862781
1.632971
1.483440
1.745276
1.748436
1.555218
1.640015
1.911230
1.886185
1.963202
1.565193
1.880349
1.907017
1.995583
1.803114
1.831674
1.280605
1.293328
1.583465
1.219154
1.953623
1.873382
1.625347
1.821152
1.524098
1.797261
1.619048
1.383685
1.669296
1.755663
1.644132
1.983264
1.782035
1.801212
1.454359
1.817255
1.796282
1.514220
1.674949
1.659603
1.942450
1.671394
1.378212
1.933666
1.946522
1.255865
1.756546
1.634014
1.740082
1.830000
1.894140
1.243984
1.259321
1.443713
1.616190
1.587490
1.493521
1.328921
1.662534
1.681511
1.068841
1.916707
1.420068
1.852582
1.631097
1.938659
1.089774
1.625866
1.888756
1.168077
1.245570
1.571063
1.743615
1.370542
1.318037
1.154167
0.976495
1.904416
1.607799
1.411032
1.333861
1.869122
1.260658
1.407148
1.452835
1.949490
1.330427
1.527713
1.493217
1.811731
1.446497
1.819799
1.517748
1.597440
1.932334
1.470030
1.690257
1.675252
1.775914
1.929021
1.813848
1.614687
1.199401
1.984940
1.899218
1.453708
1.304534
1.911118
1.832088
1.834608
1.970631
1.564587
1.763319
1.616224
1.367979
1.234579
1.581846
1.377146
1.527475
1.599238
1.290208
1.822273
1.899126
1.806202
1.769927
1.731719
1.532154
1.832879
1.411640
1.728434
1.677815
1.565984
1.931108
1.632467
1.304247
1.638795
1.849515
1.562991
1.919818
1.823844
1.867867
1.529787
1.319972
0.990297
1.180863
1.766253
1.636624
1.736777
1.818191
1.459130
1.976331
1.675106
1.941742
1.667222
1.573476
1.402175
1.819185
1.192963
1.524066
1.949173
1.468226
1.788906
1.936544
1.733250
1.651363
1.756548
1.603313
1.829196
1.606685
1.600331
1.401930
1.164148
1.521784
1.617146
1.602268
1.756539
1.921022
1.886771
1.083085
1.974741
1.514695
1.611400
1.228857
1.390966
1.708039
0.903456
1.688862
1.574441
1.456384
1.708953
1.682842
1.174455
1.998487
1.909291
1.369239
1.071630
1.277900
1.196856
1.599025
1.340720
1.932500
1.410219
0.996807
1.280530
1.151087
1.950690
1.844518
1.982426
1.696516
1.994484
1.364898
1.130834
1.558594
1.247265
1.321685
1.296709
1.637656
1.410322
1.791806
1.911863
1.900147
1.936148
1.071900
1.282344
1.616722
1.718144
1.336093
1.194412
1.903970
1.311996
1.810697
1.599668
1.773645
1.883701
1.298626
1.928383
1.534317
1.090265
1.576685
1.677168
1.631325
1.958705
1.854900
1.194369
1.559165
1.705561
1.888314
1.327126
1.842561
1.943212
1.584268
1.869751
1.977085
1.829646
1.411820
1.349096
1.449185
1.359415
1.750403
1.468918
1.625594
1.163505
1.328797
1.209082
1.198559
1.381106
1.651085
1.607066
1.400541
1.182126
1.882634
1.966703
1.862122
1.937106
1.416129
1.614880
1.835402
