1.983799
1.884200
1.966062
1.819011
1.931446
1.842801
1.926674
1.775210
1.758266
1.876945
1.927716
1.854871
1.879620
1.920557
1.781935
1.611516
1.556322
1.754768
1.815837
1.971137
1.489461
1.967596
1.862314
1.776567
1.954916
1.894289
1.576028
1.849536
1.725178
1.939920
1.804877
1.692640
1.875541
1.710573
1.479273
1.948689
1.862302
1.779724
1.532414
1.799112
1.962140
1.925824
1.976466
1.922646
1.550574
1.871421
1.968185
1.912501
1.539092
1.727053
1.792428
1.992712
1.883278
1.450928
1.987969
1.871756
1.975318
1.507839
1.719795
1.661344
1.792066
1.835248
1.859497
1.743939
1.500677
1.531022
1.988496
1.867659
1.681626
1.693785
1.436460
1.562472
1.824151
1.599099
1.929926
1.739846
1.923842
1.951679
1.503488
1.682624
1.722156
1.460145
1.645406
1.898179
1.799656
1.302576
1.911688
1.421923
1.700736
1.496391
1.934120
1.583348
1.718223
