1.955270
1.902074
1.775135
1.906243
1.627500
1.720329
1.566225
1.602395
1.376791
1.793593
1.885661
1.391350
1.653109
1.726702
1.743479
1.794050
1.898248
1.941720
1.883370
1.938114
1.577870
1.816155
1.907830
1.897482
1.505527
1.987794
1.579511
1.979883
1.964133
1.348295
1.746093
1.923316
1.958210
1.379551
1.422248
1.990893
1.858141
1.318409
1.088423
1.328188
1.639737
0.942719
1.335746
1.961289
1.330358
1.918197
1.541320
1.729938
1.776973
1.161118
1.276090
1.696111
1.699816
1.996975
1.977989
1.048101
1.820290
1.890118
1.214317
1.666597
1.840738
1.206350
1.975427
1.147963
1.352485
1.550339
1.831574
1.817421
1.282314
1.769296
1.887633
1.842238
1.606485
1.756864
1.820691
1.972344
1.621451
1.931474
1.789939
1.776997
1.472736
1.854349
1.907177
1.571452
1.229299
1.962226
1.895872
1.757850
1.880087
1.489776
1.952443
1.844717
1.723816
1.287758
1.910195
1.706186
1.650058
1.975855
1.101454
1.289622
1.952494
1.019489
1.941892
1.881137
1.555164
1.635518
1.407411
1.614924
1.589234
1.790008
1.708279
1.590305
1.716853
1.107962
1.408537
1.920622
1.897490
1.105650
1.348164
1.413509
1.446069
1.317335
1.893083
1.530634
1.937354
1.444285
1.586083
1.494043
1.922087
1.256977
1.978748
1.399673
1.947026
1.518750
1.729091
1.432624
1.887224
1.579825
1.697894
1.264279
1.891823
1.842877
1.426192
1.940125
1.800747
1.738383
1.331510
1.010613
1.222213
1.268875
1.730631
1.156208
1.682502
1.748975
1.534352
1.890165
1.160278
1.229975
1.448440
1.849287
1.780025
1.759685
1.332148
1.198943
1.886657
1.835028
1.722961
1.878759
1.863366
1.514765
1.967012
1.845488
1.764986
1.421328
1.919496
1.872528
1.665376
1.743962
1.811489
1.550057
1.242113
1.533147
1.340208
1.663322
1.142712
1.972549
1.983400
1.188906
1.184414
1.557487
1.633353
1.835568
1.939920
1.406876
1.825175
1.639311
1.304204
1.784247
1.484171
1.973773
1.676988
1.643627
1.765334
1.524871
1.682533
1.486298
1.821621
1.865502
1.719358
1.763730
1.815843
1.631401
1.981459
1.478117
1.526254
1.948395
1.802585
1.584194
1.809547
1.451727
1.033676
1.879968
1.395025
1.536073
1.693785
1.281152
1.327527
1.573713
1.946309
1.398084
1.462288
1.242330
1.850223
1.884970
1.314807
1.876882
1.933499
0.929275
1.586053
1.830764
1.138834
1.912357
1.542580
1.426328
1.843781
1.843272
1.782090
1.735313
1.520576
1.196203
1.580556
1.851177
1.725582
1.237776
1.035065
1.634281
1.714093
1.903984
1.620398
1.602244
1.130705
1.309418
1.244096
1.623197
1.409557
1.212833
1.697278
1.789446
1.775500
1.577123
1.520172
1.357814
1.057992
1.262759
1.478731
1.474344
1.866160
1.249127
1.360521
1.360269
1.595132
1.863541
1.442309
1.422062
1.610076
1.292796
1.561295
1.876691
1.084061
1.915558
1.670920
1.931457
1.728821
1.453164
1.505426
1.798729
1.071834
1.722357
1.447123
1.782284
1.447098
1.751955
1.263571
1.797519
1.758548
1.973429
1.608909
1.524092
1.491131
1.768183
1.382437
1.298301
1.393508
1.620048
1.043742
1.084953
1.701677
1.084232
1.428784
1.119084
1.874299
1.783673
1.995841
1.842618
0.956647
1.037840
1.662994
1.169140
1.987893
1.824411
1.413381
1.181226
1.230013
1.626804
1.776395
1.811843
1.992873
1.992722
1.713660
1.617334
1.418632
1.857262
1.587228
1.860257
1.322829
1.368079
1.168305
1.821024
1.770375
1.949903
1.812699
1.580828
1.873673
1.991174
1.732026
1.116684
1.818919
1.325677
1.889438
1.925389
1.098673
1.528459
1.994313
1.208518
1.831274
1.484744
1.862494
1.327760
1.099686
1.918174
1.672767
1.739665
1.193614
1.586198
1.794093
1.514857
1.675010
1.234832
1.950137
1.475109
1.891731
1.849690
1.608637
1.720436
1.464895
1.656958
1.061493
1.762440
1.625861
1.927643
1.983400
1.756715
1.740781
1.466064
1.931042
1.809461
1.523063
1.193694
1.244316
1.827175
1.707673
1.804678
1.057146
1.355332
1.578660
1.312790
1.936167
0.889299
1.505423
1.946065
1.638394
1.739369
1.455826
1.622310
1.292759
1.804753
1.150313
1.324892
1.755153
1.445123
1.393360
1.008677
1.993090
1.284809
1.751863
1.865635
1.562317
1.867875
1.905120
1.518978
1.988287
1.415626
1.606184
1.833020
1.518596
1.794045
1.473895
1.549134
1.919152
1.822747
1.182584
1.709250
1.126843
1.547449
1.980366
1.485160
1.884837
1.092474
1.141862
1.714480
1.604003
1.821695
0.769847
1.829814
1.770601
1.817969
1.320428
1.522062
1.435938
1.437780
1.047429
1.200218
1.394264
1.480637
1.544613
1.998299
1.609548
1.090348
1.666228
1.976679
1.842717
1.175731
1.408991
1.491309
1.079768
1.678468
1.961167
1.713286
0.917319
1.581919
1.301640
1.419977
1.500383
1.413541
1.839920
1.722490
1.926890
1.439289
0.828365
1.451038
1.952060
1.614066
1.082890
1.457086
1.156887
1.440305
1.416041
1.335431
1.462479
1.275683
0.845606
1.695165
1.720935
1.472381
1.397406
1.081675
1.852710
1.565225
1.699204
1.764393
1.143384
1.833231
1.403417
0.948907
1.799598
1.680183
1.869233
1.820081
1.449448
1.888840
1.654568
1.531358
1.584585
1.179822
1.368197
1.347358
1.093550
1.695138
1.363066
1.719701
1.496308
1.888502
1.660133
1.519160
1.024475
1.377454
1.800878
1.756736
1.475102
1.414203
0.873208
1.955603
1.750198
1.656650
1.411355
1.357708
1.785494
1.800266
1.648626
1.932552
1.128611
1.053574
1.918100
1.316408
1.495232
1.147668
1.400387
1.519520
1.977509
1.501699
1.340063
1.233608
1.681993
1.160067
1.144293
1.783814
1.811689
1.686972
1.762704
1.251973
1.333871
1.892883
1.973914
1.862033
1.345987
1.788725
1.467264
1.020088
1.741068
1.036274
1.900978
1.203896
1.440409
1.386467
1.842614
1.499788
1.147478
1.273336
1.305553
1.959357
1.098512
1.206421
1.733700
1.035950
1.010762
1.867609
1.274344
1.978595
1.620771
1.893050
1.014013
1.269923
1.098628
1.133790
1.006808
1.454528
1.901554
1.179689
1.728791
1.726297
1.409474
1.902389
1.873976
1.552530
1.700613
1.473117
1.950143
1.361835
1.847135
1.582502
1.287707
1.103933
1.758959
1.993117
1.988359
1.838705
1.330751
0.856720
1.771993
1.969689
1.377505
1.570230
1.762720
1.205662
1.249922
1.870773
1.934321
1.911185
1.413385
1.818007
0.917842
1.627804
1.172938
0.975567
1.129564
1.572804
1.381807
1.209010
