1.951089
1.833098
1.867928
1.934495
1.931144
1.750329
1.925463
1.946770
1.952603
1.897019
1.919583
1.861825
1.944424
1.865593
1.893127
1.706581
1.994233
1.912097
1.788562
1.920052
1.749704
1.800096
1.954907
1.789797
1.968374
1.747715
1.884537
1.989768
1.851521
1.809613
1.795980
1.709355
1.858421
1.791819
1.686995
1.689133
1.902053
1.905895
1.930244
1.784134
1.679560
1.798853
1.888870
1.857687
1.634052
1.798069
1.799093
1.808664
1.898816
1.619292
1.763776
1.899991
1.828452
1.998828
1.858657
1.956652
1.600496
1.837186
1.940983
1.547213
1.715893
1.776076
1.581289
1.924556
1.890186
1.773585
1.890578
1.836693
1.711119
1.730315
1.671413
1.801317
1.877991
1.929566
1.941467
1.841982
1.954359
1.804724
1.883775
1.899642
1.618386
1.683396
1.907606
1.947391
1.884573
1.886922
1.521693
1.623687
1.945996
1.691323
1.988917
1.846866
1.792671
1.979030
1.664934
1.913221
1.731606
1.986349
1.787924
1.916242
1.702561
1.798309
1.976609
1.991158
1.657911
1.497280
1.615960
1.689656
1.765939
1.527830
1.783096
1.708959
1.460870
1.650828
1.963588
1.998414
1.961953
1.981143
1.502050
1.781356
1.892265
1.915963
1.880721
1.798426
1.934975
1.961663
1.686827
1.637336
1.659388
1.745580
1.789284
1.747206
1.906313
1.872038
1.773841
1.620644
1.711716
1.523545
1.413701
1.657228
1.828773
1.431911
1.553067
1.635036
1.682136
1.799742
1.327776
1.990187
1.994447
1.883314
1.794938
1.669398
1.962292
1.573736
