1.909136
1.979978
1.993907
1.860626
1.966666
1.895849
1.675051
1.993476
1.988856
1.941380
1.895801
1.908437
1.888019
1.922219
1.805346
1.950841
1.824940
1.916111
1.813928
1.947021
1.770910
1.808823
1.734823
1.940845
1.663638
1.867142
1.959869
1.969441
1.678210
1.828789
1.993945
1.718793
1.957338
1.836136
1.776174
1.866294
1.900474
1.909423
1.856915
1.888970
1.496515
1.787388
1.841958
1.855492
1.750779
1.651043
1.837480
1.886509
1.913952
1.784116
1.988449
1.661763
1.651030
1.944832
1.563413
1.745268
1.966519
1.812885
1.781007
1.983651
1.657309
1.961299
1.948067
1.979135
1.789295
1.859535
1.778282
1.793617
1.732114
1.635958
1.988506
1.987363
1.995992
1.775903
1.948807
1.783262
1.941261
1.945808
1.929634
1.906428
1.815713
1.523197
1.558529
1.707316
1.595243
1.930592
1.857214
1.828137
1.941014
1.664433
1.744211
1.558408
1.500150
1.516487
1.494165
1.513834
1.720056
1.623977
1.876301
1.413012
1.824962
1.593449
1.960979
1.532848
1.833206
1.670770
1.800499
1.453862
1.715932
1.793902
1.589319
1.992836
1.870120
1.554643
1.776739
1.965633
1.982150
1.823814
1.878750
1.754164
1.700843
1.834068
1.679724
1.618115
1.805217
1.576509
1.590138
1.568545
1.433553
1.926691
1.987484
1.979599
1.688466
1.549059
1.763209
1.652929
1.787929
1.811368
1.879565
1.747520
1.903434
1.309534
1.967471
1.412021
1.927381
1.971091
1.645643
1.810865
1.471577
1.815091
1.837590
1.820853
1.872516
1.776335
1.734262
