1.740507
1.950966
1.676743
1.957257
1.975052
1.628014
1.876918
1.840313
1.921955
1.787975
1.811267
1.944305
1.935864
1.795543
1.996249
1.874939
1.909827
1.901947
1.858550
1.870255
1.879027
1.441878
1.649532
1.880974
1.375011
1.927761
1.702401
1.711307
1.873172
1.449485
1.795697
1.905817
1.804866
1.992459
1.760824
1.824395
1.970646
1.600560
1.279671
1.804254
1.724068
1.824044
1.664506
1.679579
1.918058
1.576586
1.932713
1.827205
1.974784
1.435391
1.712237
1.790716
1.382054
1.569601
1.380822
1.586937
1.493028
1.545131
1.783737
1.589082
1.846483
1.709551
1.577755
1.780008
1.748429
1.700549
1.794444
1.377152
1.803185
1.637629
1.972729
1.919221
1.930465
1.643808
1.514529
1.400055
1.663025
1.837343
1.865753
1.882042
1.415995
1.870846
