1.849628
1.877901
1.886490
1.989537
1.899702
1.645493
1.866315
1.809939
1.746438
1.702046
1.571533
1.766717
1.860787
1.764700
1.804160
1.983851
1.675440
1.888737
1.894074
1.753115
1.875306
1.874848
1.848567
1.576369
1.815759
1.959265
1.730594
1.908883
1.848882
1.771447
1.773855
1.818963
1.726379
1.973523
1.486767
1.764251
1.920576
1.821394
1.683039
1.554686
1.854528
1.370666
1.949542
1.765874
1.857413
1.893863
1.505329
1.654700
1.928370
1.840804
1.673352
1.954609
1.780142
1.716694
1.818153
1.865645
1.759003
1.910559
1.211337
1.854717
1.539508
1.427219
1.303222
1.621214
1.857862
1.984007
