1.564778
1.540836
1.903476
1.987901
1.388498
1.998340
1.343057
1.871850
1.381345
1.784873
1.976762
1.934202
1.852560
1.764412
1.899345
1.636547
1.481278
1.475319
1.696726
1.927497
1.804265
1.612938
1.864627
1.656297
1.908554
1.330422
1.918931
1.674378
1.575611
1.703356
1.773988
1.758017
1.373553
1.785605
1.838085
1.764746
1.956386
1.887532
1.466164
1.163004
1.611584
1.894858
1.683144
1.877290
1.708962
1.690948
1.764235
1.633567
1.563856
1.411098
1.390359
1.896980
1.214106
1.713414
1.828867
1.957898
1.039196
1.948481
1.975533
1.927865
1.489624
1.561860
1.688697
1.818675
1.749647
1.647078
1.868930
1.653709
1.929644
1.883912
1.894176
1.924632
1.101451
1.626080
1.380448
1.200010
1.599757
1.372683
1.890728
1.957447
1.883506
1.991149
1.358771
1.565528
1.603891
1.728410
1.994466
1.528783
1.681740
1.971702
1.291064
1.956698
1.637303
1.350464
1.887405
1.952688
1.933600
1.019797
1.967268
1.688317
1.505022
1.879746
1.562406
1.606172
1.716035
1.474811
1.849585
1.706698
1.820533
1.801637
1.758222
1.802461
1.785055
1.379840
1.985681
1.677140
1.723556
1.953652
1.719938
1.627591
1.775594
1.741413
1.999712
1.368806
1.805786
1.413297
1.453540
1.897248
1.416432
1.960234
1.481730
1.224608
1.716486
1.325657
1.091090
1.906038
1.630879
1.940727
1.590837
1.862966
1.642447
1.048299
1.108128
1.562899
1.632809
1.363429
1.530895
1.295970
1.782480
1.642697
1.904709
1.559975
1.279271
1.300994
1.942657
1.179293
1.920337
1.847975
1.286956
1.696585
1.868344
1.548425
1.833450
1.537045
1.991338
1.825271
1.907623
1.800270
1.340371
1.800651
1.835729
1.427616
1.432702
1.781520
1.718671
1.024580
1.732262
1.467768
1.688996
1.429667
1.445303
1.783362
1.953854
1.699132
1.832736
1.888731
1.585581
1.881544
1.671898
1.363858
1.313136
1.933402
1.218841
1.656233
1.998027
1.642083
1.821228
1.736300
1.404968
1.955132
1.559795
1.800888
1.771716
1.694674
1.517626
1.565478
1.760202
1.827805
1.577219
1.291987
1.813575
1.645550
1.379792
1.097661
1.590575
1.381559
1.322325
1.424222
1.433122
1.811203
1.846243
1.638104
0.885766
1.299858
1.797801
1.498150
1.623757
1.440220
1.835352
0.974530
0.964988
1.632124
1.708835
1.626878
1.466928
1.681996
1.857964
1.460593
1.423287
1.638613
1.428445
1.063066
1.928948
1.966094
1.188689
1.321628
1.900165
1.799187
1.436174
1.529546
1.342241
1.107808
1.661719
1.963242
1.623051
1.616382
1.280748
1.947531
1.574714
1.731738
1.748763
1.871157
1.394163
1.709153
1.389771
1.942732
1.910394
1.456417
1.355851
1.914771
1.752686
1.660499
1.173977
1.438837
1.715072
1.951433
1.750076
1.214108
1.797327
1.925317
1.368355
1.860672
1.958201
1.949108
1.992366
1.506656
1.359661
1.753859
1.422810
1.600919
1.915266
1.817050
1.740339
1.561812
1.385688
1.696765
1.987689
1.763244
0.934648
1.944441
1.585394
1.369072
1.804511
1.273974
1.290609
1.059199
1.596265
1.453240
1.931439
1.296979
1.805872
1.226305
1.046410
1.702574
1.937346
1.486996
1.525113
1.731212
1.225851
1.487639
1.903852
1.679821
1.810195
1.366581
1.955651
1.390129
1.750400
1.710561
1.731395
1.889532
1.369312
1.587671
1.692925
1.574420
1.985408
1.863457
1.750323
1.516749
1.625998
1.268958
1.486684
1.315761
1.904359
1.707672
1.313348
1.409988
1.754978
1.483400
1.883011
1.141024
1.691651
1.200822
1.907004
1.228385
1.742082
1.565549
1.878186
1.855154
1.901058
1.293288
1.314419
1.458236
1.838925
1.046031
1.990655
1.376729
1.929580
1.747346
1.443699
1.458539
1.140993
1.600765
1.380415
1.591445
1.458091
1.922914
1.812452
1.988757
1.573586
1.753826
1.405686
1.941729
1.961133
1.535903
1.300709
1.710715
1.940204
1.488144
1.825501
1.275011
1.293657
0.934296
1.886409
1.736371
1.350867
1.486069
0.910964
1.915633
1.589005
1.703005
1.803271
1.102320
1.084213
1.833987
1.207233
1.456023
1.883555
1.114309
1.191638
1.773117
1.567600
1.360746
1.423112
1.501321
1.352381
1.862682
1.690615
1.758945
0.989023
1.878450
1.295956
1.536295
1.651076
1.354822
1.212274
1.323185
1.942954
1.707423
1.632569
1.355568
1.884788
1.992430
1.998310
1.298127
1.626771
1.806234
1.766377
1.879359
1.847023
1.675068
1.933502
1.363577
1.219775
1.973717
1.014535
1.432125
1.122236
1.786992
1.767068
1.910952
1.520716
1.159855
1.026776
1.371805
1.445354
1.788555
1.882744
1.592476
1.682626
1.712847
1.825254
1.449324
1.572528
1.714252
1.772024
1.499809
1.963275
1.928992
1.860532
1.994306
1.257375
1.825734
1.570392
1.240917
1.851030
1.879229
1.972101
1.752760
1.895446
1.207419
1.197759
1.996262
1.348484
0.927084
1.401675
1.267729
1.433998
1.424490
1.903854
1.850925
1.755387
1.525002
1.363437
1.629059
1.240846
1.692902
1.848506
1.287323
1.552684
1.094557
1.839425
1.228981
1.854607
1.969726
1.949396
1.135330
1.582247
1.298608
1.913526
1.576864
1.411380
1.426621
1.446906
1.247312
1.481744
1.451554
1.524089
1.980307
1.662277
1.835509
1.381736
1.990003
1.621746
1.516865
1.828437
1.194228
1.522073
1.671665
1.633040
1.265421
1.823581
1.036604
1.946665
1.480098
1.654626
1.379433
1.466832
1.532134
1.890227
1.241620
1.571037
1.770513
1.470890
1.372265
1.842174
1.900630
1.224236
1.344468
1.719131
1.561521
1.299133
1.759328
1.549911
1.858755
1.206460
1.932250
1.416338
1.482664
1.497376
1.784078
1.261449
1.822272
1.255337
1.323951
1.538502
1.339532
1.858182
1.368279
1.886274
1.790116
1.948434
1.052120
1.230549
1.398632
1.872542
1.670926
1.716940
1.644720
1.348295
1.481970
1.876493
1.975684
1.890576
0.898920
1.226804
1.696912
1.667607
1.924080
1.947918
1.619597
1.623601
1.781882
1.336819
1.194121
0.946991
1.972723
1.462597
1.299439
1.434418
1.225455
1.419158
1.873201
1.788552
1.066799
1.252308
1.358165
1.544760
1.792558
1.499248
1.102928
1.244885
1.510641
1.436387
1.646295
1.753197
0.975104
1.672649
0.981989
1.671523
1.156363
0.996569
1.607514
1.702697
1.345945
1.989331
1.508328
1.732437
1.510735
1.802200
1.864257
1.787384
1.249415
1.729411
1.528498
1.735631
1.999390
1.761560
1.690264
1.414245
1.782960
1.818369
1.596303
1.365793
1.838192
1.748036
0.985846
1.336932
1.456764
1.379994
1.411097
1.204587
1.907811
1.423850
1.676698
1.117645
1.009860
1.941654
1.816591
1.666290
1.115638
1.431258
1.604696
1.083281
1.721999
1.956839
1.675329
0.941940
1.901939
1.917211
1.023749
1.620216
1.392448
1.799918
1.322212
1.665682
1.680214
1.437715
1.332970
1.492364
1.796601
1.984817
0.860616
1.582058
1.821632
0.820359
1.255980
1.785219
0.806503
1.641501
1.645510
1.563042
1.122874
1.633865
1.104981
1.728642
1.309898
1.994138
1.596537
1.542166
1.609206
1.794179
1.773862
1.708531
1.413685
0.891026
1.694027
1.626338
1.848547
0.892767
1.134637
1.596738
1.884952
1.787527
1.249332
1.733015
1.572043
1.647771
1.710983
1.149180
1.522576
1.906258
1.811897
1.424375
1.996856
0.934952
1.443180
1.411522
1.594692
1.242016
1.605002
0.797702
1.862030
1.561734
1.423923
1.010409
1.944493
1.483395
1.722118
1.278891
1.933274
1.908415
1.258232
1.833117
1.989539
1.536716
1.842662
1.491361
0.958833
1.180738
1.151881
1.720379
1.151246
1.124495
1.776375
1.130466
1.816859
1.295480
1.917464
0.881829
1.819394
1.096897
1.494138
1.439286
1.031906
0.939228
1.155707
1.470380
1.467275
1.333260
1.545812
0.976933
1.071195
1.693760
1.386198
1.144226
1.235275
1.000970
1.291229
1.923971
