1.891612
1.998567
1.788118
1.909133
1.949439
1.813038
1.814557
1.908479
1.954331
1.883996
1.948447
1.949775
1.828770
1.974513
1.919349
1.725666
1.793259
1.944162
1.876977
1.876437
1.932384
1.801417
1.985983
1.805053
1.811864
1.602000
1.845139
1.903884
1.961708
1.742438
1.810091
1.782378
1.991026
1.827137
1.979855
1.945742
1.887353
1.952353
1.569638
1.717043
1.761422
1.915993
1.925894
1.771135
1.698117
1.736122
1.861566
1.817546
1.866527
1.676745
1.737804
1.677615
1.992930
1.695410
1.848871
1.809857
1.900387
1.742132
1.875908
1.580066
1.700005
1.920945
1.875057
1.614650
1.947060
1.991239
1.826307
1.960558
1.688638
1.918287
1.705495
1.957349
1.848381
1.753405
1.529060
1.903274
1.954192
1.539680
1.820243
1.817121
1.712693
1.794585
1.369756
1.808706
1.620262
1.877014
1.938879
1.597985
1.710781
1.592759
1.848606
1.835890
1.960983
1.655317
1.857222
1.638312
1.793726
1.804255
1.712792
1.874705
1.657977
1.656713
1.820345
1.991810
1.946954
1.770945
1.879107
1.844945
1.946662
1.610288
1.828076
1.927972
1.747501
1.613013
1.834533
1.961026
1.929587
1.632131
1.439330
1.514408
1.488694
1.543006
1.488242
1.826638
1.655196
1.503134
1.721214
1.792903
1.667269
1.724126
1.712156
1.914931
1.886105
1.692655
1.879356
1.970833
1.704165
1.948774
1.585704
1.500562
1.601408
1.562959
1.362203
1.539103
1.998337
1.846505
1.736143
1.383502
1.630914
