1.369377
1.922185
1.863584
1.560704
1.188000
1.885281
1.955295
1.782541
1.823068
1.594735
1.886905
1.853117
1.600051
1.927796
1.695429
1.407280
1.548329
1.716102
1.896432
1.560085
1.802736
1.592590
1.879323
1.766010
1.461597
1.886712
1.907553
1.970663
1.501761
1.832428
1.742579
1.706335
1.811792
1.327739
1.676450
1.392999
1.663161
1.956602
1.339431
1.536584
1.897815
0.979908
1.813405
1.496905
1.896328
1.661455
1.725969
1.265632
1.973051
1.167385
1.192780
1.999106
1.953656
1.992492
1.837044
1.117654
1.291013
1.795210
1.588452
1.383847
1.788699
1.558038
1.836146
1.737448
1.904388
1.877071
1.998814
1.657119
1.981651
1.888642
1.848104
1.301058
1.914187
1.724550
1.830269
1.995667
1.308873
1.860704
1.673178
1.894657
1.477214
1.512985
1.961714
1.829921
1.680972
1.713694
1.816216
1.561262
1.632465
1.656064
1.650270
1.823393
1.569553
1.619881
1.976652
1.419508
1.351067
1.820929
1.723641
1.811062
1.207506
1.386220
1.661510
1.736816
1.670910
1.943904
1.627955
1.955521
1.225859
1.579690
1.951194
1.836795
1.654696
1.119022
1.216961
1.725928
1.805388
1.573420
1.316195
1.251251
1.534264
1.755808
1.868991
1.239870
1.990791
0.894661
1.225617
1.830582
1.758063
1.727659
1.964841
1.286120
1.570316
1.822738
1.917321
1.896509
1.407019
1.262246
1.276958
1.879277
1.546048
1.485525
1.983934
1.854137
1.397559
1.291884
1.995661
1.602896
1.688848
1.846527
1.520001
1.969581
1.997654
1.530692
1.830428
1.223256
1.143469
1.766777
1.493173
1.963677
1.406036
1.763591
1.732008
1.266245
1.668830
1.553449
1.881250
1.773627
1.659929
1.854895
1.978011
1.898123
1.695336
1.374781
1.591591
1.738122
1.544873
1.793161
1.615461
1.572352
1.800395
1.959602
1.672955
1.771859
1.810990
1.813973
1.668180
1.848942
1.851831
1.164814
1.258111
1.585049
1.110315
1.258416
1.839278
1.411820
1.838348
1.270759
1.979964
1.970949
1.797075
1.865592
1.680019
1.749618
1.606363
1.876081
1.712084
1.684624
1.356103
1.420551
1.995992
1.517437
1.542409
1.835051
1.927281
1.444701
1.148061
1.865967
1.965615
0.988393
1.426571
1.477713
1.552199
1.843375
1.907211
1.396046
1.490050
1.862060
1.815176
1.199513
1.497067
1.563075
1.915976
1.797946
1.655450
1.441744
1.886140
1.617521
1.279517
1.977532
1.316141
1.285269
1.731863
1.341513
1.840537
1.548960
1.708877
1.825788
1.196824
1.661810
1.901304
1.698970
1.218185
1.561807
1.806017
1.603815
1.846931
1.950923
1.960465
1.491927
1.637569
1.472664
1.549540
1.331046
1.767110
1.450747
1.182669
1.948655
1.805945
1.914152
1.758800
1.220916
1.420414
1.437242
1.831775
1.848094
1.395491
1.548960
1.976728
1.624581
1.513951
1.802803
1.849023
1.012788
1.741975
1.134327
1.762606
1.605066
1.600714
1.022085
1.832380
1.911261
1.883781
1.191075
1.452064
1.212199
1.498053
1.933442
1.905865
1.636311
1.566840
1.374139
1.726828
1.590259
1.623258
1.921946
1.939359
0.908226
1.576746
1.897816
1.580188
1.940057
1.660912
1.092940
1.181906
1.598654
1.504641
1.431316
1.258622
1.549368
1.658564
1.282429
1.871404
1.202653
1.318664
1.594189
0.981314
1.839534
1.724906
1.639551
1.515932
1.700010
1.597612
1.963566
1.662843
1.222765
1.937288
1.832836
1.974544
1.459999
1.290161
1.120799
1.949416
1.400112
1.871369
1.917554
1.352599
1.482948
1.552198
1.351870
1.885659
1.851017
1.917264
1.807635
1.423874
1.410461
1.733456
1.502383
1.471374
1.341204
1.504194
1.046723
1.828317
1.595895
1.332401
1.172646
1.069574
1.664892
1.505550
1.497384
1.177393
1.517821
1.905844
1.714745
1.955057
1.277467
1.517823
1.685598
1.521962
1.599852
1.734331
1.145926
1.740311
1.389182
1.253575
1.902174
1.461459
1.399896
1.415180
1.798162
0.948078
1.869077
1.488290
1.985986
1.730141
1.924407
1.994144
1.558105
1.349569
1.880508
1.947303
1.495681
1.943215
1.526412
1.354443
1.455916
1.268459
1.805734
1.377017
1.708103
1.710327
1.607326
1.605161
1.835773
1.709838
1.144851
1.652645
1.527867
1.694072
1.616246
1.426484
1.514921
1.585353
1.815751
0.946602
1.870884
1.978300
1.415197
1.175335
1.897508
1.778653
1.507737
1.870143
1.830963
1.585942
1.586333
1.636892
1.768729
1.192128
1.267908
1.834589
0.906844
0.957814
1.793152
1.373001
1.846249
1.795817
1.371475
1.790315
1.723983
1.376443
1.853547
1.727352
1.315439
1.478773
1.617418
1.283011
1.588499
1.762035
1.122214
1.511908
1.721051
1.814382
1.909882
1.536198
1.247184
1.416732
1.656970
1.836655
1.969449
1.312006
1.149722
1.557738
1.358982
1.623287
1.616819
1.210145
1.297500
1.409945
1.433657
1.166599
1.661175
1.943225
1.303805
1.839583
1.831648
1.401912
1.394431
0.819097
1.911017
1.809819
1.838383
1.692627
1.188040
1.479748
1.711487
1.092301
1.945803
1.327624
1.493460
1.733279
1.139249
1.545781
1.164416
1.909381
1.024063
1.249868
1.723623
1.772057
1.838628
1.748261
1.713454
1.625072
1.008608
1.940351
1.310211
1.977540
1.941427
1.330033
1.711926
1.672570
1.897607
1.841570
1.652248
1.489012
1.620318
1.982793
1.680522
1.359222
1.230724
1.264824
1.338824
1.904639
1.016890
1.069990
1.381531
1.797674
1.748144
1.326133
1.464248
1.919483
1.375954
1.275502
1.801613
1.895256
1.445997
1.300101
1.998148
1.609574
1.368261
1.909359
1.240849
1.603555
1.717647
1.286014
1.554979
1.888545
1.314457
1.741559
1.664151
1.583470
1.719254
1.388379
1.607578
1.414249
1.006368
1.399798
1.135765
1.787933
1.812487
1.975021
0.824141
1.131343
1.942831
1.627946
1.153463
1.971538
1.554437
1.178515
1.890197
1.167077
0.996056
1.223426
1.476566
1.645713
1.416246
1.949722
1.572323
1.450596
1.804795
1.714702
1.624243
1.165810
1.785101
1.847170
1.160776
1.441508
1.133848
1.119815
1.552218
1.774093
1.047136
1.122974
1.332813
1.704819
1.178582
1.206534
1.574785
1.781127
1.640491
1.987938
1.485069
1.926451
1.193066
1.911782
1.963527
1.761221
1.792840
1.032058
1.725433
1.411208
1.967001
1.889563
0.840240
1.235821
0.994413
1.053473
1.752291
1.832140
1.264780
1.303328
1.145720
1.787762
1.496196
1.705914
1.958422
1.990765
1.234539
1.498915
1.665799
1.046341
1.400212
1.272489
1.955001
1.827911
1.946603
1.986065
1.931402
1.542137
0.931241
1.618082
1.342521
1.025961
1.622471
1.289459
1.393664
1.387179
1.361689
1.837655
1.108473
1.432776
1.831735
1.247864
1.473755
0.837639
1.409988
0.843480
1.105372
1.689872
1.983596
1.504803
1.426385
1.277377
1.026812
1.131284
1.407439
1.232948
0.947736
1.136129
1.702199
1.486763
1.212247
1.506721
1.569795
1.955723
1.923143
1.115273
1.537766
1.460681
1.827073
1.710680
1.699682
1.046265
1.383131
1.230919
1.926065
1.362175
1.060806
1.024909
1.020386
1.391887
1.524449
0.985650
1.736947
1.652573
1.090881
1.960595
0.874418
1.091470
1.531902
1.781342
1.828621
1.420465
1.798286
1.366314
1.378556
