1.966385
1.316641
1.609885
1.321829
1.884887
1.840690
1.823592
1.908873
1.946882
1.789244
1.696330
1.799106
1.966598
1.446913
1.799946
1.751068
1.783358
1.581026
1.849637
1.851342
1.927820
1.544948
1.306320
1.706547
1.460835
1.908164
1.665043
1.723291
1.942668
1.905815
1.693131
1.923950
1.895763
1.971712
1.968811
1.932599
1.547871
1.495250
1.883467
1.692228
1.740261
1.787778
1.602910
1.917426
1.801293
1.767031
1.662377
1.963474
1.959674
1.535869
1.945803
1.492291
1.951955
1.954413
1.704727
1.408869
1.814340
1.548596
1.875080
1.647756
1.972155
1.789064
1.691286
1.976912
1.551734
1.966216
1.526940
1.656532
1.816804
1.827067
1.932760
1.899293
1.901825
1.749172
1.540727
1.952727
1.555763
1.914878
1.799192
1.933326
1.463526
1.823771
1.900300
1.935051
1.829032
1.970731
1.531156
1.616275
1.994902
1.843162
1.869801
1.819210
1.723281
1.965743
1.762795
1.626344
1.832833
1.389092
1.858085
1.982551
1.570095
1.301936
1.288343
1.963087
1.234888
1.597158
1.604019
1.175390
1.645790
1.428930
1.976574
1.564386
1.889059
1.445624
1.843250
1.930100
1.976872
1.765441
1.484877
1.554710
1.664106
1.607518
1.962443
1.110397
1.891056
1.367455
1.466755
1.094097
1.676457
1.688231
1.586562
1.561530
0.969259
1.936757
1.309271
1.856557
1.108032
1.960191
1.280645
1.649991
1.949201
1.761676
1.630196
1.888729
1.344473
1.243224
1.843491
1.263869
1.861750
1.968447
1.622450
1.400920
1.467665
1.573307
1.637997
1.557515
1.733374
1.119243
1.666852
1.768104
1.926727
1.901662
1.475676
1.242252
0.989930
1.396249
1.656437
1.951462
1.855676
1.866550
1.430428
1.239743
1.548518
1.878477
1.488143
1.948758
1.318412
1.836183
1.828781
1.692308
1.847967
1.532360
1.726515
1.995080
1.377499
1.778365
1.679946
1.394299
1.301083
1.166621
1.555791
1.361885
1.876170
1.662877
1.938940
1.202386
1.555194
1.387574
1.439289
1.939347
1.442967
1.896977
1.599470
1.789607
1.775127
1.944653
1.817499
1.446469
1.217243
1.838040
1.907903
1.533702
1.394576
1.177616
1.432578
1.489079
1.115933
1.118208
1.234259
1.325070
1.279453
1.075608
1.717517
1.486224
1.613751
1.277586
1.349835
1.601238
1.896540
1.888903
1.357154
1.688952
1.708323
1.322510
1.853829
1.635415
1.553056
1.560336
1.715181
1.556497
1.490231
1.436687
1.936971
1.189644
0.963978
1.759641
1.493279
1.743899
1.875061
1.225425
1.682460
1.282202
1.785937
1.917925
1.915124
1.262811
1.944687
1.211938
1.492761
1.510898
1.721444
1.481601
1.459769
1.584158
1.928398
1.784407
1.957295
1.938678
1.443383
1.651572
1.541882
1.986840
1.921474
1.775701
1.310114
1.209811
1.841438
1.852751
1.895536
1.765920
1.205737
1.661685
1.707294
1.762913
1.977104
1.604704
1.363803
1.639818
1.497680
1.998597
1.621527
1.485626
1.509516
1.859873
1.820612
1.260355
1.444528
1.886362
1.518730
1.838979
1.606655
1.963459
1.699947
1.849511
1.269230
1.576288
1.837911
1.205978
1.375717
1.356471
1.406661
1.683989
1.501821
1.630458
1.373745
1.107721
1.710179
1.532725
1.375099
1.234684
1.510417
1.772931
1.869135
1.722652
1.379447
1.960220
1.770213
1.104868
1.936389
1.295767
1.292062
1.699712
1.429178
1.726847
1.645332
1.949168
1.688781
1.233133
1.277068
0.888323
1.405286
1.919046
1.914128
1.386699
1.803606
1.372575
1.013709
1.984407
1.624720
1.296440
1.886091
1.647441
1.344485
1.676296
1.894445
1.273456
1.266653
1.714400
1.872413
1.859160
0.782395
1.939782
1.665361
1.971401
1.784926
1.645532
1.045089
1.686445
1.109632
1.361908
1.951973
1.899998
1.552947
1.154996
1.637756
1.139651
1.844809
1.928960
1.223742
1.155606
1.768703
1.454951
1.764637
1.369996
1.378411
1.773939
1.808881
1.261292
0.862455
1.595052
1.240001
1.887986
1.982795
1.066086
1.504857
0.977781
1.155890
0.973191
1.974326
0.842962
1.889746
1.389818
1.102239
1.701498
1.411660
1.783380
1.588686
1.262574
1.328868
1.415078
1.943501
1.366582
1.722851
1.045008
1.018367
1.132445
1.903819
1.797006
0.948784
1.668697
1.978746
1.169538
1.612144
1.650326
1.594212
1.477314
1.999119
1.501672
1.676870
1.485306
1.305475
1.808631
0.874595
1.210174
1.702932
