1.908182
1.996666
1.856572
1.653307
1.750423
1.932718
1.855895
1.991890
1.797227
1.856574
1.777011
1.854724
1.806215
1.918384
1.810240
1.965915
1.791792
1.737671
1.988370
1.865322
1.790174
1.959242
1.793177
1.734856
1.850583
1.991579
1.867991
1.801735
1.992952
1.921368
1.913112
1.854045
1.776718
1.520098
1.667920
1.581244
1.940733
1.789134
1.912561
1.559258
1.706211
1.874030
1.926859
1.846784
1.710477
1.455039
1.991641
1.973951
1.694486
1.867788
1.709914
1.325857
1.411611
1.581373
1.731810
1.762416
1.977155
1.825231
1.784334
1.811617
1.494219
1.886082
1.904705
1.902243
1.748489
1.769381
1.739158
1.941444
1.935093
1.691032
1.424775
1.924782
1.651980
1.825543
1.331893
1.920250
1.520224
1.422275
1.761302
1.733777
1.373362
1.825796
1.944498
