1.932726
1.779943
1.956170
1.914896
1.985340
1.647652
1.856510
1.934451
1.750710
1.964029
1.977395
1.991619
1.844762
1.788758
1.991483
1.816120
1.499224
1.946314
1.765433
1.919124
1.963447
1.586082
1.993648
1.889067
1.986060
1.966974
1.990782
1.912054
1.928740
1.830516
1.761546
1.856976
1.556328
1.954700
1.908586
1.688652
1.958777
1.811750
1.685975
1.615894
1.528381
1.510599
1.978943
1.919391
1.687992
1.900691
1.443265
1.879138
1.918447
1.842210
1.800545
1.964131
1.861136
1.691981
1.672070
1.848151
1.941965
1.504832
1.749088
1.844800
1.766823
1.747109
1.921690
1.893269
1.763483
1.893617
1.823417
1.759087
1.898450
1.741296
1.402569
1.508951
1.759805
1.258264
1.767926
1.965304
1.988554
