1.976050
1.939983
1.992001
1.591283
1.720169
1.589158
1.858602
1.954245
1.654524
1.259353
1.963341
1.399339
1.418840
1.533897
1.535305
1.874944
1.539947
1.827772
1.881981
1.986825
1.972368
1.457010
1.669516
1.415866
1.919470
1.456962
1.339302
1.589774
1.911581
1.632599
1.661091
1.125370
1.932312
1.939032
1.993495
1.268659
1.452940
1.671388
1.591943
1.838625
1.955952
1.859305
1.306046
1.742826
1.837286
1.609356
1.834885
1.769387
1.713797
1.611547
1.397816
1.612748
1.832462
1.767209
1.648467
1.729218
1.991292
1.947103
1.716904
1.838919
1.021567
1.590346
1.299928
1.494336
1.059253
1.104415
1.714306
1.589450
1.458481
1.681342
1.335501
1.970877
1.700553
1.943704
1.412273
1.734905
1.291980
1.392674
1.909971
1.767952
1.367898
1.827585
1.375097
1.264719
1.518391
1.229954
1.690041
1.060956
1.785969
1.928901
1.940574
1.887595
1.908707
1.790911
1.980554
1.211256
1.934948
1.981735
1.827721
1.975532
1.442437
1.620204
1.990303
1.765228
1.468908
1.843572
1.905681
1.339734
1.931286
1.752140
1.610239
1.831847
1.878725
1.207886
1.247699
1.648283
1.019612
1.736838
1.492570
1.217317
1.965516
1.121923
1.560159
1.253129
1.951913
1.619484
1.804491
1.693966
1.851915
1.870158
1.949987
1.858694
1.653117
1.867225
1.184649
1.865164
1.676048
1.658914
1.627133
1.393686
1.839003
1.712935
1.202785
1.747669
1.909142
1.994214
1.810132
1.748198
1.371620
1.948701
1.697851
1.581107
1.825523
0.921807
1.391854
1.805935
1.668020
1.872204
1.709240
1.741338
1.379735
1.504105
1.051091
1.237386
1.197496
1.389202
1.796173
1.693547
1.783381
1.615564
1.535146
1.506310
1.750737
1.582504
1.899193
1.430250
1.491393
1.365006
1.998140
1.848614
1.345485
1.698589
1.613177
1.739541
1.741808
1.920171
1.680072
1.061067
1.695639
1.537460
1.386091
1.927421
1.713768
1.927335
1.762779
1.133161
1.370481
1.357791
1.789242
1.965465
1.350422
1.730482
1.644899
1.976118
1.449208
1.319476
1.711667
1.241525
1.717135
1.357866
1.696310
1.769457
1.221235
1.337270
1.348779
1.668103
1.326571
1.353645
1.542591
1.150708
1.208455
1.302761
1.151382
1.774654
0.784729
1.538775
1.855900
1.962819
1.523469
1.207910
1.857760
1.401450
1.507394
1.944353
1.985631
1.421036
1.665468
1.665788
1.263404
1.450096
1.420720
0.955588
1.875538
1.544647
1.491648
1.497778
1.756595
1.748559
1.902329
1.160288
1.208382
1.853780
1.263175
1.997697
1.269360
1.868408
1.383782
1.203927
1.764585
1.153618
1.559388
1.207384
1.234392
0.948401
1.136667
1.639508
1.405888
1.921120
1.083392
1.011732
1.122647
1.561140
1.140972
1.897531
1.806429
1.045093
1.873427
