1.949250
1.923586
1.892878
1.982173
1.974465
1.934850
1.922524
1.998472
1.987977
1.851916
1.943090
1.945245
1.808537
1.949035
1.958225
1.986256
1.905525
1.880437
1.865577
1.931061
1.866391
1.765759
1.830395
1.722941
1.955231
1.880588
1.877211
1.683765
1.781606
1.831500
1.978094
1.912836
1.697156
1.860131
1.737045
1.980585
1.918500
1.676208
1.624279
1.789359
1.997416
1.869650
1.967044
1.880754
1.938074
1.993146
1.967701
1.561758
1.649946
1.529958
1.895945
1.944388
1.619591
1.669561
1.784666
1.975007
1.836389
1.898496
1.903904
1.797008
1.998651
1.728688
1.688138
1.783685
1.598453
1.542878
1.950864
1.914047
1.965230
1.757288
1.924365
1.894451
1.900725
1.940954
1.531509
1.883610
1.788252
1.909903
1.610383
1.684103
1.910489
1.768903
1.483686
1.640845
1.776226
1.862248
1.951382
1.577519
1.450233
1.828726
1.830431
1.410057
1.972012
1.725713
1.751649
1.675174
1.609122
1.718121
1.584975
1.563120
1.832186
1.622492
1.767119
1.798124
1.991414
1.842080
1.437143
1.994539
1.623020
1.960811
1.724984
1.969211
1.783844
1.443637
1.840720
1.494154
1.555761
1.816770
1.556761
1.884611
1.827135
1.442418
1.514785
1.512553
1.966687
1.603744
1.430069
1.742312
1.688568
1.855604
1.615195
1.796743
1.565187
1.619543
