1.998465
1.896549
1.961919
1.903228
1.917786
1.902247
1.941402
1.945466
1.891458
1.735545
1.935229
1.771467
1.843487
1.777209
1.916325
1.924930
1.810693
1.713953
1.813321
1.805244
1.968653
1.732698
1.715948
1.745726
1.914963
1.647936
1.899690
1.769553
1.438250
1.855929
1.973954
1.941062
1.798492
1.903954
1.936523
1.653387
1.991885
1.889160
1.848672
1.849516
1.944137
1.702855
1.811934
1.679247
1.620520
1.676905
1.711751
1.909060
1.964117
1.741141
1.657471
1.977824
1.957302
1.936518
1.828486
1.658588
1.942514
1.521221
1.958544
1.844340
1.874648
1.860963
1.663602
1.942294
1.614142
1.967388
1.858923
1.883382
1.977277
1.922805
1.822805
1.642980
1.853028
1.951250
1.724460
1.474155
1.450717
1.890776
1.638425
1.966842
1.629465
1.912401
1.752579
1.628531
1.996904
1.901809
1.874100
1.500292
1.938060
1.862948
1.781778
1.982876
1.502637
1.734746
1.913995
1.685938
1.924252
1.717150
1.815499
1.604372
1.839020
1.967488
1.903472
1.522813
1.739283
1.873306
1.926005
1.875483
1.618457
1.743915
1.950469
1.965129
1.995998
1.433773
1.877412
1.975265
1.467375
1.550937
1.637156
1.743754
1.810532
1.366754
1.912192
1.708609
1.413845
1.276771
1.811582
1.848705
1.634947
1.704216
1.367859
1.441404
1.810500
1.998187
1.371784
1.962898
1.506332
1.604172
1.977100
1.827031
1.787687
1.245270
1.565206
1.586834
1.977313
