1.976543
1.708764
1.930704
1.998082
1.633060
1.836043
1.808852
1.840351
1.988418
1.669081
1.999693
1.952300
1.903232
1.749810
1.471337
1.927970
1.917647
1.522962
1.759280
1.845324
1.964451
1.633985
1.832615
1.848144
1.766970
1.918665
1.693874
1.923472
1.615978
1.822382
1.960631
1.439246
1.938756
1.976176
1.985955
1.800981
1.931329
1.956081
1.849788
1.540375
1.464196
1.628055
1.751588
1.841918
1.662109
1.739927
1.858588
1.611021
1.942968
1.960615
1.768957
1.929700
1.647493
1.636661
1.908568
1.445979
1.583530
1.576908
1.957393
1.722787
1.503016
