1.785407
1.683907
1.307918
1.818494
1.280924
1.716658
1.815978
1.708255
1.687220
1.817154
1.174610
1.776621
1.504011
1.645094
1.722583
1.861235
1.824444
1.623397
1.623258
1.964082
1.861282
1.841002
1.788780
1.551606
1.898038
1.679942
1.896739
1.256558
1.886932
1.733961
1.639440
1.521150
1.916807
1.762261
1.714166
1.441372
1.323176
1.774559
1.919349
1.950518
1.550538
1.814185
1.953458
1.299286
1.483934
1.806098
1.927509
1.584719
1.782288
1.152117
1.962165
1.771077
1.620335
1.678049
1.213917
1.854897
1.536241
1.910657
1.485246
1.547911
1.814437
1.785872
1.998574
1.539680
1.550341
1.840676
1.548679
1.998356
1.405764
1.837778
1.599982
1.962127
1.956468
1.730799
1.651773
1.825167
1.858127
1.635589
1.571925
1.869985
1.576802
1.383658
1.316471
1.888762
1.592206
1.538345
1.881937
1.513027
1.929791
1.086172
1.829736
1.994910
1.966793
1.546364
1.504865
1.318827
1.924736
1.449531
1.997093
1.833080
1.721582
1.876426
1.600867
1.466354
1.611878
1.840283
1.228151
1.909091
1.204620
1.732812
1.416581
1.416086
1.978099
1.204319
1.596095
1.841159
1.767413
1.645820
1.376385
1.616937
1.843124
1.738236
1.858242
1.833016
1.622938
1.605125
1.862177
1.868229
1.991090
1.868862
1.836063
1.544875
1.580016
1.414783
1.903641
1.545058
1.938526
1.289288
1.892034
1.643044
1.913886
1.698326
1.724267
1.633326
1.729999
1.791340
1.872756
1.576956
1.977850
1.301163
1.942741
1.785445
1.388049
1.401794
1.756591
1.124448
1.996814
1.430175
1.294898
1.880759
1.835385
1.530732
1.248600
1.408263
1.557881
1.126917
1.820573
1.263863
1.552542
1.736584
1.582560
1.410422
1.690616
1.558740
1.613742
1.391370
1.983827
1.372372
1.723636
1.414666
1.509024
1.309481
1.707223
1.906488
1.819483
1.429797
1.887094
1.802096
1.798373
1.817444
1.455208
1.214031
1.806004
1.568862
1.516913
1.406343
1.915496
1.816592
1.047464
1.184596
1.552679
1.395034
1.103718
1.602684
1.774272
1.715393
1.794622
1.447559
1.958875
1.369898
1.529848
1.443964
1.823718
1.123148
1.410667
1.565796
1.432132
1.901904
1.740237
1.569623
1.750650
1.956970
1.521125
1.847171
1.807924
1.755477
1.440459
1.418715
1.348994
1.922233
1.989474
1.772569
1.632596
1.087640
1.723343
1.765033
1.965873
1.532743
1.965302
1.190946
1.833877
1.714098
1.736301
1.954344
1.278704
1.721975
1.561685
1.809365
1.368777
1.361339
1.246326
1.975129
1.061086
1.622264
1.583030
1.679916
1.856331
1.536289
1.886437
1.888213
1.927357
1.284921
1.739441
1.989551
1.628717
1.404937
1.388302
1.216997
1.436847
1.497436
1.851973
1.292624
1.411658
1.834832
1.965414
1.893909
1.938852
1.166939
1.921863
1.163268
1.927921
1.741998
1.558216
1.269207
1.424678
1.734855
1.692976
1.898319
1.204662
1.571139
1.943323
1.828882
1.783066
1.625852
1.886412
1.787325
1.413353
1.650915
1.822334
1.669833
1.934169
1.958336
1.309303
1.208385
1.536794
1.718543
1.954762
1.476433
1.240316
1.549013
1.893874
1.638978
1.725376
1.103008
1.588803
1.606978
1.938259
1.401899
1.726870
1.647789
1.823962
1.796269
1.968180
1.834615
1.769536
1.404431
1.718716
1.933355
1.903090
1.838441
1.455671
1.925369
1.418157
1.712631
1.359604
1.769288
1.688813
1.450009
1.773639
1.708808
1.786497
1.801902
1.915972
1.567685
1.306737
1.831250
1.220932
1.970448
1.746154
1.249048
1.739535
1.124720
1.368150
1.215923
1.390858
1.127850
1.490695
1.328221
1.534810
1.880933
1.928331
1.361058
1.954666
1.246134
1.930817
1.441137
1.491824
1.517197
1.072081
1.229161
1.568238
1.625721
1.979352
1.377554
1.495275
1.807901
1.821173
1.511406
1.893620
1.962565
1.354965
1.392006
1.275726
1.046694
1.675489
1.199171
1.275715
1.957428
1.127991
1.550958
1.580808
1.043493
1.871539
1.940160
1.390480
1.677773
1.552572
1.415996
1.338179
1.373612
1.991521
1.047483
1.732841
1.637980
1.767051
1.994234
1.256658
1.521220
1.720297
1.456887
1.153828
1.303541
1.699159
1.767043
1.952462
1.237599
1.561658
1.742821
1.503500
1.944324
1.859100
1.576805
1.379548
1.384605
1.492070
1.723092
1.885276
1.981428
1.853404
1.901288
1.846175
1.707158
1.641142
1.480325
1.532545
1.290337
1.516280
1.063205
1.875390
1.807352
1.627264
1.979480
1.713928
1.999763
1.940169
1.760295
1.861144
1.553790
1.850862
1.371645
1.693490
1.882686
1.341291
1.410062
1.786651
1.813429
1.125314
1.224418
1.149940
1.284178
1.779752
1.821666
1.672309
1.216210
1.601830
1.902127
1.435979
1.838747
1.698878
1.718497
1.943022
1.589852
1.095264
1.487860
1.788287
1.819392
1.628266
1.637771
1.132817
1.292732
1.453447
1.687370
1.669043
1.484716
1.860076
1.227987
1.934257
1.311700
1.859288
1.735498
1.491653
1.917706
1.195706
1.896263
1.272956
1.909999
1.596510
1.216025
1.205459
1.768577
1.525276
1.799351
1.571846
1.566141
1.503030
1.118512
1.627364
1.667224
1.171851
1.171575
1.603173
1.351561
1.425732
1.602757
1.653934
1.541140
1.162553
1.103457
1.447263
1.132739
1.109569
1.052751
1.888185
1.772718
1.440294
1.506361
1.229164
1.895814
1.957005
1.326613
1.461214
1.832146
1.006422
1.267010
1.542722
1.005084
1.775407
1.707970
1.244993
1.341637
1.971382
1.935999
1.862000
1.254079
1.434587
1.937346
1.196665
1.678697
1.983087
1.522423
1.695200
1.808968
1.069702
1.021943
1.895558
1.415572
1.677623
1.267441
1.480411
1.990340
1.745839
1.642200
1.718952
1.086618
1.548577
1.968026
1.922423
1.984041
1.927721
1.916923
1.986132
1.005705
1.566059
1.408126
1.706590
1.110689
1.894611
1.632064
1.822994
1.637541
1.735751
0.968388
1.918610
1.695127
1.544930
1.225962
1.819025
1.123581
1.924412
1.084685
1.687276
1.819951
1.995628
1.311583
1.738563
1.423345
1.913738
1.483076
1.852016
1.538192
1.957298
1.930264
1.367153
1.846495
1.264672
1.330478
1.863064
1.591375
1.682595
1.978842
1.297592
1.766981
1.005233
1.547566
1.494236
1.971969
1.920564
1.706883
1.964341
1.584673
1.032871
1.241085
1.249732
1.662730
1.935836
1.494677
1.289352
1.031952
1.673850
1.793549
0.981886
1.406842
1.659212
1.465715
0.896117
1.623530
1.422141
1.623968
1.118227
1.662411
1.433697
1.648365
1.142594
0.906305
1.202875
1.938036
1.081405
1.122012
1.397085
1.348880
1.930981
1.499450
1.257796
1.746821
0.942167
1.394497
1.389363
1.628777
1.827781
1.378336
1.480653
1.733741
1.868955
1.624526
1.459338
1.549939
1.783108
1.984272
1.944711
1.069137
1.685697
1.439598
1.928279
1.467338
1.300096
1.664081
1.873208
1.301930
1.529264
1.989999
1.155666
1.348907
1.776073
1.917889
1.948520
1.753968
1.183286
1.830434
1.316650
1.581165
1.429053
1.531858
1.618947
1.613715
1.623012
1.061535
1.980480
1.496039
0.950402
1.422653
1.121447
1.683720
1.899540
1.219649
1.109454
1.220625
1.657768
1.822541
1.518111
1.105440
1.643488
1.508370
1.183175
0.903135
1.606010
1.301069
1.611035
1.264870
1.327141
1.083811
1.417996
1.195111
0.959123
1.963715
1.579819
1.708981
1.468209
1.806030
1.921189
1.876142
1.648272
1.687702
1.814015
1.807370
0.950060
0.925953
1.347618
1.393806
1.619749
1.398041
1.028249
1.661544
1.332856
1.974932
1.834286
0.897257
1.430808
1.216957
1.978554
1.795774
1.965956
0.897287
1.706104
1.985080
1.820786
0.969384
1.933861
1.985495
1.872333
1.734767
1.109236
1.191497
1.723610
0.904907
1.477570
1.819796
1.047448
1.206533
1.805614
1.353390
1.822663
1.504323
1.803857
0.948287
0.903736
1.389593
1.757043
1.077892
1.154684
1.370804
1.110461
1.893976
1.687516
1.952100
0.787185
1.025354
1.060917
1.164746
1.969962
1.703267
1.822255
1.941670
1.728692
1.982793
0.923923
1.707865
1.628960
1.932654
1.587054
1.771364
1.640315
1.640130
1.432626
1.567634
1.359166
1.333341
1.842611
1.637456
1.564553
1.533650
1.969120
1.481384
1.404235
0.910626
1.854970
1.972202
1.920758
1.960841
1.665992
