1.812228
1.605820
1.892149
1.976131
1.743888
1.908141
1.654786
1.755175
1.945947
1.786877
1.987539
1.442556
1.792852
1.368848
1.516147
1.942156
1.642462
1.829702
1.683141
1.558058
1.571266
1.643430
1.872909
1.751102
1.235529
1.184827
1.281733
1.745059
1.422346
1.639550
1.713742
1.441393
1.727449
1.454527
1.514018
1.416011
1.819869
1.754324
1.259098
1.907263
1.430087
1.528010
1.744680
1.571326
1.530469
1.316375
1.817702
1.922156
1.635883
1.656543
1.645198
1.426533
1.866991
1.508426
1.615357
1.603343
1.927987
1.775914
1.723430
1.740623
1.314634
1.605102
1.636133
1.774768
1.937975
1.783675
1.717388
1.078751
1.843486
1.795732
1.861142
1.740669
1.786086
1.317307
1.859811
1.374048
1.849293
1.572294
1.255752
1.216462
1.805795
1.759021
1.966698
1.671505
1.508449
1.814926
1.958324
0.924136
1.724098
1.985060
1.613895
1.998238
1.759766
1.925819
1.943416
1.575118
1.799675
1.997544
1.249544
1.895476
1.087773
1.542518
1.191397
1.928648
1.510783
1.458999
1.935602
1.416511
1.896189
1.628991
1.878474
1.188162
1.702637
1.654515
1.627333
1.142126
1.101706
1.382147
1.651295
1.677909
1.086475
1.787712
1.741221
1.972120
1.674789
1.556100
1.956930
1.990918
1.861911
1.065024
1.971713
1.549676
1.724070
1.465497
1.562545
1.707889
1.540053
1.254603
1.231576
1.630195
1.836842
1.776030
1.993888
1.713763
1.648756
1.475547
1.183758
1.658733
1.725388
1.532211
1.771773
1.536150
1.047848
1.730732
1.743912
1.031921
1.077312
1.525730
1.462716
1.205688
1.768032
1.887381
1.996285
1.867906
1.197003
1.695231
1.223567
1.804843
1.478613
1.647211
1.544846
1.845344
1.756237
1.873609
1.345687
1.547812
1.724999
1.114397
1.220056
1.612870
1.989100
1.993215
1.294405
1.905433
1.194005
1.374465
1.579648
1.190893
1.619922
1.215799
1.975285
1.638596
1.336362
1.628861
1.262103
1.029453
1.745663
1.630048
1.474666
1.501224
1.634438
1.695164
1.703780
1.188284
1.697713
1.278147
1.677701
1.990562
1.570390
1.063407
1.688775
1.896754
1.783522
1.842197
1.805336
1.543754
1.640648
1.507244
1.313112
1.528135
1.894203
1.980315
1.774166
1.612648
1.563898
1.591116
1.645870
1.424373
1.671972
1.827600
1.718448
1.418475
0.980897
0.988569
1.387989
1.715680
1.503008
1.660584
1.400847
1.764163
1.892005
1.468295
1.408568
1.959643
1.641609
1.986327
1.202648
1.407781
1.845276
1.233395
1.613536
0.938683
1.324845
1.828775
1.967237
1.608735
1.858712
1.643274
1.413071
1.586642
1.666536
1.862849
1.857956
1.698035
1.738629
1.792033
1.796074
1.398228
1.850569
1.623056
1.309992
1.600750
1.247223
1.998922
1.509824
1.689482
1.867318
1.886879
1.613609
1.217811
1.805979
1.906708
1.233473
1.468131
1.858977
1.958565
1.889870
1.428450
1.883718
1.566739
1.765811
1.765538
1.066722
1.980255
1.879627
1.845891
1.615224
1.225938
1.976824
1.134181
1.594629
1.459626
1.787836
1.213032
0.984915
1.354306
1.707761
1.491061
1.768766
1.791739
1.988484
1.687553
1.607497
1.489693
1.562360
1.313782
1.427892
1.953695
1.115469
1.811407
1.969834
1.422386
1.107774
1.535591
1.965262
1.352659
1.781818
0.978535
1.752409
1.812689
1.933700
1.444413
1.528502
1.319880
1.776878
1.975514
1.749797
1.179249
1.929882
1.807449
1.505755
1.630042
1.843143
1.555597
1.566688
1.246722
1.500095
1.578021
1.709787
1.911103
1.904613
1.210630
1.171754
1.788375
1.788374
1.004721
1.877456
1.461197
1.818543
1.934508
1.323468
1.318889
1.840874
1.524214
1.787640
1.845367
1.372295
1.854870
1.355618
1.031721
1.303187
1.704887
1.428465
1.122766
1.772656
1.064395
1.512161
1.976866
1.982696
1.298816
1.455554
1.463286
1.946293
1.007127
1.095283
1.242770
1.475022
1.792184
1.838022
1.704038
1.960098
1.551846
1.402118
1.927853
1.667729
1.896964
1.703854
1.754068
1.972496
1.977259
1.075265
1.254734
1.958176
1.928862
1.801346
1.473802
1.174335
1.781689
1.833545
1.968952
1.432124
1.867565
1.532217
1.905526
1.818889
1.905943
1.988365
1.419066
1.424900
1.912805
1.808244
1.437811
1.714520
1.540131
1.951686
1.327186
1.355877
1.994572
1.460186
1.798952
1.430209
1.520653
0.888781
1.661933
1.361174
1.093834
1.642777
1.089694
1.865641
1.583496
1.916143
1.286537
1.243133
1.664818
1.271751
1.246886
1.691772
1.653744
1.783045
1.973107
1.725969
1.775023
1.042746
1.013818
1.715561
1.903463
1.653392
1.926636
1.666270
1.820370
1.243941
1.244959
1.233058
1.302413
1.145725
1.549612
1.792390
1.981693
0.929591
1.156695
1.050540
1.637334
1.561963
1.509351
1.775058
1.137494
1.381562
1.565809
1.525842
1.603404
1.197581
1.380893
1.599453
1.019514
1.802829
1.946596
1.957585
1.091544
1.899292
1.592285
1.137484
1.608657
1.598811
1.730874
1.636396
1.251839
1.835263
1.491349
1.433047
1.576029
1.129571
1.206090
1.650674
1.243050
1.400728
1.435711
1.771248
1.861179
1.939842
1.771693
1.622779
1.838308
1.818720
1.020387
1.074406
1.908627
1.379510
1.103213
0.868864
1.615116
1.952317
1.570373
1.639822
1.068568
0.946444
1.033390
1.718336
1.905618
1.226574
1.948131
0.953494
1.416447
1.202015
1.609544
1.828123
1.527367
1.972180
1.737187
1.497327
1.747998
1.765585
1.120683
1.570945
1.777782
1.092579
1.290843
1.038367
1.093980
0.948650
1.566644
1.312228
1.158340
1.312290
1.124868
1.566697
1.507076
1.863964
1.607069
1.913527
1.098286
0.966513
1.426135
1.208795
1.431434
1.093946
1.979792
1.654344
1.089708
1.505854
1.487223
1.789415
1.449353
1.761934
1.943853
1.623702
0.988076
1.863434
1.760146
1.090488
1.325425
1.861751
1.032319
1.309538
1.140685
1.910371
1.268619
1.976656
1.485877
1.931647
1.429270
1.520547
1.436942
1.789564
1.111801
1.290712
1.855269
0.927832
1.098372
1.983735
0.892254
1.074721
1.944747
1.071964
1.944357
1.754305
1.468816
1.035101
1.573854
1.492723
1.605799
1.591069
1.286375
1.961883
1.152420
1.962007
1.362531
1.839943
1.766791
1.620654
1.467720
1.723114
0.974168
1.009695
1.521924
1.395923
1.905204
1.034817
1.921746
1.971340
1.951312
1.545829
1.939677
1.812531
1.271830
1.305389
1.372541
1.484666
1.233462
1.251265
0.921506
1.673483
1.978590
1.625180
1.633540
0.923429
1.725514
1.695399
1.574464
1.984423
1.308245
1.778409
1.392533
1.465095
1.936919
1.486442
1.381527
1.202452
1.683982
1.454909
1.108751
1.609007
1.202380
1.612063
1.739476
1.806666
1.645633
1.628932
1.544728
1.978566
1.945827
1.745520
1.511370
1.466189
1.510362
1.925605
1.814429
1.459016
1.325502
1.092217
1.171716
1.983247
1.996335
1.567412
1.997489
1.527557
1.692497
1.092250
1.464751
1.080063
1.574808
1.882834
1.759107
1.593092
1.159470
1.793368
1.654174
1.052496
1.091079
1.653525
1.570648
1.662842
1.777700
1.622972
1.386280
1.511546
1.741019
1.141222
1.424030
