1.729986
1.969426
1.961132
1.574528
1.880130
1.994023
1.839377
1.874483
1.902782
1.848194
1.910955
1.472216
1.685229
1.982177
1.937526
1.930946
1.971016
1.919660
1.698455
1.763927
1.959218
1.729957
1.979270
1.891497
1.782761
1.912363
1.757303
1.694826
1.773214
1.703342
1.641036
1.957975
1.970046
1.619515
1.977489
1.984117
1.986673
1.668431
1.799373
1.919337
1.814489
1.631963
1.962848
1.721805
1.511728
1.577324
1.825075
1.927957
1.502008
1.875837
1.353426
1.372493
1.426094
1.685932
1.809050
1.860954
1.957822
1.511438
1.897864
1.765607
1.733735
1.514914
1.350114
1.831727
1.657713
1.767313
1.934062
1.772766
1.261998
1.987691
1.895301
1.523291
1.472540
1.389579
1.531510
1.839318
1.548212
1.800738
1.763518
1.759400
1.957093
