1.795407
1.762063
1.976845
1.913666
1.880201
1.883984
1.999065
1.858394
1.951673
1.827727
1.940905
1.732792
1.841975
1.899659
1.829681
1.758284
1.925446
1.953443
1.782610
1.859659
1.952517
1.948685
1.759481
1.880810
1.837439
1.729748
1.469337
1.927892
1.823891
1.788343
1.997341
1.886185
1.786617
1.707096
1.951077
1.749808
1.936393
1.964522
1.783524
1.815649
1.918050
1.849773
1.958533
1.956720
1.900533
1.773076
1.865726
1.914957
1.939458
1.726870
1.869628
1.650595
1.604473
1.706206
1.792408
1.866933
1.821184
1.768617
1.841733
1.850103
1.984979
1.941868
1.876048
1.558085
1.805838
1.841683
1.861053
1.905945
1.535303
1.962867
1.680454
1.845070
1.740410
1.703674
1.678433
1.971069
1.460954
1.967328
1.794611
1.646882
1.947454
1.569809
1.830199
1.959821
1.798879
1.853050
1.768790
1.717413
1.654619
1.887379
1.969838
1.587025
1.924432
1.605573
1.930136
1.668618
1.872173
1.515413
1.380218
1.743309
1.864406
1.621080
1.464283
1.719537
1.617139
1.740076
1.696123
1.607549
1.533133
1.952084
1.575541
1.753655
1.697883
1.593283
1.433663
1.675402
1.435814
1.952632
1.731379
1.804373
1.795499
1.905945
1.816198
1.858297
1.335201
1.358539
1.707679
1.763750
1.864857
1.673746
1.652212
1.528773
1.827286
1.726464
1.272211
1.550690
1.439435
1.755952
1.339205
1.790672
1.940955
1.614453
1.663131
1.451317
1.947174
1.500882
1.845710
1.663026
1.749815
