1.956566
1.938060
1.792298
1.891970
1.985964
1.984086
1.847347
1.954755
1.840039
1.967959
1.923584
1.791712
1.903939
1.984258
1.414894
1.816069
1.659311
1.685302
1.926693
1.977230
1.886594
1.706650
1.987489
1.800029
1.955009
1.911900
1.955429
1.976190
1.895171
1.781665
1.876483
1.955977
1.756258
1.714215
1.811253
1.788087
1.985286
1.780239
1.614751
1.855007
1.937449
1.787244
1.794917
1.885890
1.889103
1.845151
1.876579
1.849472
1.835231
1.965257
1.696273
1.443046
1.661020
1.836234
1.751686
1.910182
1.495889
1.764061
1.987231
1.750264
1.887903
1.811285
1.460905
1.962446
1.737833
1.605928
1.903484
1.468201
1.933262
1.539184
1.722914
1.887277
1.475434
1.982218
1.604616
1.980012
1.742487
1.584216
1.386028
1.661969
1.614393
1.861891
1.491281
1.788759
1.977028
1.697937
1.407101
1.596006
1.577488
1.685389
1.961971
1.839933
1.385543
1.693536
1.863989
