1.929289
1.951375
1.924444
1.966125
1.904416
1.982581
1.846128
1.871514
1.818496
1.937882
1.861516
1.826791
1.650052
1.939052
1.999020
1.637164
1.693429
1.759765
1.857823
1.886683
1.757155
1.969320
1.847688
1.893175
1.962806
1.941908
1.753812
1.868324
1.770831
1.921967
1.906355
1.711259
1.940785
1.782173
1.976491
1.883251
1.785136
1.876426
1.767391
1.631820
1.759863
1.889346
1.751296
1.772371
1.874843
1.907106
1.841222
1.720765
1.814348
1.793196
1.712115
1.720692
1.844224
1.839609
1.896462
1.939950
1.753986
1.605589
1.917836
1.729813
1.990229
1.779216
1.602341
1.899617
1.830667
1.760440
1.801087
1.731204
1.496562
1.565557
1.715071
1.961323
1.592451
1.832907
1.992377
1.839016
1.811813
1.528093
1.617650
1.750816
1.931623
1.928566
1.697958
1.963442
1.653520
1.610036
1.564616
1.912951
1.792087
1.982913
1.675479
1.804521
1.688125
1.515897
1.552436
1.948970
1.786806
1.574756
1.522891
1.530962
1.504986
1.778974
1.507005
1.970354
1.384144
1.885641
1.944025
1.445800
1.875581
1.505181
1.456048
1.607882
1.325246
1.431091
1.601363
1.481964
1.603957
1.950484
1.993213
1.498152
1.965835
1.963572
1.743181
1.457168
1.831537
1.986030
1.584889
1.517171
1.663958
1.530291
1.882547
1.836935
1.889442
1.559806
1.707006
1.642488
1.692002
1.751981
1.461625
1.860270
1.850861
1.466231
