1.667548
1.672728
1.544419
1.874328
1.456537
1.559887
1.265960
1.746116
1.877034
1.558637
1.895986
1.895199
1.711114
1.315731
1.687856
1.648704
1.663708
1.377053
1.597484
1.820645
1.995347
1.929415
1.952430
1.759082
1.777591
1.561141
1.617102
1.882352
1.977777
1.964461
1.708355
1.269408
1.458715
1.532926
1.989967
1.670082
1.916164
1.336676
1.284185
1.586751
1.824456
1.974422
1.849161
1.851155
1.524302
1.738215
1.980096
1.829986
1.534472
1.292901
1.288738
1.745138
1.879383
1.771014
1.700011
1.750138
1.853837
1.952539
1.309732
1.510924
1.585574
1.693530
1.773259
1.554744
1.319920
1.643508
1.969273
1.777781
1.799425
1.295362
1.344869
1.755603
1.496263
1.760617
1.904800
1.605303
1.324848
1.929134
1.237632
1.702532
1.839094
1.401788
1.923382
1.955790
1.058808
1.950592
1.597383
1.855405
1.905784
1.399579
1.659273
1.443804
1.295540
1.699646
1.990714
1.950113
1.897155
1.956986
1.209461
1.801178
1.901760
1.993232
1.611048
1.620383
1.551245
1.949788
1.334803
1.442017
1.933193
1.088805
1.599237
1.873903
1.898922
1.799402
1.822720
1.834297
1.382865
1.284783
1.405364
1.837735
1.814247
1.684847
1.760385
1.626505
1.678770
1.524763
1.746500
1.998355
1.797781
1.485745
1.552969
1.836939
1.989013
1.429314
1.571181
1.885162
1.804275
1.311099
1.740919
1.971048
1.679359
1.897332
1.288108
1.645243
1.514964
1.465602
1.811921
1.922638
1.945116
1.872376
1.509334
1.695729
1.106140
1.803118
1.842055
1.828126
1.253267
1.443273
1.806509
1.347156
1.784523
1.942659
1.627757
1.925557
1.567753
1.547058
1.769327
1.421777
1.663742
1.968693
1.547965
1.957372
1.652751
1.476825
1.982057
1.231828
1.548280
1.481157
1.838574
1.777322
1.834962
1.632182
1.721018
1.185296
1.697162
1.682893
1.513763
1.251338
1.805326
1.233242
1.534469
1.468583
1.406699
1.491407
1.821674
1.949273
1.239749
1.583231
1.267767
1.883905
1.989519
1.652684
1.840155
1.948705
1.865652
1.820413
1.512457
1.826242
1.857041
1.276707
1.580095
1.838400
1.884182
0.974856
1.498453
1.897644
1.339204
1.330870
1.916268
1.645069
1.364653
1.552867
1.732815
1.505240
1.786040
1.817326
1.592892
1.608777
1.846716
1.268334
0.893061
1.649896
1.379150
1.717304
1.535709
1.683436
1.074140
1.380796
1.187936
1.395987
1.999887
1.916240
1.133390
1.246733
1.924591
1.941200
1.692803
1.300974
1.946171
1.944498
1.507148
1.863834
1.205820
1.462300
1.942895
1.842595
1.339385
1.602061
1.961859
1.910508
1.353462
1.634449
1.630045
1.571209
1.828863
1.841813
1.816273
1.377701
1.615778
1.747999
1.596689
1.900686
1.279974
1.402020
1.538237
1.416174
1.894446
1.584878
1.856891
1.783408
1.554925
1.587007
1.627014
1.950880
1.663033
1.921614
1.729412
1.392443
1.736243
1.928943
1.771157
1.795573
1.933573
1.587534
1.844450
1.817461
1.570669
1.923184
1.085501
1.319151
1.772381
1.264034
1.615930
1.272946
1.847732
1.448616
1.627353
1.178995
1.969754
1.613105
1.419252
1.104905
1.789308
1.857273
1.053676
1.637730
1.414655
1.515182
1.352614
1.800380
1.391778
1.033344
1.403711
1.762776
1.222307
1.985522
1.797948
1.948591
1.939203
1.671390
1.913018
1.797602
1.817802
1.964406
1.703603
1.716701
1.975914
1.224990
1.084877
1.441487
1.656793
1.514811
1.225479
1.536658
1.291105
1.144795
1.971198
1.472607
1.953545
1.485517
1.249227
1.805062
1.985905
1.781503
1.845990
1.603000
1.484581
1.913952
1.833787
1.329154
1.151973
1.532472
1.494950
1.205238
1.893093
1.414689
1.344708
1.311873
1.987002
1.566146
1.923382
1.201514
1.997007
1.406684
1.675865
1.101825
1.683109
1.803904
1.597495
1.766788
1.224133
1.716364
1.853692
1.843067
0.859056
1.652435
1.552479
1.711942
1.711536
1.698553
1.058162
1.791977
1.447016
1.787559
1.313176
1.231773
1.576993
1.884777
1.860908
1.382840
1.317400
1.904226
1.730909
1.967974
1.772199
1.282782
1.646028
1.483660
1.733537
1.730170
1.359159
1.274759
1.411835
1.779360
1.764165
1.304303
1.950545
1.626912
1.632950
1.455165
1.787468
1.961587
1.630970
1.736320
1.837129
1.588200
1.350916
1.528258
1.905340
1.650506
1.263781
1.473229
1.555670
1.476103
1.121580
1.450333
1.537886
1.452186
1.439254
1.774351
1.198898
1.826100
1.640384
1.783700
1.564964
1.116543
1.785906
1.524912
1.621867
1.718740
1.996097
1.301107
1.156646
1.961586
1.995730
1.348792
1.817747
1.221397
1.083055
1.526544
1.317857
1.053886
1.947083
1.910691
1.769486
0.981426
1.127898
1.006869
1.528025
0.862581
1.146135
1.285759
1.077313
1.037207
1.280474
1.915028
1.314316
1.740966
1.679231
1.540921
1.353639
1.831076
1.271177
1.676095
1.963780
1.411094
1.408966
1.520320
1.901228
1.496552
1.214648
0.867780
1.950747
0.930511
1.509106
1.439999
1.683891
1.350640
1.264891
1.228442
1.638623
1.838149
1.230750
1.247936
1.903026
1.454843
1.152451
1.567044
1.596485
1.016625
1.285566
1.878185
1.536960
1.958727
1.307248
1.719269
1.316558
1.446428
1.248509
1.692497
0.840182
1.731192
1.827272
1.838360
1.076894
1.385077
1.802618
1.170303
1.420108
1.098464
1.218040
1.450285
0.912269
1.408182
1.841113
1.226310
1.822440
1.520467
1.311992
1.921553
1.325525
1.615756
1.511342
1.784362
1.970834
1.987034
1.925826
1.525012
0.851998
1.511038
1.165994
1.239140
1.704906
1.984135
1.602522
1.437636
1.683424
1.613399
1.050714
1.776469
1.590033
1.540683
1.715823
1.271801
1.412706
1.344879
1.743769
1.649853
0.986312
1.309344
1.626071
1.854736
1.870227
1.733612
1.700997
1.576065
1.881661
1.329197
1.543502
1.042646
0.939028
1.393635
1.962903
1.149524
1.904318
1.797810
1.992897
1.124356
1.869066
1.789604
1.143770
1.858142
1.577772
1.197473
1.756052
1.496744
0.897017
1.281332
1.815107
1.919620
1.892541
1.182944
1.363374
1.098161
1.262108
1.722475
1.335908
1.011777
1.082423
1.470696
1.196063
1.745049
1.179516
1.213527
1.307434
1.772072
1.741377
1.753593
1.272683
1.541727
1.413411
1.375068
1.253352
1.797252
1.847976
1.949157
1.776259
1.600218
1.902346
1.439877
1.598963
1.853772
1.530762
1.149927
1.983955
1.817273
1.035532
1.219048
1.910100
1.247972
1.118299
1.367143
1.185768
1.239971
1.719686
1.660241
1.836722
1.925733
1.596631
1.140832
1.499087
1.357185
1.964171
1.953884
1.535194
1.482606
1.404694
1.971732
1.213355
1.182361
1.906839
1.846209
1.496549
1.709121
0.814945
1.855009
1.407868
1.937537
1.294220
1.022972
1.771528
1.505427
1.337678
1.197682
1.460562
1.318364
1.709719
1.731948
1.487882
1.528590
1.507351
1.344505
1.995258
1.682848
1.944825
1.289498
1.305298
1.543859
1.009819
1.943546
1.984101
1.965415
1.543879
1.935294
1.912209
1.484842
1.475686
1.732964
1.142601
0.896980
1.857370
1.022061
1.562446
1.301649
1.133329
1.607707
1.086016
1.900859
1.216977
1.381701
0.944264
1.785550
1.122617
1.857429
0.847550
1.026149
1.378305
1.547481
1.932594
1.057450
1.788698
1.370267
0.963607
1.558154
1.713629
1.309826
1.634910
1.979657
1.762467
1.004073
1.646989
1.775071
1.794158
1.764225
1.827752
1.555332
1.988272
1.787158
1.372813
1.054777
0.753745
0.938349
1.415957
