1.965918
1.982998
1.892191
1.544472
1.740755
1.941533
1.852278
1.885623
1.970864
1.593862
1.766059
1.667972
1.941922
1.889962
1.668656
1.956067
1.535013
1.445963
1.943365
1.939427
1.963319
1.776055
1.959446
1.591785
1.744272
1.980852
1.648173
1.905694
1.920769
1.805123
1.736791
1.814061
1.908439
1.796235
1.428468
1.928063
1.437069
1.780728
1.472005
1.992980
1.947016
1.845823
1.617876
1.876043
1.831897
1.528256
1.512912
1.611120
1.828707
1.571390
1.794049
1.887730
1.932194
1.924064
1.847927
1.321332
1.809274
1.978092
1.921643
1.753663
1.667999
1.644037
1.904397
1.976509
1.822305
1.882159
1.705590
1.904944
1.648121
1.542228
1.378066
1.500297
1.954200
1.821790
1.493166
1.708964
1.722283
1.768452
1.677328
1.695615
1.516018
1.884183
1.688453
1.973745
1.802835
1.844542
1.776943
1.929488
1.814992
1.541322
1.630290
1.882699
