1.986703
1.935386
1.956789
1.992553
1.894841
1.999007
1.946721
1.983002
1.938869
1.907473
1.989007
1.910626
1.819613
1.926395
1.756443
1.853995
1.865400
1.869811
1.820888
1.842528
1.802878
1.921530
1.953271
1.807396
1.741973
1.817355
1.772530
1.990691
1.912025
1.941177
1.713093
1.574393
1.939534
1.873866
1.835137
1.836028
1.839052
1.864711
1.712727
1.789882
1.911803
1.973515
1.540487
1.714841
1.995822
1.763617
1.937048
1.867399
1.787581
1.774850
1.770024
1.650258
1.965664
1.681947
1.804795
1.636481
1.631528
1.551200
1.923080
1.699447
1.673241
1.561112
1.993094
1.885188
1.838829
1.862247
1.931949
1.854476
1.911494
1.848982
1.772503
1.728919
1.672396
1.932221
1.540615
1.951352
1.924671
1.840346
1.882723
1.980084
1.744749
1.835647
1.777231
1.661075
1.789725
1.953447
1.667193
1.610657
1.895579
1.871466
1.584483
1.610719
1.818877
1.845739
1.543928
1.873537
1.923766
1.810087
1.455373
1.567032
1.943542
1.602425
1.966980
1.989285
1.924410
1.513760
1.578339
1.707456
1.615464
1.765702
1.554867
1.495798
1.631383
1.954516
1.666863
1.581526
1.987708
1.899194
1.411129
1.645506
1.451376
1.995342
1.726089
1.675000
1.888126
1.588393
1.793655
1.535728
1.806403
1.885929
1.952221
1.430512
1.475844
1.702126
1.523485
1.993571
1.783895
1.908885
1.956397
1.946901
1.657221
1.723652
1.587102
1.829434
1.536863
1.869987
1.718593
1.915874
1.492783
1.650066
1.845748
1.779679
1.656887
1.488469
1.969270
1.790001
1.456425
1.833120
1.989670
1.531995
1.825941
1.580788
1.875475
1.870356
1.615442
1.774825
1.857222
1.643623
1.442065
1.994484
1.932169
1.545766
1.800312
1.944340
1.488252
1.786963
1.790185
1.558724
1.929659
1.855245
1.617700
1.465114
1.954940
1.971285
1.368668
1.838022
1.776572
1.866397
1.744449
1.680563
1.985188
1.428237
