1.970914
1.941423
1.955614
1.936106
1.988612
1.918783
1.940171
1.938033
1.915242
1.911938
1.785174
1.916947
1.807085
1.658392
1.884325
1.968840
1.956061
1.826029
1.916834
1.979560
1.942221
1.849707
1.781167
1.937296
1.794146
1.903121
1.907352
1.846435
1.822216
1.647915
1.782776
1.962542
1.943888
1.984573
1.869613
1.801838
1.938827
1.828147
1.975463
1.775723
1.897141
1.961067
1.735662
1.617301
1.726840
1.618168
1.767911
1.630213
1.575564
1.916357
1.728146
1.894421
1.695453
1.624051
1.588075
1.922628
1.863297
1.973067
1.865702
1.862868
1.592794
1.565201
1.532234
1.875337
1.642773
1.879699
1.734538
1.698262
1.796645
1.651909
1.534965
1.600066
1.549435
1.876975
1.835857
1.620834
1.669562
1.912064
1.698869
1.650476
1.488576
1.877874
1.914448
1.592256
1.656387
1.841546
1.670072
1.755954
1.904176
1.506201
1.697215
1.887271
1.697503
1.930169
1.495948
1.628023
1.962438
1.785864
1.973853
1.751543
1.734940
1.967247
1.838699
1.912829
1.865519
1.650216
1.658513
1.593162
1.594963
1.921029
1.505160
1.814605
1.755053
1.579573
1.989584
1.439679
1.961761
1.718835
1.940210
1.614762
1.411639
1.682904
1.383147
1.726536
1.728963
1.863970
1.869550
1.851087
1.501503
1.624478
1.542349
1.760168
1.695226
1.597541
1.709751
1.411549
1.940614
1.511600
1.417613
1.585944
1.629903
1.324100
1.437431
1.978590
1.863245
1.820496
