1.990721
1.835564
1.774298
1.943002
1.858353
1.928933
1.680812
1.936618
1.934558
1.984306
1.868112
1.966354
1.964955
1.904032
1.805144
1.988738
1.994204
1.787852
1.948555
1.904142
1.820762
1.945425
1.923502
1.974786
1.904709
1.812389
1.740953
1.828511
1.803977
1.999869
1.775504
1.844239
1.697996
1.841744
1.700313
1.943687
1.787834
1.817520
1.911896
1.833361
1.963386
1.613568
1.936205
1.974320
1.907871
1.820107
1.908321
1.807596
1.970837
1.966249
1.620944
1.951943
1.836844
1.811346
1.967315
1.703302
1.743972
1.690210
1.976554
1.839867
1.832002
1.920398
1.912577
1.865913
1.806769
1.753256
1.780314
1.975931
1.813695
1.655163
1.975885
1.679029
1.909673
1.915566
1.822718
1.742392
1.675854
1.722903
1.786588
1.938529
1.672966
1.930599
1.685786
1.598157
1.408535
1.994041
1.777399
1.534749
1.751391
1.806330
1.883973
1.710544
1.669303
1.530756
1.711519
1.674721
1.894204
1.743149
1.581566
1.782992
1.485940
1.846884
1.470286
1.749155
1.789643
1.831673
1.957297
1.572586
1.600244
1.901073
1.533840
1.743533
1.811278
1.876438
1.993696
1.587306
1.749441
1.576893
1.733590
1.902059
1.890308
1.464756
1.775666
1.871757
1.929334
1.608256
1.353911
1.855844
1.251864
1.841427
1.727439
1.660419
1.604680
1.341335
1.946309
1.945865
1.947062
1.891044
1.460387
1.402598
1.668509
1.973969
1.713669
1.384422
1.885600
1.680688
1.870700
1.257536
1.833416
1.241929
1.722785
1.585657
1.847151
1.919100
1.988091
1.476606
1.908287
1.974062
1.909538
1.372231
1.199067
1.970435
1.921552
