1.868010
1.657416
1.828494
1.304258
1.967721
1.890611
1.596712
1.884928
1.679522
1.912403
1.939650
1.856283
1.277562
1.238329
1.890277
1.496669
1.704938
1.722551
1.676591
1.940152
1.254472
1.883475
1.962148
1.217449
1.133159
1.241752
1.626479
1.506169
1.732416
1.803109
1.490174
1.942122
1.628474
1.919965
1.781776
1.429322
1.821636
1.394581
1.691273
1.631327
1.525752
1.782847
1.696487
1.895577
1.952300
1.767469
1.680348
1.243498
1.887585
1.566570
1.780173
1.584780
1.548253
1.845995
1.961443
1.533149
1.910889
1.838905
1.861715
1.511154
1.934534
1.345435
1.936804
1.844139
1.482368
1.620501
1.554784
1.623033
1.868453
1.807342
1.650127
1.931780
1.579326
1.161695
1.906564
1.977264
1.928652
1.492507
1.779215
1.907585
1.705054
1.886519
1.899620
1.796460
1.917944
1.717976
1.962349
1.925814
1.722529
1.679569
1.417337
1.859147
1.804001
1.759133
1.865494
1.539462
1.710706
1.298771
1.685487
1.865922
1.718791
1.853303
1.519355
1.887296
1.302026
1.541102
1.199592
1.518442
1.551192
1.564468
1.395530
1.828568
1.702130
1.655242
1.916411
1.866574
1.765887
1.229968
1.778123
1.941747
1.400999
1.304090
1.901037
1.715596
1.846627
1.160457
1.939725
1.997114
1.379952
1.832924
1.716281
1.683021
1.819630
1.843635
1.814787
1.463861
1.716619
1.780961
1.695777
1.726221
1.953617
1.354958
1.690012
1.919273
1.881127
1.815398
1.192507
1.936719
1.535788
1.777273
1.259743
1.761195
1.341328
1.781844
1.602846
1.446625
1.576316
1.451815
1.793691
1.789227
1.586675
1.806854
1.292197
1.695502
1.208785
1.893543
1.922510
1.567104
1.712372
1.774248
1.852660
1.604580
1.268122
1.979384
1.793708
1.410239
1.899314
1.657887
1.900218
1.152831
1.667446
1.234776
1.872121
0.947414
1.207654
1.789029
1.853490
0.920173
1.887309
1.902023
1.205616
1.531039
1.458992
1.515497
1.459308
1.896208
1.727910
1.458154
1.873393
1.449467
1.428542
1.889788
1.685878
1.810757
1.139461
1.925280
1.671454
1.802554
1.220417
1.455360
1.315701
1.809315
1.319968
1.839648
1.110958
1.877295
1.299847
1.812801
1.761569
1.625222
1.839987
1.185257
1.678501
1.800055
1.777670
1.139555
1.917011
1.460946
1.324267
1.848705
1.650681
1.409561
1.802759
1.127362
1.275286
1.114184
1.503185
1.209161
1.823410
1.388147
1.863082
1.960781
1.247196
1.802711
1.863209
1.690604
1.446889
1.196063
1.538992
1.662695
1.614390
1.258556
1.971856
1.580949
1.870434
1.590590
1.814047
1.646603
1.519079
1.576924
1.335568
1.665434
1.635601
1.797747
1.639713
1.055962
1.595330
1.264645
1.678193
1.845534
1.771221
1.955072
1.247171
1.662540
1.426954
1.842124
1.445254
1.966408
1.039142
1.867727
1.591599
1.152831
1.854199
1.310679
1.283297
1.382680
1.875201
1.687421
1.821405
1.118353
1.070706
1.938368
1.808184
1.898866
1.316689
1.668889
1.511461
1.978111
1.931504
1.429166
1.809448
1.811052
1.946828
1.795413
1.425356
1.889358
1.190759
1.416596
1.123953
1.046928
1.998296
1.523555
1.601065
1.357245
1.577344
1.996010
1.731047
1.685367
1.208940
1.666899
1.508163
1.161905
1.421901
1.879833
1.731789
1.019054
1.823421
1.609249
1.701257
1.740938
1.923863
1.452165
1.595029
1.776585
1.786380
1.234679
1.240271
1.584082
1.927842
1.908068
1.245597
1.194525
1.318060
1.542237
1.608855
1.171683
1.993245
1.373691
1.523970
1.593741
1.051611
1.293890
1.495850
1.758542
1.618883
1.986024
1.885782
1.830798
1.111687
1.746169
1.341753
1.727821
1.200878
1.207849
1.926870
1.244550
1.437142
1.636758
1.752840
1.961766
1.710438
1.999821
1.910010
1.143650
1.321415
1.629764
1.684262
1.342140
1.510667
1.664767
1.810002
1.607371
1.168226
1.447607
1.348551
1.890462
1.748509
1.736916
1.879309
1.575077
1.951832
1.710342
1.837032
1.214372
1.518621
1.533305
1.749193
1.201069
1.808180
1.648057
1.598454
1.532285
1.619268
1.047175
1.862516
1.889077
1.692408
1.912215
1.366187
1.932815
1.316246
1.277760
1.934118
1.742103
1.832168
1.774861
1.250414
1.627194
1.198465
1.893286
1.639586
1.803931
1.312610
1.957426
1.592693
1.809760
1.681761
1.015581
1.778703
1.328313
1.323030
1.964938
1.962733
1.719456
1.722236
1.941384
1.857178
1.840365
1.700723
1.309494
1.704821
1.518374
1.842695
1.935098
1.498847
1.981718
1.472988
1.349634
1.395151
1.596652
1.668164
1.280615
1.835960
1.665961
1.834472
1.481610
1.708742
1.935563
1.704092
1.532605
1.093838
1.562691
1.677747
1.921030
1.045750
1.770417
1.605738
1.854110
1.691596
1.354181
1.364311
1.931214
1.721822
1.591476
1.956566
1.798298
1.284789
1.928259
1.453636
1.900552
1.894793
1.857886
1.812858
1.098905
1.688584
1.511280
1.592102
1.323964
1.600754
1.212765
1.701075
1.523597
1.213485
1.806164
1.897467
1.851700
1.600082
1.633656
1.029400
1.332501
1.928481
1.084140
0.904729
1.176592
1.508543
1.858255
0.953318
1.124498
1.946762
1.857464
1.807532
0.917074
1.903476
1.370431
1.645418
1.642914
1.863287
1.543046
1.513087
1.996134
1.293125
1.469035
1.304756
1.927017
1.785520
1.976764
1.894273
1.440125
1.222114
1.826578
1.248097
1.707217
1.806203
1.641003
1.724833
1.913050
1.950921
1.801753
1.659193
1.430673
1.372597
1.812815
1.410858
1.755415
1.981351
1.249237
1.002720
1.868259
1.641473
1.716931
1.744427
1.059751
1.938425
1.799793
1.674014
1.748606
1.981913
1.877478
1.752934
1.572474
1.327692
1.245910
1.838133
1.301049
1.289278
1.913309
1.342880
1.234625
1.651326
1.276267
1.177802
1.672095
1.824940
1.079898
1.579247
1.236840
0.940188
1.409042
1.974989
1.100720
1.660832
1.959084
1.498924
1.996401
1.911267
1.459437
1.924213
1.069442
1.816214
1.902296
1.326950
1.060554
1.826775
1.874314
1.180655
1.538111
1.980740
1.831462
1.494537
1.325289
1.395706
1.843328
1.611846
1.567862
1.185566
1.010571
1.368485
1.013627
1.877873
1.488068
1.082107
1.194450
1.464089
1.413723
1.426924
1.299420
1.872158
1.274176
1.610589
1.899305
1.263776
1.928231
1.221144
1.351485
1.146404
1.238003
1.235705
1.994423
1.380495
1.975885
1.741489
1.890469
1.740585
1.145013
1.092702
1.946537
1.875394
1.294886
0.878109
1.277620
1.052363
1.036836
1.357780
1.214250
1.960724
1.906314
1.694132
1.752991
1.335319
1.425317
1.086876
1.237356
1.634787
1.677241
0.974633
1.591682
1.311506
1.955521
1.319329
1.841785
1.160833
1.760685
1.593737
1.500660
1.401828
1.898092
1.787134
1.887133
0.905793
1.354194
1.383237
1.808729
1.175343
1.444379
1.341914
1.768536
1.912529
1.539543
1.214865
1.685424
1.882346
1.232465
1.025976
1.583791
1.121405
1.404938
1.221360
1.487044
1.127672
1.764701
1.344581
1.713347
1.151690
1.940646
1.675068
1.727608
1.487186
1.928993
1.565202
1.742185
1.183129
1.942363
1.415783
1.973907
1.871285
1.878476
1.549028
1.096861
1.830032
1.842806
1.185168
1.331883
1.349108
1.312485
1.487505
1.118878
1.650307
1.746747
1.238019
0.984312
1.850977
1.804757
1.759596
1.988274
1.179761
0.979837
1.771177
1.345630
0.917416
1.070462
1.693596
1.603982
1.857323
1.960915
1.316433
1.272942
1.876295
1.675815
1.792384
1.840944
1.546559
0.824139
1.112034
1.755189
1.252211
1.258221
1.875405
0.993914
1.958908
1.589297
1.384771
1.079578
1.091942
1.824620
1.315543
1.949707
1.985162
0.953877
1.356987
1.807262
1.750910
1.408541
