1.938147
1.982863
1.796949
1.968658
1.970517
1.913069
1.938985
1.895186
1.841015
1.632718
1.999503
1.854482
1.763935
1.820899
1.829359
1.969584
1.967544
1.866026
1.987221
1.774805
1.911607
1.818649
1.994426
1.884032
1.839031
1.936842
1.846392
1.552723
1.985661
1.833398
1.747265
1.869987
1.974066
1.914627
1.857221
1.790686
1.912506
1.294936
1.999180
1.785154
1.610797
1.731570
1.836890
1.917789
1.772195
1.577685
1.952236
1.848529
1.560685
1.637968
1.895876
1.884559
1.587839
1.417621
1.844444
1.982577
1.804137
1.830925
1.773495
1.914577
1.501316
1.913151
1.819529
1.245837
1.444502
1.670709
1.731084
1.750358
1.597186
1.752404
1.579039
1.839628
1.736597
1.796832
1.542515
1.965182
1.588396
1.350324
1.629276
1.523408
1.934471
1.584378
1.744651
1.803057
1.290478
1.626697
1.395733
1.378829
1.411696
1.738140
1.581048
