1.956660
1.468731
1.845668
1.989997
1.947745
1.726844
1.824808
1.488320
1.909256
1.677314
1.823663
1.592969
1.907141
1.582443
1.994600
1.648587
1.786704
1.865581
1.964259
1.482605
1.825888
1.732803
1.399825
1.858032
1.682388
1.821099
1.082773
1.813504
1.383699
1.980071
1.887489
1.991341
1.772318
1.811767
1.357177
1.996242
1.322617
1.588731
1.822664
1.499710
1.702594
1.471014
1.962898
1.974893
1.216146
1.015368
1.653228
1.508068
1.109426
1.838323
1.065221
1.184559
1.960008
1.898982
1.389294
1.954744
1.987500
1.865677
1.661965
1.519170
1.979067
1.011344
1.920062
1.979126
1.854075
1.184893
1.508898
1.328348
1.571852
1.790491
1.623942
1.701895
1.507046
1.601010
1.281080
1.555427
1.918017
1.489467
1.902632
1.518699
1.994624
1.655895
1.323060
1.865459
1.869791
1.987450
1.449150
1.512081
1.643407
1.627052
1.751830
1.845885
1.721526
1.951010
1.009745
1.345162
1.804435
1.790754
1.487362
1.421440
1.571687
1.772306
1.176660
1.680930
1.894642
1.930438
1.689577
1.394656
1.745751
1.483010
1.512128
1.984008
1.305729
1.590962
1.782740
1.220001
1.612995
1.186915
1.564946
1.512743
1.950027
1.694545
1.151734
1.934446
1.827185
1.581672
1.952294
1.680737
1.958215
1.659608
1.292254
1.436711
1.733971
1.512519
1.675306
1.631504
1.684151
1.989342
1.153171
1.452739
1.892189
1.879115
1.441889
1.855931
1.660157
1.986917
1.891576
1.060247
1.941263
1.973234
1.864251
1.533491
1.324434
1.985687
1.832255
1.651304
1.571881
1.409005
1.616579
1.922273
1.740758
1.470839
1.715568
1.546258
1.863224
1.832575
1.461244
1.978209
1.462283
1.568107
1.556921
1.805251
1.702797
1.821249
0.996113
1.583285
1.577923
1.922857
1.870101
1.520759
1.447109
1.253275
1.947239
1.920945
1.056947
1.924240
1.148744
1.710477
1.529623
1.949551
1.366192
1.995820
1.922765
1.937275
1.853726
1.138776
0.980254
1.796216
1.574313
1.744511
1.561945
1.992036
1.500702
1.596389
1.846046
1.971147
1.328924
1.274507
1.386165
1.446914
1.660850
1.922426
1.078825
1.640797
1.328833
1.099028
1.167228
1.939090
1.383614
1.897968
1.271544
1.317770
1.100306
1.441153
1.652397
1.763187
1.166800
1.269443
1.758002
0.990807
1.167824
1.301768
1.256700
0.924443
1.685654
1.865827
1.481494
1.720670
1.165879
1.834389
1.980348
1.026819
1.176029
0.970845
1.188636
1.865685
1.232168
1.653924
1.885452
1.465965
0.960203
1.283207
1.206747
1.749239
1.087802
0.953939
1.639173
1.229873
1.242190
1.700405
1.076009
1.756600
1.845048
1.298648
1.902423
1.409882
1.035678
1.835379
0.985600
1.885595
0.899041
1.865531
1.543616
1.774707
1.453641
1.203117
0.970437
1.247407
1.752996
1.683961
1.951129
1.456605
1.257386
1.670125
1.237751
0.956450
1.162248
1.571734
1.269672
1.810920
1.128221
0.915152
1.056293
1.834334
1.129665
0.913582
1.174835
1.435511
1.040622
1.690359
1.123217
0.924715
1.076977
1.813881
1.536712
1.725824
1.049077
0.975745
1.848802
1.614461
1.085324
