1.784941
1.996837
1.735008
1.072103
1.398874
1.988719
1.971698
1.621436
1.253104
1.434909
1.627437
1.977147
1.315943
1.431808
1.670553
1.738089
1.683961
1.339937
1.880493
1.344644
1.806317
1.690641
1.730292
1.231110
1.937374
1.851097
1.693098
1.798659
0.959880
1.194973
1.402137
1.503452
1.563105
1.661905
1.781156
1.841398
1.951459
1.347767
1.359452
1.837602
1.859677
1.997470
1.863535
1.672757
1.481143
1.907242
1.821671
1.705456
1.771463
1.666867
1.200116
1.822821
1.850609
1.175793
1.711739
1.850115
1.866882
1.534317
1.376175
1.967149
1.593809
1.437373
1.824684
1.730254
1.312020
1.834919
1.822780
1.484941
1.623132
1.724077
1.578289
1.647907
1.471721
1.388432
1.919967
1.197871
1.762852
1.807936
1.061789
1.748475
1.586873
1.799971
1.776346
1.903117
1.899334
1.636286
1.369289
1.284293
1.809555
1.788619
1.195072
1.057096
1.977619
1.481803
1.590346
1.357220
1.262028
1.870976
1.493767
1.736454
1.713634
1.908652
1.913783
1.330814
1.340198
1.105585
1.670514
1.394627
1.782704
1.274078
1.224625
1.698075
1.815890
0.926241
1.637535
1.118938
1.901430
1.982786
1.337101
1.227998
1.951654
0.963198
1.514100
1.053266
1.442695
1.703493
1.668452
1.781178
1.725387
0.988113
1.661838
1.716705
1.848485
1.095376
1.583939
1.923581
1.312176
1.831351
1.580922
1.644694
1.440297
1.894212
1.522195
1.745385
1.514195
1.584819
1.190509
1.463044
1.105064
1.628202
1.774080
1.310356
1.002385
1.402539
1.162046
1.932897
1.826907
1.769469
1.122241
1.439468
1.552455
1.197817
1.690886
1.566577
1.710114
1.451618
1.809718
1.948945
1.831088
1.126239
1.631622
1.290708
1.512422
1.736452
1.448938
1.925063
1.435723
1.878755
1.944380
0.967177
1.551133
1.332628
1.934953
1.135537
1.542058
1.793439
1.156930
1.220128
1.998673
1.963432
1.657348
1.556153
1.480123
1.496299
1.093734
1.880501
1.794877
1.554279
1.283388
1.340473
1.229480
1.636735
0.998340
1.840126
1.281647
1.159825
1.671522
1.542797
1.652162
1.522593
1.805849
1.681064
1.943457
1.952925
1.615941
1.123592
1.355441
1.679638
1.888735
1.443456
1.435916
1.796023
1.443314
1.741530
1.994804
1.754817
0.925185
0.992378
1.634068
0.931484
1.807892
0.880020
1.943612
1.146788
1.369279
1.531707
1.220291
1.737429
1.952753
0.879889
1.136026
1.670990
1.215865
1.270346
1.799925
1.734130
1.477357
1.433959
1.611328
1.797643
0.928173
1.598181
0.907951
1.909961
1.273816
1.281534
1.029640
