1.980796
1.970710
1.994783
1.967402
1.861037
1.966932
1.988785
1.883042
1.668068
1.681890
1.960641
1.936599
1.625003
1.963404
1.945687
1.792097
1.703050
1.903817
1.762172
1.951889
1.943599
1.946586
1.740421
1.725188
1.694307
1.972735
1.974484
1.751590
1.830794
1.881642
1.616569
1.790274
1.905534
1.983122
1.920401
1.809330
1.907191
1.587799
1.756423
1.878958
1.465417
1.584685
1.688569
1.938951
1.931433
1.484671
1.968893
1.823957
1.681551
1.902179
1.756755
1.791138
1.677381
1.907996
1.895310
1.734627
1.719936
1.634027
1.757614
1.980275
1.590413
1.704379
1.829307
1.563971
1.804192
1.720323
1.937052
1.690612
1.932559
1.909106
1.995378
1.867297
1.644927
1.923701
1.654298
1.705649
1.689551
1.849108
1.931196
1.518183
1.646268
1.795145
1.781563
1.592628
1.955990
1.524905
1.706822
1.813272
1.487542
1.475822
1.980134
1.685721
1.536197
1.841681
1.855942
1.601670
1.738701
1.876979
1.687257
1.769308
1.965654
1.719995
1.987877
1.593359
1.602610
1.438816
1.889463
1.934064
1.578096
1.774480
1.649949
1.621988
1.978572
1.597582
1.579579
1.550708
1.936006
1.868882
1.805620
1.632538
1.651075
1.655339
1.494207
1.749852
1.850775
1.417716
1.909106
1.700621
1.823755
1.700865
1.516142
1.811517
1.395004
1.904792
1.326945
1.592455
1.695280
1.738569
1.720277
1.626782
1.383491
1.623796
1.903180
1.365752
1.463014
1.990280
1.515150
1.424851
1.963554
1.997844
1.816117
1.954497
1.166703
1.875550
1.807169
