1.846896
1.784406
1.863261
1.374798
1.916099
1.835828
1.543955
1.388605
1.872825
1.928162
1.442503
1.816244
1.493274
1.846407
1.177007
1.647137
1.413571
1.947020
1.499111
1.908790
1.225605
1.321999
1.869749
1.486275
1.993602
1.413588
1.970171
1.655347
1.837655
1.651799
1.826199
1.904924
1.796565
1.660874
1.855230
1.611378
1.515754
1.189256
1.456403
1.640819
1.433731
1.834539
1.913372
1.793086
1.985994
1.944318
1.375130
1.632035
1.810372
1.798281
1.889479
1.498420
1.678438
1.888454
1.119153
1.776839
1.396787
1.624125
1.579132
1.308200
1.648701
1.986691
1.171618
1.266408
1.762238
1.338385
1.368041
1.681118
1.838808
1.087896
1.794566
1.909166
1.726970
1.864966
1.912775
1.403063
1.939326
1.530978
1.634940
1.828746
1.338159
1.780560
1.932405
1.492750
1.888937
1.615403
1.861326
1.530033
1.942340
1.984536
1.148641
1.534596
1.561402
1.901381
1.396146
1.675766
1.800993
1.795371
1.272187
1.431141
1.439722
1.817555
1.345724
1.446106
1.856154
1.555702
1.848995
1.575319
1.962639
1.503707
1.554221
1.936165
1.303624
1.917914
1.556421
0.950154
1.605860
1.668894
1.987362
1.889632
1.827894
1.167192
1.388344
1.514425
1.957551
1.855331
1.823881
1.345872
1.414827
0.910576
1.995816
1.955991
1.142969
1.726019
1.659059
1.455360
1.234964
1.815484
1.339610
1.962177
1.598679
1.526505
1.894123
1.866888
1.834299
1.652106
1.159250
1.986812
1.479674
1.774408
1.954729
1.936310
1.643552
1.901963
1.110448
1.733221
0.904208
1.924521
1.950160
1.963951
1.662905
1.241646
1.711504
1.968149
1.964165
1.888601
1.919152
1.357805
1.887772
1.325404
1.640006
1.918826
1.808316
1.431638
1.363589
1.499835
1.923049
1.981022
1.792733
0.954468
1.895674
1.702481
1.964967
1.037711
1.512065
1.968284
1.299259
1.473714
1.692497
1.541692
1.525343
1.419755
1.388106
1.806904
1.859318
1.598935
1.975896
0.882039
1.433714
1.947475
1.528133
1.961668
1.654180
1.841239
1.982988
1.763874
1.208494
1.363688
1.625476
1.982382
1.321584
1.527820
1.593692
1.432064
1.028620
1.914898
1.378357
1.289781
1.202009
1.982047
1.694239
1.850952
1.595581
1.901521
1.983699
1.995550
1.963456
1.482808
1.693787
1.367990
1.989153
1.185141
1.757579
1.976812
1.632584
1.389830
1.231491
1.234551
1.731891
1.762947
1.569823
1.248755
1.111699
1.074367
1.175169
1.701653
1.187055
1.696358
1.384902
1.897634
1.532823
1.468298
1.782226
1.014497
1.840532
1.836804
1.922861
1.930576
1.192442
1.938108
1.520588
1.729806
1.444198
0.931289
1.852705
1.599678
1.741483
1.087985
1.466504
1.593252
1.824924
1.492280
1.392576
1.390007
1.401384
1.423051
1.750654
1.080727
1.377221
1.857958
1.574854
1.535738
1.963552
1.950103
1.045151
1.579541
1.682884
1.737945
1.998627
1.106057
1.609180
1.541491
1.258529
1.214153
1.855676
1.869780
1.037969
1.823450
1.190453
1.820733
1.434067
1.827572
1.867529
1.962680
1.969470
0.915057
1.504034
1.632281
1.944111
1.418439
1.768461
1.883350
1.811188
1.969875
1.679196
1.685706
1.969747
1.731756
1.336844
1.696385
1.216108
1.353477
1.840508
1.354190
1.539042
1.266713
1.510043
1.530832
1.189652
1.040805
1.902456
1.880428
1.567568
1.721206
1.524049
1.526550
1.593378
1.300537
1.881423
1.784151
1.925251
1.972751
1.803591
1.187934
0.963369
1.737943
1.286510
1.375217
1.038755
1.387453
1.808144
1.961778
1.207126
1.468123
1.380063
1.347289
0.938837
1.884790
1.354565
1.897581
1.970077
1.946250
1.338993
1.918564
1.997928
1.907844
1.276356
1.880105
1.766193
1.965425
1.193969
1.081484
1.660520
1.466630
1.469763
0.965197
0.944762
1.896680
0.929991
1.551174
1.210264
1.959914
1.900222
1.349597
1.780298
1.920371
1.996016
1.469023
1.776254
1.758100
1.421417
1.922246
1.380319
1.887670
1.663226
1.246441
1.558192
1.441785
1.451937
1.869988
1.572121
1.756047
1.663927
1.948591
1.000919
1.707046
1.819725
1.290406
1.910303
1.310472
1.636107
1.406380
1.761215
1.315238
1.323742
1.873593
1.027376
1.821970
1.805609
1.299524
1.034768
1.053140
1.877436
1.895849
1.905189
1.653229
1.171957
1.834170
1.797424
1.899451
1.997665
0.995693
1.142908
1.667404
1.937819
1.976753
1.474575
1.452890
1.308183
1.776095
1.673662
1.678897
1.442695
1.336713
1.629068
1.670734
1.998479
1.196770
1.166487
1.329292
1.837127
1.727715
1.427479
1.771092
1.462710
1.126917
1.533483
1.957187
1.551830
1.608660
1.797815
1.653988
1.866078
1.518068
1.739807
0.793910
1.659992
1.742869
1.747904
1.293501
1.326949
1.529394
1.447316
1.921730
1.236348
1.294033
1.897316
1.517346
1.851408
1.060358
1.595910
1.874430
1.433522
1.781124
1.758708
1.458681
1.966595
1.938453
1.326916
1.145062
1.134466
1.223258
1.316510
1.671048
1.649806
1.888165
1.085282
1.350295
1.235319
1.129680
1.726500
1.364334
1.472315
0.933957
1.882957
1.463054
1.926255
0.833552
1.777319
1.256590
1.544836
1.755585
1.859090
1.035983
1.304674
1.734565
1.430896
1.857424
1.478553
1.161148
1.236942
1.702272
1.888802
1.045503
1.463969
1.640064
1.480889
0.846434
0.990882
1.841315
1.434267
1.167538
1.678854
1.998604
1.617694
1.379785
1.796417
1.316314
1.481807
1.629437
1.367024
1.170949
1.646261
1.636037
1.493408
1.426731
1.421099
1.503444
1.540474
1.184975
1.202134
1.436604
0.937306
1.714149
1.100787
1.748864
1.653537
0.947965
1.890911
1.444283
1.936641
1.078017
1.432491
1.967278
1.578846
1.589929
1.750914
1.637863
1.133569
1.836538
1.736637
1.914101
1.043445
1.130832
1.869790
1.665009
1.622196
1.552046
1.986234
1.678457
1.935195
1.056207
1.392443
1.217322
1.427550
1.170681
0.883572
1.745695
1.293400
1.274306
1.807753
1.971815
1.740596
1.921272
1.436629
1.423067
1.957320
0.886684
1.396751
1.691344
1.819500
1.620963
1.100378
1.260638
1.631296
1.870904
1.406821
1.600839
0.951444
1.014171
0.965405
1.793238
1.580093
1.355990
1.664205
1.634246
1.261605
1.099542
1.679509
1.391405
1.078079
1.968258
1.347514
1.580878
1.041344
1.785813
1.604266
1.736298
1.723710
1.733041
1.302523
1.149508
1.691141
0.976355
1.312902
1.789491
1.963733
