1.976738
1.985034
1.993264
1.970464
1.377443
1.966221
1.927876
1.882714
1.922240
1.984844
1.919503
1.975260
1.697184
1.929039
1.904486
1.817006
1.983538
1.986578
1.832358
1.911053
1.925059
1.542543
1.709851
1.933890
1.940273
1.692824
1.808802
1.820658
1.819713
1.763327
1.861992
1.901696
1.944983
1.994410
1.861225
1.814833
1.930915
1.927726
1.678140
1.974448
1.970213
1.634375
1.965080
1.954715
1.623978
1.791009
1.797992
1.926381
1.776204
1.765927
1.355044
1.774357
1.971779
1.972713
1.992178
1.352621
1.832575
1.674867
1.694450
1.437020
1.891653
1.394398
1.787840
1.805227
1.947985
1.708862
1.859091
1.633340
1.541552
1.948822
1.449391
1.751778
1.959525
1.576126
1.834075
1.931925
1.621865
1.416294
1.997343
1.724068
1.686605
1.758988
1.671953
1.950853
1.612781
1.974892
1.961768
1.996622
1.329698
1.807767
1.611477
1.721121
1.823878
1.498044
1.567527
1.816078
1.883351
1.844221
1.400041
1.621546
1.511940
1.476183
