1.972651
1.972085
1.867821
1.856110
1.768433
1.991804
1.788553
1.785093
1.835235
1.739095
1.784052
1.997892
1.936696
1.906653
1.908773
1.874030
1.805757
1.734242
1.787148
1.996297
1.939908
1.892833
1.985401
1.967770
1.950899
1.701230
1.703596
1.817628
1.796546
1.657801
1.970902
1.836257
1.834072
1.891220
1.752586
1.722737
1.911288
1.481749
1.723971
1.671723
1.683137
1.920711
1.944995
1.840971
1.743161
1.880594
1.853547
1.695831
1.846212
1.629935
1.974169
1.982978
1.549758
1.658799
1.821480
1.753085
1.911019
1.931205
1.716563
1.866574
1.806367
1.784165
1.921400
1.920829
1.767477
1.853193
1.639515
1.574177
1.971898
1.836179
1.656532
1.917021
1.956170
1.773086
1.705924
1.778146
1.786483
1.815716
1.592676
1.955141
1.922871
1.789986
1.864786
1.319309
1.862036
1.325915
1.954085
1.701398
1.776206
1.872704
1.959197
1.998259
1.740756
1.800716
1.912595
1.872625
1.910560
1.947171
1.896291
1.588921
1.969510
1.784810
1.932045
1.506164
1.557937
1.843141
1.948903
1.746051
1.923653
1.695623
1.933801
1.925265
1.419631
1.891128
1.412654
1.801792
1.568443
1.902801
1.588500
1.422772
1.929894
1.557343
1.554737
1.788215
1.829376
1.338439
1.518511
1.536394
1.505235
1.330178
1.644207
1.622467
1.256340
1.381586
1.525650
1.566490
1.648054
1.421649
1.914095
1.849561
1.625862
1.802116
1.691803
1.985509
