0.199769
0.199769
0.199769
0.199769
0.199769
0.199769
0.199769
0.199769
0.199769
0.199769
0.199769
0.199769
0.199769
0.199769
0.199769
0.199769
0.199769
0.199769
0.199769
0.199769
0.199769
0.199769
0.199769
0.199769
0.199769
0.199769
0.199769
0.199769
0.199769
0.199769
0.199769
0.199769
0.199769
0.199769
0.199769
0.199769
0.199769
0.199769
0.199769
0.199769
0.199769
0.199769
0.199769
0.199769
0.199769
0.199769
0.199769
0.199769
0.199769
0.199769
0.199769
0.199769
0.199769
0.199769
0.199769
0.199769
0.199769
0.199769
0.199769
0.199769
0.199769
0.199769
0.199769
0.199769
0.199769
0.199769
0.199769
0.199769
0.199769
0.199769
0.199769
0.199769
0.199769
0.199769
0.199769
0.199769
0.199769
0.199769
0.199769
0.199769
0.199769
0.199769
0.199769
0.199769
0.199769
0.199769
0.199769
0.199769
0.199769
0.199769
0.199769
0.199769
0.199769
0.199769
0.199769
0.199769
0.199769
0.199769
0.199769
0.199769
0.201829
0.203960
0.202699
0.194978
0.200689
0.200688
0.205454
0.201915
0.200987
0.201893
0.201959
0.202591
0.206995
0.200640
0.206926
0.199541
0.202699
0.201989
0.206184
0.200712
0.206055
0.206163
0.200872
0.203572
0.203498
0.207369
0.200455
0.212543
0.210854
0.204523
0.219836
0.212000
0.207495
0.205667
0.209961
0.204785
0.207977
0.213434
0.199081
0.205104
0.201416
0.199682
0.200289
0.212018
0.206731
0.209219
0.210895
0.215583
0.205543
0.207029
0.210230
0.211020
0.210637
0.199667
0.196402
0.199028
0.211272
0.210224
0.207559
0.211018
0.204345
0.205349
0.205742
0.207098
0.208216
0.210610
0.214689
0.207842
0.198030
0.206229
0.208637
0.216918
0.206581
0.215154
0.207375
0.207350
0.205074
0.205048
0.209800
0.208859
0.207936
0.208146
0.213509
0.209667
0.207040
0.215358
0.204209
0.214648
0.210499
0.203013
0.206263
0.204647
0.210022
0.209183
0.210218
0.209004
0.212988
0.207056
0.207576
0.206339
0.215588
0.204819
0.214715
0.209068
0.210741
0.212013
0.210257
0.212131
0.208733
0.212065
0.211682
0.209598
0.207227
0.214282
0.207723
0.206077
0.204376
0.212024
0.217654
0.212055
0.217016
0.219405
0.209687
0.217460
0.217565
0.213089
0.204900
0.215573
0.212976
0.211593
0.212677
0.198081
0.208213
0.219425
0.208473
0.210799
0.214211
0.214624
0.214946
0.218422
0.211853
0.211453
0.214341
0.215667
0.213829
0.208717
0.223982
0.211387
0.204956
0.221718
0.212868
0.208461
0.204290
0.223826
0.212017
0.211388
0.209764
0.219863
0.207431
0.226022
0.214572
0.218782
0.212739
0.212363
0.211075
0.209386
0.216684
0.219207
0.210538
0.213196
0.213565
0.221096
0.215023
0.211330
0.215556
0.215797
0.216505
0.216691
0.217616
0.216077
0.214843
0.210777
0.218131
0.212410
0.217129
0.226218
0.214144
0.215622
0.220975
0.207995
0.216894
0.215127
0.212538
0.222120
0.217006
0.210299
0.220495
0.213812
0.214711
0.213379
0.213249
0.219951
0.218165
0.216043
0.210517
0.217642
0.217947
0.222914
0.212312
0.219409
0.214671
0.217687
0.221113
0.218567
0.213333
0.211561
0.213808
0.214604
0.222121
0.210130
0.216592
0.217660
0.220705
0.215429
0.211892
0.216449
0.224522
0.214920
0.216119
0.218738
0.225654
0.207500
0.214236
0.218141
0.213177
0.218595
0.224864
0.215279
0.215640
0.215705
0.218029
0.216540
0.214679
0.221659
0.222771
0.217393
0.213225
0.214356
0.216276
0.225187
0.215994
0.223349
0.214072
0.221840
0.219997
0.218352
0.217053
0.218841
0.214839
0.219382
0.216740
0.215611
0.204132
0.213388
0.222726
0.217564
0.219103
0.212214
0.213602
0.217097
0.218574
0.217260
0.215949
0.223521
0.217215
0.215008
0.222145
0.216092
0.208638
0.222011
0.218232
0.220191
0.216969
0.224044
0.218966
0.225412
0.225747
0.218950
0.210783
0.217911
0.219817
0.218688
0.220942
0.228821
0.218440
0.221274
0.218514
0.217962
0.213950
0.213538
0.226924
0.224673
0.211380
0.217561
0.212302
0.221004
0.220324
0.220118
0.220408
0.225881
0.219861
0.221221
0.212265
0.212107
0.216725
0.217837
0.221763
0.215204
0.217638
0.224284
0.219868
0.221919
0.228014
0.225796
0.221388
0.219921
0.213100
0.220466
0.218567
0.215068
0.217831
0.220158
0.222749
0.222594
0.226700
0.214901
0.222321
0.222133
0.225254
0.228221
0.216870
0.219551
0.218258
0.217686
0.217583
0.224425
0.217607
0.215844
0.225423
0.221041
0.227359
0.215818
0.224644
0.216284
0.222891
0.211215
0.221386
0.223851
0.216629
0.220825
0.222093
0.221597
0.216292
0.225194
0.217283
0.218097
0.217423
0.214807
0.220505
0.229686
0.220507
0.214755
0.228885
0.221611
0.214915
0.223814
0.216239
0.225939
0.222292
0.220851
0.214848
0.220245
0.220576
0.220022
0.216657
0.219584
0.227902
0.219965
0.228893
0.217210
0.226582
0.223923
0.212628
0.214771
0.223887
0.227043
0.222515
0.218179
0.225985
0.228029
0.221756
0.220769
0.228084
0.217978
0.226393
0.227482
0.223463
0.222487
0.222036
0.222675
0.223028
0.225998
0.221062
0.228327
0.224245
0.220556
0.223456
0.223369
0.218405
0.222590
0.223394
0.234724
0.226556
0.224960
0.226323
0.223175
0.224268
0.220084
0.223912
0.229245
0.226404
0.223102
0.224011
0.224078
0.223044
0.235765
0.223016
0.220770
0.236119
0.222540
0.213001
0.225809
0.223866
0.225913
0.230802
0.225386
0.229506
0.220319
0.219798
0.223468
0.224562
0.222092
0.227240
0.228487
0.219177
0.227966
0.222959
0.224281
0.225268
0.226058
0.225681
0.230889
0.219007
0.235477
0.223964
0.227091
0.223071
0.236595
0.219416
0.224719
0.213814
0.230123
0.225529
0.228104
0.220361
0.236330
0.220686
0.228033
0.234553
0.215129
0.227113
0.227444
0.232386
0.231282
0.222579
0.222545
0.227667
0.224750
0.229559
0.222982
0.221334
0.224124
0.227620
0.226219
0.222789
0.230957
0.221529
0.230992
0.223937
0.233911
0.223546
0.227241
0.223116
0.228880
0.216819
0.224832
0.215148
0.225788
0.232344
0.233548
0.230887
0.234226
0.224385
0.231129
0.218474
0.229601
0.231651
0.222108
0.229074
0.228711
0.233549
0.229291
0.225516
0.222550
0.221473
0.229378
0.219301
0.228497
0.227100
0.224289
0.225108
0.229364
0.231936
0.231096
0.228557
0.229105
0.230051
0.229494
0.221627
0.224491
0.226968
0.232209
0.224137
0.225195
0.223163
0.230392
0.227148
0.233444
0.231296
0.225951
0.238418
0.229343
0.226538
0.239295
0.226065
0.233178
0.230084
0.232189
0.232455
0.219990
0.227723
0.231340
0.232186
0.226590
0.227557
0.236454
0.228630
0.228442
0.235344
0.226099
0.227257
0.234374
0.232083
0.229291
0.224493
0.218005
0.231551
0.223442
0.228914
0.224924
0.236847
0.226049
0.226642
0.229423
0.238252
0.221056
0.225968
0.234096
0.227375
0.240933
0.226537
0.224216
0.222104
0.225482
0.230323
0.229632
0.228984
0.230922
0.229460
0.238118
0.226564
0.228150
0.228335
0.228236
0.243826
0.230088
0.225451
0.238733
0.230956
0.233909
0.230706
0.227349
0.231488
0.235070
0.224316
0.228368
0.224597
0.232792
0.225689
0.230653
0.238800
0.234847
0.234322
0.235698
0.228747
0.232782
0.233796
0.230645
0.225991
0.234626
0.225020
0.237465
0.225227
0.235852
0.231880
0.234208
0.233687
0.235574
0.231106
0.230384
0.234832
0.228941
0.235079
0.231669
0.230247
0.241894
0.240766
0.223180
0.229348
0.229047
0.236552
0.225846
0.231831
0.237018
0.227717
0.232417
0.236108
0.233536
0.238430
0.223580
0.233026
0.237214
0.227545
0.241033
0.237855
0.235317
0.235881
0.222917
0.242388
0.229328
0.221269
0.239563
0.231886
0.242700
0.231642
0.239291
0.225884
0.237048
0.223993
0.231712
0.230044
0.234173
0.229503
0.240782
0.231330
0.237223
0.226692
0.239153
0.232534
0.231534
0.230515
0.232610
0.240632
0.246002
0.239644
0.234270
0.225261
0.244443
0.228110
0.237433
0.241204
0.229922
0.240015
0.239884
0.231442
0.229369
0.238452
0.236585
0.228043
0.237100
0.237191
0.234029
0.240532
0.228301
0.241719
0.232269
0.233932
0.242212
0.238742
0.241901
0.236958
0.233211
0.235434
0.237994
0.236088
0.227909
0.246964
0.231859
0.248712
0.231646
0.240814
0.240782
0.237235
0.238463
0.223817
0.226939
0.241756
0.238436
0.241367
0.241646
0.243287
0.235787
0.241222
0.236253
0.236212
0.232566
0.235997
0.237842
0.241233
0.239568
0.245463
0.236893
0.240805
0.237850
0.233414
0.246012
0.238060
0.242894
0.233467
0.234995
0.239673
0.237351
0.234316
0.241435
0.234668
0.236456
0.239368
0.241625
0.233922
0.245179
0.233805
0.239629
0.236708
0.242043
0.237486
0.237905
0.248470
0.240001
0.232436
0.245197
0.232885
0.229143
0.243733
0.230739
0.239607
0.245466
0.243260
0.238051
0.242068
0.235438
0.241684
0.240453
0.239869
0.236568
0.238749
0.231159
0.248761
0.236038
0.239458
0.238837
0.237287
0.248432
0.230104
0.242883
0.241346
0.244130
0.239868
0.245037
0.246337
0.239878
0.239396
0.241092
0.234770
0.239249
0.250301
0.233598
0.237673
0.240522
0.238067
0.244648
0.239506
0.241951
0.240339
0.244414
0.245546
0.240488
0.233473
0.239631
0.236698
0.240966
0.239154
0.231583
0.244394
0.240270
0.240638
0.239474
0.242089
0.243261
0.235619
0.248074
0.252087
0.235337
0.232343
0.245992
0.248641
0.243757
0.252785
0.235856
0.245831
0.232840
0.242870
0.237219
0.242890
0.244809
0.245113
0.253089
0.240935
0.249762
0.235334
0.237328
0.247350
0.232111
0.246941
0.238991
0.248283
0.234425
0.239367
0.239904
0.237152
0.240692
0.243308
0.241110
0.245383
0.249558
0.240200
0.235651
0.246379
0.240773
0.246611
0.241680
0.235786
0.238321
0.233323
0.242182
0.240884
0.244182
0.245800
0.249318
0.242552
0.228365
0.251028
0.240839
0.238394
0.242957
0.247041
0.249052
0.238415
0.250099
0.240023
0.238942
0.237865
0.229627
0.233752
0.238760
0.249440
0.245333
0.240998
0.252892
0.240800
0.241441
0.240679
0.246040
0.236111
0.243098
0.245868
0.244151
0.231912
0.242885
0.242697
0.245658
0.238918
0.239891
0.242864
0.242073
0.245644
0.244928
0.236966
0.246141
0.245329
0.242437
0.240985
0.243113
0.235428
0.243431
0.245237
0.241039
0.236313
0.240055
0.237058
0.241862
0.237149
0.242512
0.240051
0.242857
0.236740
0.249974
0.244723
0.244689
0.231747
0.245291
0.238676
0.242155
0.238350
0.244941
0.238975
0.240016
0.236043
0.243456
0.238837
0.237534
0.242410
0.241724
0.236087
0.242094
0.241724
0.241388
0.250945
0.236516
0.235649
0.244192
0.243386
0.237501
0.247458
0.238686
0.236528
0.231613
0.241208
0.246777
0.234536
0.241973
0.241531
0.240492
0.241687
0.240971
0.239821
0.244592
0.229778
0.251134
0.244172
0.243785
0.245096
0.238378
0.240623
0.239546
0.243670
0.229614
0.239382
0.241784
0.242328
0.250471
0.240597
0.251274
0.236250
0.248640
0.242350
0.241552
0.232281
0.241434
0.243363
0.245352
0.241871
0.236335
0.242026
0.241841
0.234337
0.245844
0.239380
0.249261
0.241216
0.243469
0.240961
0.240769
0.250630
0.234005
0.236700
0.241122
0.240249
0.242964
0.248793
0.237934
0.233996
0.254452
0.238247
0.239021
0.241523
0.247842
0.245762
0.235728
0.242532
0.240377
0.247103
0.250549
0.245617
0.241669
0.243737
0.240335
0.242762
0.244495
0.245311
0.240971
0.250485
0.244179
0.239531
0.247940
0.246909
0.247180
0.236895
0.243446
0.246972
0.245877
0.249942
0.247167
0.238765
0.251185
0.235684
0.248933
0.246309
0.237302
0.241419
0.237869
0.243323
0.242194
0.244940
0.246709
0.237394
0.244347
0.239882
0.250316
0.249232
0.248975
0.242215
0.246153
0.242923
0.237711
0.250660
0.241285
0.242529
0.246574
0.245677
0.242416
0.246171
0.239797
0.247739
0.242854
0.240323
0.249723
0.243731
0.242525
0.245344
0.246755
0.243190
0.243054
0.241829
0.246578
0.245270
0.245374
0.239064
0.246955
0.237892
0.246715
0.246428
0.248145
0.242121
0.248267
0.241126
0.239194
0.249527
0.241986
0.242274
0.243630
0.244006
0.241989
0.237752
0.247644
0.238494
0.246025
0.231833
0.247969
0.247249
0.238048
0.234773
0.239567
0.247201
0.240453
0.247562
0.244881
0.241296
0.243024
0.248371
0.247605
0.241803
0.237275
0.243051
0.240005
0.241675
0.235954
0.237374
0.239756
0.244656
0.250390
0.250125
0.243572
0.242819
0.249119
0.248227
0.249090
0.243737
0.238250
0.238218
0.247371
0.241436
0.238254
0.236340
0.243171
0.249323
0.246326
0.242075
0.249009
0.247767
0.249705
0.243975
0.253095
0.241789
0.245247
0.248656
0.243951
0.248714
0.239796
0.251586
0.243898
0.245973
0.246806
0.245422
0.241280
0.240855
0.243224
0.238761
0.244495
0.245063
0.243232
0.242680
0.248991
0.252206
0.251232
0.250860
0.241291
0.248586
0.249613
0.230507
0.250107
0.242121
0.245390
0.243959
0.240527
0.253180
0.236888
0.257395
0.247175
0.245647
0.254793
0.251091
0.246859
0.242203
0.237123
0.242883
0.251687
0.244957
0.242469
0.243645
0.242066
0.247106
0.248701
0.246379
0.240121
0.246955
0.241393
0.246902
0.243759
0.240082
0.247092
0.243018
0.245428
0.236595
0.248942
0.246947
0.243584
0.245220
0.246639
0.244015
0.246555
0.246542
0.243897
0.243770
0.246946
0.242498
0.254516
0.238517
0.239856
0.250469
0.249883
0.240583
0.244904
0.253783
0.246228
0.237656
0.249801
0.248924
0.246975
0.242018
0.239263
0.249639
0.240113
0.251217
0.241189
0.249060
0.246215
0.254290
0.246126
0.243872
0.241454
0.246576
0.246451
0.246479
0.239161
0.245429
0.249305
0.243276
0.243341
0.244978
0.247543
0.250333
0.250153
0.247099
0.250185
0.242982
0.252013
0.237405
0.240259
0.247283
0.248501
0.249885
0.248377
0.243061
0.239985
0.242119
0.239362
0.247325
0.243497
0.250633
0.248904
0.241333
0.257824
0.242672
0.258282
0.249758
0.251566
0.243048
0.248616
0.244328
0.239591
0.247625
0.253635
0.233278
0.251805
0.245400
0.249139
0.246761
0.248415
0.245214
0.256419
0.254599
0.245190
0.241542
0.238366
0.240895
0.243542
0.243868
0.245459
0.237513
0.235783
0.243471
0.244277
0.241655
0.249984
0.243715
0.249886
0.247173
0.248856
0.244472
0.256826
0.245728
0.250723
0.249546
0.238097
0.234443
0.243328
0.240246
0.247022
0.244016
0.250524
0.249428
0.249694
0.254217
0.239029
0.246078
0.244612
0.243047
0.252969
0.246589
0.245203
0.251233
0.237617
0.248761
0.245239
0.244908
0.241870
0.244920
0.246922
0.257896
0.238041
0.245370
0.247733
0.236404
0.256070
0.233570
0.246504
0.237384
0.241309
0.257194
0.245704
0.254694
0.242059
0.244365
0.237895
0.235651
0.243139
0.246617
0.260797
0.249355
0.244049
0.248714
0.243345
0.246520
0.244823
0.251202
0.246386
0.253722
0.247091
0.250584
0.251086
0.237264
0.247802
0.244213
0.239160
0.248859
0.232466
0.252669
0.250362
0.251218
0.252296
0.237620
0.247479
0.246753
0.240305
0.243742
0.242841
0.248215
0.249546
0.253022
0.250579
0.242359
0.249954
0.241035
0.249869
0.245600
0.251012
0.242012
0.240477
0.236237
0.249865
0.246392
0.253027
0.248381
0.241406
0.253624
0.255901
0.246313
0.248326
0.240758
0.249484
0.243186
0.237932
0.242847
0.254836
0.248535
0.245015
0.257950
0.246064
0.250309
0.255448
0.244619
0.256968
0.250026
0.243680
0.249911
0.247180
0.232794
0.242436
0.252670
0.250277
0.254453
0.236290
0.249881
0.254964
0.245621
0.253287
0.251986
0.253544
0.242762
0.254501
0.250521
0.234925
0.248128
0.254688
0.246533
0.247483
0.241202
0.248933
0.247622
0.253398
0.251020
0.248312
0.255139
0.246201
0.247175
0.248034
0.251591
0.249735
0.252398
0.255228
0.239501
0.243647
0.246007
0.249507
0.243032
0.243859
0.253432
0.251125
0.254923
0.251296
0.249698
0.257453
0.254180
0.252382
0.249969
0.245539
0.252893
0.247024
0.247988
0.249414
0.254831
0.238014
0.249484
0.246607
0.239761
0.249801
0.257604
0.243829
0.246006
0.250593
0.243386
0.240389
0.255746
0.259596
0.247961
0.251449
0.255203
0.245680
0.244263
0.253436
0.248235
0.253588
0.254705
0.250741
0.255498
0.240881
0.245705
0.246501
0.249743
0.248726
0.248325
0.252561
0.246541
0.249221
0.245364
0.253932
0.247606
0.248985
0.252175
0.258949
0.245317
0.249677
0.246255
0.257634
0.252671
0.251991
0.245677
0.252773
0.253833
0.237157
0.248964
0.244602
0.242427
0.253720
0.246076
0.251671
0.248441
0.261713
0.244266
0.256682
0.255500
0.249046
0.250805
0.249773
0.246986
0.250779
0.247070
0.238960
0.246752
0.245471
0.249868
0.243407
0.253937
0.251961
0.250969
0.243703
0.251171
0.250890
0.252531
0.254964
0.245888
0.250503
0.246709
0.245883
0.256497
0.246254
0.255525
0.255992
0.249609
0.242499
0.241107
0.248709
0.240848
0.251001
0.248903
0.254664
0.257035
0.255286
0.248277
0.257574
0.248044
0.250567
0.242288
0.247090
0.245047
0.254960
0.250840
0.248438
0.254491
0.250918
0.248433
0.249743
0.249087
0.257428
0.248662
0.256078
0.253595
0.247136
0.252222
0.241466
0.252083
0.252898
0.241348
0.248058
0.239189
0.257059
0.244065
0.252835
0.253659
0.239737
0.258309
0.247674
0.252935
0.261709
0.248043
0.254516
0.255468
0.253701
0.248494
0.258180
0.257509
0.248697
0.249455
0.242397
0.253805
0.249380
0.243171
0.246949
0.257259
0.250970
0.249904
0.256445
0.250252
0.250209
0.256013
0.247241
0.245246
0.251619
0.252463
0.240805
0.255448
0.246089
0.249546
0.255647
0.250271
0.244199
0.255789
0.253253
0.247581
0.253171
0.250693
0.258542
0.253871
0.243550
0.255965
0.246831
0.252312
0.249403
0.241219
0.244258
0.257438
0.249836
0.249947
0.251677
0.253273
0.261848
0.250977
0.249427
0.257573
0.249314
0.251864
0.253852
0.261969
0.238959
0.255584
0.248192
0.248996
0.260005
0.246816
0.258891
0.240908
0.260824
0.250956
0.253800
0.252139
0.261334
0.246423
0.258207
0.247886
0.250947
0.256117
0.248398
0.250058
0.256582
0.242971
0.249318
0.251050
0.249315
0.250843
0.241647
0.254529
0.250457
0.251786
0.262427
0.257790
0.250056
0.241700
0.262717
0.251811
0.249615
0.249517
0.243408
0.254216
0.256158
0.251203
0.249362
0.255402
0.250700
0.248487
0.250724
0.257511
0.259224
0.244437
0.249430
0.248742
0.246222
0.257085
0.252863
0.262672
0.241894
0.255903
0.250296
0.251818
0.246159
0.256285
0.256062
0.252287
0.257233
0.254165
0.246773
0.253707
0.253752
0.252366
0.255889
0.242943
0.253686
0.237557
0.254924
0.244239
0.253907
0.249246
0.249169
0.250068
0.253426
0.250686
0.254569
0.255491
0.243050
0.257377
0.245389
0.253832
0.247833
0.253499
0.250030
0.255879
0.250604
0.257940
0.252575
0.253173
0.253077
0.256851
0.254085
0.264258
0.246773
0.245422
0.264632
0.247363
0.258475
0.251740
0.249649
0.254083
0.244722
0.255201
0.253162
0.259740
0.261214
0.252370
0.258435
0.256952
0.253974
0.258111
0.250981
0.259712
0.261111
0.262095
0.250733
0.256464
0.252298
0.248969
0.247785
0.249988
0.257717
0.249261
0.257587
0.254482
0.254042
0.248658
0.266751
0.267060
0.252137
0.253962
0.255789
0.260758
0.255494
0.245734
0.247017
0.252501
0.251146
0.253148
0.256221
0.267750
0.261107
0.260134
0.255987
0.249589
0.254965
0.252848
0.258293
0.249555
0.260258
0.259602
0.254608
0.254074
0.254709
0.257858
0.252724
0.246834
0.256346
0.248643
0.267704
0.248234
0.255162
0.261654
0.251920
0.260492
0.253468
0.256303
0.254398
0.260421
0.250570
0.257288
0.249976
0.253994
0.255976
0.258552
0.257338
0.251355
0.260991
0.262258
0.256851
0.252658
0.260695
0.259712
0.251523
0.254528
0.250383
0.246290
0.258035
0.259895
0.253023
0.252244
0.254110
0.252591
0.259840
0.253530
0.257556
0.250405
0.261484
0.253686
0.263309
0.254953
0.248018
0.260875
0.256890
0.256698
0.260991
0.261619
0.254950
0.257274
0.250710
0.261745
0.255281
0.256816
0.258465
0.261108
0.251049
0.248477
0.243540
0.260130
0.251911
0.255586
0.251723
0.247282
0.256572
0.245761
0.249840
0.251073
0.258334
0.259738
0.251138
0.254622
0.249506
0.257991
0.261994
0.252925
0.257641
0.263064
0.253039
0.251595
0.245684
0.250803
0.257440
0.243691
0.257021
0.258972
0.252042
0.257920
0.254020
0.252868
0.259228
0.247991
0.241925
0.248480
0.256616
0.253600
0.262951
0.264477
0.262342
0.261077
0.255410
0.240820
0.252021
0.254824
0.252854
0.258744
0.266752
0.262211
0.245519
0.254894
0.258024
0.253950
0.255054
0.243461
0.254398
0.256054
0.247069
0.259086
0.257610
0.252555
0.250659
0.259138
0.254380
0.258868
0.259219
0.247694
0.259148
0.260208
0.249454
0.257567
0.261823
